"SBS1"	"SBS2"	"SBS3"	"SBS4"	"SBS5"	"SBS6"	"SBS7a"	"SBS7b"	"SBS7c"	"SBS7d"	"SBS8"	"SBS9"	"SBS10a"	"SBS10b"	"SBS10c"	"SBS10d"	"SBS11"	"SBS12"	"SBS13"	"SBS14"	"SBS15"	"SBS16"	"SBS17a"	"SBS17b"	"SBS18"	"SBS19"	"SBS20"	"SBS21"	"SBS22a"	"SBS22b"	"SBS23"	"SBS24"	"SBS25"	"SBS26"	"SBS27"	"SBS28"	"SBS29"	"SBS30"	"SBS31"	"SBS32"	"SBS33"	"SBS34"	"SBS35"	"SBS36"	"SBS37"	"SBS38"	"SBS39"	"SBS40a"	"SBS40b"	"SBS40c"	"SBS41"	"SBS42"	"SBS43"	"SBS44"	"SBS45"	"SBS46"	"SBS47"	"SBS48"	"SBS49"	"SBS50"	"SBS51"	"SBS52"	"SBS53"	"SBS54"	"SBS55"	"SBS56"	"SBS57"	"SBS58"	"SBS59"	"SBS60"	"SBS84"	"SBS85"	"SBS86"	"SBS87"	"SBS88"	"SBS89"	"SBS90"	"SBS91"	"SBS92"	"SBS93"	"SBS94"	"SBS95"	"SBS96"	"SBS97"	"SBS98"	"SBS99"
0	0	0	0	0	0	0	0	0	0	0.0503091531316872	0	0.0413439658346382	0	0	0	0	0.208579407565243	0.0669571790829355	0	0	0	0.0297895183506736	0	0	0.135318285150017	0	0	0	0	0	0	0	0	0	0	0	0	0	0	0	0	0	0	0	0	0	0	0	2.20149184071416e-08	0	0	0	0	0	0	0	0	0	0	0.0803188628824481	0	0	0	0	0	0.0282968351497964	0	0.0244098310359392	0	0	0	0.0156490516827514	0.0363667832745868	0	0	0	0	0	0	0.282661104844365	0	0	0	0	0
0	0	0	0	0	0	0	0	0	0.0253619265035589	0	0	0	0	0	0	0	0.166428596662597	0	0	0	0.022893614546512	0.0383635003544948	0	0	0.143900571780815	0	0	0	0	0	0.175381079998377	0	0	0	0	0	0	0.0430340602991814	0	0	0	0.0322351770876198	0	0	0	0	0	0	1.56916515323528e-08	0	0	0	0	0	0	0	0	0	0	0.0147974277029814	0	0	0.025697060298228	0	0	0	0	0	0	0	0	0	0	0	0	0	0	0	0	0.311906969073983	0	0	0	0	0
0	0	0	0	0	0	0	0	0	0	0	0	0	0	0	0	0	0	0.0243621444190702	0	0	0.245878510333362	0	0.0517701632217802	0	0.194987228523847	0.141884237853932	0.13187003622161	0	0	0	0	0	0.0263559738591075	0	0	0	0	0	0	0	0.0687917560937508	0	0	0	0.0707011241337353	0	0	0	0	0	0	0	0	0	0	0	0	0	0	0	0	0	0	0	0	0	0	0	0	0	0	0	0	0	0	0	0	0.0265793586157816	0	0	0	0	0.0168194667240232	0	0
0	0	0	0	0	0	0	0.0091112272931502	0	0	0.150015519160778	0	0	0	0	0	0	0	0	0	0	0.152160232851671	0	0.0217396508059468	0	0	0	0	0.0538637972558386	1.43981028688882e-08	0	0	0	0	0.018732873307658	0	0	0	0	0.0830294751732553	0	0.111389842323224	0	0	0	0.056933584042394	0	0	0	1.4801763937652e-08	0	0	0	0.113913910619776	0	0	0	0	0	0.0173973483094081	0	0	0	0.0124998765189421	0	0	0	0	0	0	0.0163433854116748	0	0	0	0	0	0	0	0	0	0	0	0.0820790962370575	0	0	0.10079015148936
0.00599767801996394	0	0	0	0	0	0	0.0637058099140694	0	0	0	0	0	0	0.0447082656796595	0	0	0	0.0837434441795175	0	0.0931568240390631	0.367897150401828	0	0	0	0	0	0	0	0	0	0	0	0	0	0	0	0	0	0	0	0	0.030773734134277	0	0	0	0	0	0	0	0	0	0	0	0	0	0	0	0	0	0.0398263288075383	0	0	0	0	0	0	0.2026908974331	0.0251233592674097	0	0	0	0	0	0.0144322811167669	0	0	0	2.2032007584818e-08	0	0	0	0	0.0279442049747993	0	0
0	0	0	0	0	0	0	0	0	0	0	0	0	0	0	0	0	0.230676291160281	0	0	0	0.0385845852738243	0	0	0	0	0	0	0	0	0	0	0	0	0	0	0	0	0	0.157927425530796	0	0	0	0	0	0	0	0	0	0	0	0.0246380301112287	0	0	0.0676033825514607	0.0487106163888653	0	0	0	0	0	0	0.0994435257040854	0	0	0	0	0	0	0	0	0	0	0	0	0	0	0	0	0	0.332416143279459	0	0	0	0	0
0	0	0	0	0	0	0	0	0	0.0579297890897709	0	0	0	0	0	0	0.01568422483143	0	0.0485211651323883	0	0.0685766161687674	0.0549702631837457	0.0112467211933117	0	0	0	0	0.0411846662570318	0	0.0557872028083207	0	0	0	0	0	0	0	0	0	0	0.0760663289319963	0	0	0	0	0	0	0	0	0	0	0	0	0	0	0	0	0.0133992616828333	0	0	0.104678469423828	0.0405574182801741	0.104106182294166	0	0	0	0	0	0	0	0	0	0	0	0	0	0	0	0.307291674102628	0	1.66196069305073e-08	0	0	0	0	0
0	0	0	0	3.25664062146958e-08	0	0.0764289623027237	0	0	0.0344909582564453	0	0	0	0	0	0	0	0	0	0	0	0.227453207822697	0	0.0222270761409208	0	0	0	0	0	0	0	0	0	0	0	0	0	0	0	0.020246504175146	0	0	0	0	0.0444015608084696	0	0	0	0.203528986257187	0	0	0.159979644613734	0	0.0631534742467336	0	0	0	0	0	0	0	0	0	0	0	0	0	0	0	0.0259178927675753	0	0	0	0	0	0	0.12217170004196	0	0	0	0	0	0	0	0	0
0	0	0	0	0	0	0	0.10229387935925	0	0.0888655760260193	0.0855635538638994	0	0	0	0.214808403068812	0	0.0726034084583306	0	0.0729929518984191	0	0	0.0199489278926691	0.0962678481183431	0	0	0	0	0	0	0	0	0.037026397689994	0	0	0	0	0	0	0	0	0	0	0	0	0	0	0.0501314642255037	0	0	2.45243316152301e-08	0.0487451633968662	0	0	0	0	0	0.0578585458194818	0	0	0	0	0	0	0	0	0	0	0	0	0	0	0.0528938556580795	0	0	0	0	0	0	0	0	0	0	0	0	0	0
0	0	0	0	0	0	0	0	0	0	0	0	0	0	0	0	0	0	0	0	0	0	0	0	0	0	0	0	0	0	0	0	0	0	0	0.0544430042109527	0	0	0	0	0	0	0	0	0	0	0.0500704228009827	0	0	0	0	0	0	0	0	0	0	0	0	0.0160905046731955	0	0	0.0126988525978965	0	0	0	0	0.0922032082528783	0	0	0.0599839513747611	0	0	0.0434250223214562	0	0	0.129167222079008	0	0.250976606426017	0.240831037976138	0	0	0	0.0501101672867146	0	0
0	0	0	0	0	0	0	0	0.140906963260557	0	0	0	0	0	0	0	0	0	0	0	0	0	0	0	0	0.0608429528620496	0	0	0	0	0	0	0	0	0.068045353366773	0	0	0	0	0.205567765606095	0.119990185918734	0	0	0	0	0	0.223387247047515	0	0	1.96876336979203e-08	0	0	0	0	0	0	0	0	0	0	0	0.00854759556443397	0	0	0	0	0.0225853366129511	0	0	0	0	0	0.150126580073257	0	0	0	0	0	0	0	0	0	0	0	0	0
0	0	0	0.021638303164443	0	0	0	0	0	0	0	0	0.0265590103432664	0	0	0	0	0	0	0	0	0.374205502611222	0.0193922184039651	0	0	0.119186821210135	0	0	0	0	0	0	0	0.0270851888461957	0	0	0	0	0	0	0	0	0	0	0	0	0	0	0	0	0	0	0	0	0.0952578702830341	0	0	0	0	0	0	0	0.0311591332166093	0	0.0454620183175467	0	0.0477119377943166	0	0	0	0	0	0.0619242692413323	0	0	0	0	0	0.090556241688025	0	0.0398614848799093	0	0	0	0	0
0	0.0310191514070427	0	0	0	0	0	0	0.095969930821391	0.0334656325389385	0	0	0	0	0	0	0	0	0	0	0	0	0	0.00841393342946085	0	0	0	0	0	0	0	0	0	0	0	0.0418209937405085	0	0	0	0.113255736647984	0	0	0	0	0	0	0	0	0	2.42524573287319e-08	0	0	0	0	0	0.0519102240680683	0	0	0	0	0	0	0.153210404239067	0	0.0599524522341485	0	0	0	0.0249727869437821	0	0	0	0.0751114942856174	0.0390412589334972	0.0775030155179499	0	0	0	0	0.061549166926613	0	0	0	0.132803794013474	0	0
0	0	0.0783632335614936	0.0186753171063976	0	0	0	0	0.0153447680021998	0	0.030289861966945	0	0	0	0	0	0	0	0	0	0	0.0501799380938831	0.0136854288053843	0	0	0	0	0.0888444787145226	0	0.0732759588638792	0	0	0	0	0	0.0106952225025683	0	0	0	0	0	0	0	0	0	0	0	0	0	0	0	0	0	0	0	0	0	0	0	0	0.147659892195059	0	0	0	0	0.027977863922968	0	0	0	0	0	0	0.02521529093274	0.134174597561489	0	0	0.0407116020322283	0	0.0524461029549798	0	0	0	0	0.0796313844283279	0	0.112829058354934
0.122718503699349	0	0	0.074579337074104	2.93254159025408e-08	0	0	0	0	0	0	0	0	0	0	0	0.104523914858868	0.0820192391572606	0	0	0	0.0561883025379438	0	0	0	0	0	0.0591979813904003	0	0	0	0	0	0	0	0	0	0	0	0.0674050675755266	0.0299742861952197	0	0	0	0	0	0.0380260132582625	0	0	0	0	0	0	0	0.0269737866013907	0	0	0	0	0	0	0.0251474752685053	0	0	0	0	0	0	0	0	0.0562223194029219	0	0	0	0.0855470867908846	0	0	0	0	0.0511903098537036	0.073310641746444	0	0	0	0.0469757052637996	0
0.0259590491881795	0	0	0	1.77200332635241e-08	0	0	0.109635705237186	0	0	0	0	0	0.0348994892242187	0	0	0	0	0.0960741152151098	0	0.0144022587275998	0	0	0	0	0	0	0	0	0	0	0	0	0	0	0	0	0	0	0	0	0.0374196025632509	0	0	0	0	0	0	0	0	0	0	0	0	0	0	0	0	0	0	0	0	0.0476935310817749	0.0203936517536016	0	0	0	0	0	0	0.087104082688472	0	0	0.105225837765577	0.0595034365632697	0	0	0	0	0	0.127481085908431	0	0.234208136363296	0	0	0
0	0	0	0	0	0	0.113092614584573	0	0	0	0	0	0	0	0	0	0.0157926525879806	0.0285032752219179	0.119002860204176	0	0	0	0	0	0	0	0	0	0	0	0	0	0	0	0.0727254331010109	0.0596187875079231	0	0	0.166388951935901	0	0	0	0	0	0	0	0	2.71527452081003e-08	0	0	0	0	0.0280922590735497	0	0.0325961325516129	0	0	0	0	0	0	0	0	0	0	0	0	0	0	0	0.156684761916862	0	0	0	0.0434629049944258	0.164039339167322	0	0	0	0	0	0	0	0	0	0
0.0141250684531478	0	0	0	2.84189265667053e-08	0	0	0.0394511306036728	0.0235511815450544	0	0	0	0	0	0	0	0	0	0.0692803830627249	0	0	0.0996216608771214	0.010063935060817	0.0118227971968126	0	0	0.119518547779233	0.0185606851153451	0.0129447772229173	0.0527754180251609	0	0	0	0.122526771322522	0.011654761240608	0.040293260127915	0	0	0	0.0946446561712298	0	0	0	0	0	0	0	0	0	0	0	0	0	0	0	0	0	0	0	0	0	0.0124252158218937	0	0.0113613070200526	0	0	0.124040915083314	0	0	0	0	0	0	0	0	0	0	0	0.0325267358173719	0	0	0	0.0703972445471014	0.0084135194870582	0	0
0	0.0405378217440017	0	0	0	0	0	0	0	0.0737156524349605	0	0	0	0	0.0194431846977791	0	0	0	0	0	0	0	0	0.0100687377955335	0	0.0639330165721427	0.0333151001882008	0	0	0	0	0.172158774118813	0	0	0	0	0	0	0	0	0	0	0	0	0.0420624661078463	0	0	0	0	1.70085949854905e-08	0	0	0	0	0	0	0	0	0	0	0	0	0	0	0	0	0	0	0.0179235060882702	0	0.0201379500682183	0	0	0	0.0452513280667742	0	0	0	0	0.310715324446336	0.150737120662528	0	0	0	0	0
0	0	0	0	2.07023336843726e-08	0	0	0	0	0	0	0	0	0	0	0	0	0	0	0	0	0.0951834302677483	0.0495754459685819	0	0	0	0.105966142378885	0	0	0	0	0.0750466338905096	0	0	0	0	0	0	0	0	0	0	0	0	0	0	0	0	0	0	0	0	0	0	0	0	0	0.0168971139390016	0	0.0881396040594538	0.018493523325499	0	0	0.218383565184464	0	0	0	0	0	0	0.0356054373334704	0	0	0	0	0	0	0	0	0	0	0	0.296709082950053	0	0	0
0	0	0	0	1.68299458152645e-08	0	0	0	0	0	0	0	0	0	0	0	0	0	0.0880543773744142	0	0	0	0	0	0	0	0	0	0	0.0316930426361616	0	0	0	0	0	0	0	0	0	0	0.117246325726698	0	0	0	0.161803329520593	0	0	0	0	0	0.0308120996015871	0	0	0	0	0	0	0	0	0.103945465556103	0	0.0396631642139694	0.0293859850064845	0	0	0	0.157915793714705	0	0	0	0.106315165771539	0	0	0	0	0	0	0	0	0.0281440932339617	0	0	0	0.0208532688653957	0.0841678719484419	0
0	0	0	0	0	0	0	0.0415431962484367	0	0	0	0	0	0	0	0	0	0.0624681818642351	0	0.0985144558550574	0	0.0797356986171784	0.0113579676005723	0	0	0	0	0	0	0	0	0	0	0.0212883167700162	0.0739881778525881	0	0	0	0	0	0	0	0.128616281862676	0	0.0585970455087787	0.059344449997738	0	0	0	0	0	0	0	0	0	0	0	0	0	0	0	0.0499465364997168	0	0	0	0	0	0.240816227317751	0.0178182838613187	0.0406200533430315	0	0	0	0	0	0	0.0153451147866394	0	1.20142656408002e-08	0	0	0	0	0	0	0
0	0	1.71798837420293e-08	0	0	0	0	0	0	0	0	0	0	0	0	0	0	0.0247580353245958	0.00894354452511042	0	0	0.0293079652837095	0	0	0	0	0	0	0	0	0	0	0	0	0	0	0	0	0.0629569996163232	0	0	0	0	0	0	0	0	0	0	0	0	0	0	0	0.0273471020863959	0	0	0	0	0	0	0	0	0.0442881684997935	0	0	0	0.207770130522556	0	0	0	0	0.0421881697380423	0	0	0	0	0	0.108520923350664	0	0.409898589474585	0	0	0	0	0.0340203543983411
0	0.0708409922055158	0	0	0	0	0	0	0	0	0	0	0	0	0	0	0	0	0	0	0	0.0868627764455405	0.0567151588416249	0	0	0.0177644189780392	0	0	0	0	0.0311697443307005	0	0	0	0	0	0	0	0.125379172063986	0	0	0	0	0	0	0.082130987977121	0	0	0	0	0	0	0	0	0	0	0	0	0	0	0.0710631639586433	0	0.0851002343883467	0.0201510272863966	0	0	0.116008941474597	0	0	0	0	0	0.119239333083342	0	0	0	0	0	0.117574048966146	0	0	0	0	0	0	0
0	0.0266381542676991	0	0	0	0	0	0	0.0140918037818498	0	0	0	0	0	0	0	0.157973166241167	0.0187787210407348	0	0	0	0	0	0	0	0	0	0	0	0	0	0.0305493827675892	0	0	0	0	0	0	0	0	0	0	0.0193282057927777	0	0	0	0	0	0	0	0	0	0	0	0.0274412633685632	0	0	0	0	0	0	0	0.0604754400795662	0	0	0	0.042025267529696	0.163112204177566	0.0191548273807917	0	0	0	0.101023582739614	0	0	0	0.0161352068150874	0	0	0	0.303272774017299	0	0	0	0	0
0	0	0	0	2.17980042160225e-08	0.0295641420772913	0	0	0	0	0	0	0.0160124303878186	0	0	0	0	0.0664287991961973	0.102787716117475	0	0	0	0	0.0233490344506764	0	0	0	0.161774031465899	0.0221948127096095	0	0	0.013945772973175	0	0	0	0	0	0	0	0	0	0	0	0	0	0	0	0	0	0	0	0	0	0	0	0	0	0	0	0.0618706126830528	0.185982293860168	0	0	0	0	0	0	0	0	0	0	0	0	0.093466723923417	0.197714343124857	0	0	0	0	0	0	0	0	0.0249092652323583	0	0
0	0.0317779883758417	0	0	0.00474543215298868	0	0	0	0	0	0	0	0	0	0	0	0	0.0962583431833917	0	0	0.28486619829036	0	0.103560145177574	0	0	0	0	0	0	0	0	0	0	0	0	0	0	0	0	0.0864973487140106	0	0	0	0	0	0	0	0	0	0	0	0	0	0	0	0	0	0	0	0	0	0	0	0.0652465092620347	0	0	0	0	0	0	0	0	0	0	0.327048034843799	0	0	0	0	0	0	0	0	0	0	0
0	0	0	0	0	0	0	0	0	0.0397867112402713	0.0918679508314677	0	0.0433228116603958	0	0	0	0	0.0274106502819486	0	0	0	0	0	0	0	0.173315338747553	0	0	0	0	0	0	0	0	0	0	0	0	0.0712928542187905	0.155131161808771	0	0	0	0	0	0.105760707201462	0	0	0	0	0	0	0	0	0	0	0	0	0	0	0	0	0.0687647347915008	0	0	0	0	0	0	0	0	0	0	0	0	0	0	0	0	0.22334705999663	1.92212094843208e-08	0	0	0	0	0
0	0.0151456607661499	0	0	0	0	0	0	0	0	0	0	0.00994955800827535	0	0	0	0	0	0	0	0	0	0.139138992289316	0	0	0	0	0.211413893330401	0	0	0.0216898946568102	0.0649695979284658	0	0	0	0	0	0	0	0	0	0	0.108593058403264	0	0	0	0.0268696773591462	0	0	0	0	0	0	0	0	0	0	0	0	0	0	0	0	0.0340651741597414	0	0	0	0	0	0	0	0	0	0	0	0	0	0	0.36816449309843	0	0	0	0	0	0	0
0	0.0135927695702707	0	0	3.17300742931526e-08	0	0	0	0.0400620135942199	0	0	0	0	0.0231442148056639	0	0	0.0467968944529186	0	0	0.0165049211651306	0	0.245960242810791	0.168972644982871	0	0	0	0	0	0	0	0.0386153073527845	0	0	0	0	0	0	0	0	0	0	0	0	0.0653650898859895	0	0	0	0	0.150260056797107	0	0	0	0	0	0	0	0	0.0247804217946722	0	0	0	0	0	0.0506772750280824	0	0	0	0	0.0197777455174167	0	0	0	0	0	0.0954903705120075	0	0	0	0	0	0	0	0	0	0	0
0	0	0.0133204397677577	0	0	0	0	0	0	0	0.160241378751193	0	0	0	0	0	0	0	0	0	0	0	0.0248744374816968	0.0139653032821598	0	0	0	0	0.0487638222291155	0	0	0	0	0	0	0	0	0.0309216362660313	0	0	0	0	0.0518988674493914	0	0	0	0	0	0	0	0	0	0	0.209985869756827	0.012948155366858	0	0	0	0	0	0	0	0	0	0	0	0	0	0.0190645464056411	0	0	0	0	0.0255317884294308	0	0	0	0	0	0.177916270908192	0	0	0	0.0975025755292743	0	0.113064908376431
0	0	0	0	0	0	0	0	0	0.0983418357244273	0	0	0.0393085601106707	0	0	0	0	0	0	0	0	0	0.0488035802256362	0	0.0548006841314693	0	0	0	0	0.032546575448472	0	0	0	0.0785173863401262	0	0	0	0	0	0.0991463931202105	0	0	0	0	0	0	0	0	0	0.206780549644148	0	0	0	0	0	0	0.10714190969285	0	0	0	0.0152262827133977	0	0.0119963197241449	0.0977193522336517	0	0	0	0	0	0	0	0	0	0.0243049058928603	0.0317925159525354	0	0	0	0	0	0	0	0	0	0	0.0535731490453996
0	0	0.093775257065724	0	0	0	0	0	0	0.0440487782983207	0	0	0.0352259176425231	0.0465619442919846	0	0	0	0.0389096254720188	0	0	0.0571709934314197	0	0	0	0	0	0	0.0539148039772933	0	0	0	0	0	0	0	0	0	0	0	0	0	0	0	0	0	0	0	0	0	0	0	0.135466152267395	0	0	0.0365453746001696	0	0	0	0	0	0	0	0.0770913646956588	0	0	0	0	0	0	0	0	0	0.102998941837019	0	0	0	0	0	0	0.278290846420474	0	0	0	0	0	0
0	0	0	0	0	0	0	0	0	0.0241819361777433	0	0	0	0	0	0	0	0	0	0	0	0	0.0981195625455989	0	0	0.0119129924363637	0	0	0.0436990614208955	0	0	0	0	0	0	0	0	0	0	0	0	0.00840337255117165	0	0	0	0.105532115283925	0	0	0	0	0	0	0	0.153078839412707	0.015795642484611	0	0	0	0	0	0.151896933749418	0.00739065677290528	0	0	0	0	0.133401215383536	0.0197430381071271	0	0	0	0	0	0.109654913462378	0	0.0223404095541648	0	0	0	0	0.00733474476426666	0	0	0.0875145658931874	0	0
0	0.0167381051885431	0.196324201019349	0	0	0	0	0	0	0	0	0	0	0.0182145335043891	0	0	0	0	0	0	0	0.046027826706107	0.022810612614017	0	0	0	0	0.0148759967988528	0	0	0	0	0	0.146798866967494	0	0	0	0	0	0	0	0	0	0	0	0	0	0	0	0	0	0.121216741017162	0	0	0.0175184093617078	0	0	0	0	0	0	0	0	0	0	0	0	0	0.0146358721520621	0.0189662889299974	0	0.0723120991457219	0	0	0	0	0	0	0	0	0.17191186065749	0	0.0746830272008217	0.0469655587362844	0	0
0	0	0.0632115108204026	0	0	0	0.125386881819427	0	0	0	0	0	0	0	0	0	0	0	0	0	0	0	0	0	0	0	0	0.183845937154507	0.038317247255821	0	0	0	0	0.0499235354836973	0	0	0	0	0	0	0	0	0	0	0	0	0.0915232759169285	0	0.0835648860193987	0	0	0.144648296082838	0	0	0	0	0	0	0	0	0	0	0.0393929614373996	0.0461198982351598	0	0	0	0	0.0547712703235484	0	0	0	0.0792942994508719	0	0	0	0	0	0	0	0	0	0	0	0	0
0.0574964956327544	0.00911640370008116	0	0	0	0	0.00843810601353095	0	0	0.00749272558995993	0	0	0	0	0	0	0	0	0	0.0196588023486287	0	0.170880995531916	0	0	0	0.0737749215029737	0	0.0231598948795249	0	0	0	0	0	0.0164002261504326	0	0.0136829164743705	0	0	0.239816884950448	0	0	0.00783007460616317	0.0213735747424873	0	0	0	0	0	0	0.0854910917276224	0	0	0	0	0	0	0	0	0	0	0	0.00740857814463582	0	0	0	0.0371162999342124	0	0	0	0	0	0	0	0	0	0	0.0490699679548114	0	0	0	0	0	0.151792040115447	0	0	0
0	0.0255280695574575	0	0	0	0	0	0	0.0173510569120499	0	0	0	0	0	0	0	0	0	0	0	0	0.130745256475244	0	0.011508734176356	0.184170279059239	0	0	0	0	0	0	0	0	0	0	0	0.0400400132916359	0	0	0	0.0809142449102875	0	0	0	0	0	0	0	0	0	0	0	0	0	0	0	0	0	0	0.167254587438107	0	0.055609726940391	0	0	0	0	0	0	0	0	0	0	0.0253580804795285	0	0.124545350465047	0	0	0	0	0	0.136974600294657	0	0	0	0	0
0	0	0	0	0	0	0.0160667474230642	0.0274764476402881	0.0220151693810677	0	0	0	0	0.0105367002744542	0	0	0	0	0	0	0.025055372518709	0.0461981153989807	0	0	0	0	0	0	0	0	0	0	0	0	0	0	0	0	0.0453294513694636	0	0	0	0	0	0	0	0	0	0	3.11686680769686e-08	0	0	0	0	0.105868818790413	0	0	0	0.0109434855851252	0	0	0.0415068911795242	0	0.0833163923187341	0	0	0	0.120008489645722	0	0.0208724907127395	0	0.0853473307937872	0	0	0	0	0	0	0	0	0	0	0.0448867343622632	0.182925934123662	0	0.111645397313335
0	0	2.98396800368641e-08	0	0	0	0	0	0	0	0	0	0	0	0	0	0	0	0	0	0	0	0.0280253822210452	0	0	0	0.0197170569475801	0	0	0	0.0324157388821358	0	0	0.0213856634434105	0	0	0	0	0.178580423150323	0	0.107218190795705	0	0.0828712894175217	0	0	0	0	0	0	0	0	0	0	0	0	0	0	0.0215598960617623	0.020269176276354	0	0	0	0	0	0	0	0	0	0.0211907764720788	0	0	0	0.178305430284727	0	0	0	0	0	0	0	0.288460946207677	0	0	0	0	0
0	0	0	0	1.81789317856088e-08	0.0771287891578813	0	0	0	0	0	0	0	0	0	0	0	0	0	0	0	0.137288270796421	0.0665721568254964	0	0	0	0	0	0	0	0	0	0.305188872708204	0	0	0	0	0	0	0	0	0	0	0	0	0	0	0	0	0	0	0	0	0	0	0	0	0	0.033459768152026	0.0209687483803515	0	0	0	0.0151308444473794	0	0	0	0	0	0	0.151403306392295	0	0.031757251972371	0.0339694834627213	0.047636893281477	0	0	0	0	0	0.0694233517247173	0	0	0.0100722445197269	0	0
0	0	0	0	0	0	0	0	0	0.0226663222718199	0	0	0	0	0	0	0	0	0	0	0	0	0.049423572202583	0.0603943941182908	0	0	0	0.0756776096643577	0	0	0	0	0	0	0	0	0.0378977442803851	0.032850457464359	0	0	0	0	0	0	0	0	0	0	0	0	0	0	0	0.118223715085644	0	0.00130514824748562	0	0	0	0	0	0.0478178999983259	0	0	0	0	0	0	0	0	0	0	0	0	0	0	0	0	0.499251942929386	0	0	0	0	0	0	0.0544911937373631
0	0	1.66988719039423e-08	0.110552779647743	0	0	0	0	0	0.0716314550578995	0	0	0	0	0	0	0	0.322705278558241	0	0	0	0	0	0	0	0	0	0	0	0	0	0	0	0	0	0	0	0	0	0.0240533302869588	0	0	0	0	0	0.0605845840581963	0	0	0	0	0	0	0	0	0	0	0	0	0	0.0541527280608982	0.142230217732386	0	0.0338735292524607	0.063111868410427	0	0	0	0	0	0	0	0	0	0	0	0	0	0	0	0.117104212235918	0	0	0	0	0	0
0	0	0	0	0	0	0	0	0	0	0	0	0	0	0	0	0.02022810741366	0	0	0.0790264019833953	0	0.187287836935385	0	0.117792534764985	0	0	0.126108637087923	0	0	0	0	0	0	0.110141464443833	0	0	0	0	0	0	0	0	0.0950255602317601	0	0	0	0	0	0	2.49242234962184e-08	0	0.0674767995945253	0	0	0	0	0	0	0	0	0	0	0	0	0	0	0	0	0.0277992995397454	0.023589266403212	0	0	0.0509032238471708	0	0	0	0.0494351918221459	0	0	0	0	0	0	0.0451856510080362	0	0
0	0	0.164592940865837	0	0	0.0444527886783062	0	0	0	0	0	0	0	0.00959065254732797	0	0	0	0	0	0	0	0	0.0577517431110416	0.0170192485075541	0	0	0	0.0179814694587735	0	0	0	0	0	0.101810885755201	0.0225981179470779	0	0	0	0.030694874672942	0	0	0	0.0328970322435127	0	0	0.0148889271523462	0.219086028562493	0	0	0	0	0	0	0.132286964683656	0	0	0	0	0	0	0	0	0	0	0	0	0	0	0	0	0	0	0	0	0	0	0	0	0	0	0	0	0	0.0222394271525082	0.0745380543567283	0.0375708443046941
0	0	0	0	0	0	0	0	0	0	0	0	0.0200743922293848	0	0.0505176366261723	0	0.0177036634466617	0	0	0	0	0.082332238012356	0	0.0192605171606352	0	0	0.0763166589888419	0	0	0	0.046629991231348	0	0	0	0	0	0	0	0.212257766092014	0	0	0	0.217758027919145	0	0	0	0	0	0	0	0	0	0	0	0.0253658114198149	0	0	0	0	0	0	0	0	0.0379886698463384	0	0	0	0	0	0	0	0	0	0	0	0	0	0	0.144710162207929	0	0	0	0	0	0	0.0490844648193586
0.0443760476864101	0	0	0	0	0	0	0	0.0816294568682325	0	0	0	0	0	0	0	0	0	0	0	0.0709586997706306	0.105936983896358	0.0124168141240015	0	0	0.138078630727385	0	0.0551483500490931	0	0	0	0	0	0	0	0	0	0	0.277191042355518	0	0	0	0	0	0	0.0310594520528506	0	0	0	0	0	0	0	0	0	0	0	0.0168393457444573	0	0	0	0	0.144970314927497	0	0	0	0	0	0.018806307864424	0	0	0	0	0	0	0	0	0	0.00258855393314142	0	0	0	0	0	0	0
0	0	0	0	0	0	0	0	0	0	0	0	0	0.00924393730226	0	0	0	0	0	0	0	0.181885232426273	0.00583824352734263	0	0	0	0.192478869545734	0	0	0	0	0.0680932280937241	0	0	0	0	0	0	0.0306634551465776	0	0	0	0.117333650038046	0	0	0	0	0	0	0	0	0	0	0	0	0	0	0	0	0	0	0.122158431166548	0	0.0379487825189196	0	0	0.0970194645693403	0	0	0	0	0	0	0	0	0	0	0	0	0	0.137336705665234	0	0	0	0	0
0	0	0	0	2.31859303135657e-08	0	0	0	0.0111106826642576	0	0	0	0	0	0	0	0	0	0	0.0248410802137943	0	0.25378527629541	0.0240238887502135	0.0607144035027927	0	0	0	0	0.0409993078209906	0	0	0	0	0	0	0	0	0	0	0.0575650384900849	0	0	0	0	0	0.0789547127162342	0	0	0	0	0	0	0	0	0	0	0	0	0	0	0	0	0	0	0	0.0990614442025003	0	0	0	0	0.0703607622901754	0	0.0994977565531985	0.019597746787954	0	0	0	0	0	0	0	0	0	0.159487876526464	0	0
0	0.0233412098439347	0.156442789582672	0	0	0	0	0	0.0983400409961667	0	0	0	0	0.0206877283124593	0	0	0	0	0	0	0	0	0	0.0527408198370612	0	0	0	0	0.0214236249806471	0	0	0	0	0	0.107188218135924	0	0	0	0	0.0216592921013763	0.0992943655901429	0	0	0.0236425640591881	0	0.00826255389176039	0	0	0	0	0	0	0	0	0.170331178506055	0	0	0	0	0	0	0.0477067330824721	0	0.017803151929984	0	0	0	0	0	0	0	0	0.0260845704525919	0	0.0889372942193072	0	0	0	0	0	0	0	0	0.0161138644782571	0	0
0	0.0156900843318081	0	0	0	0	0	0.0183539730790344	0.0291805474901224	0	0	0	0	0	0	0	0	0	0.202841308337421	0	0	0	0.0164807427868987	0	0	0	0	0	0	0	0.0686666650979211	0	0	0	0	0	0	0	0	0	0	0	0	0	0	0	0	0	0	2.86265525852542e-08	0	0.0616484908142356	0	0	0.091617744085439	0	0	0.0197188017800808	0.00673035405272291	0	0	0	0	0.104633537418766	0	0	0.180017543737016	0	0	0	0.0374163248431323	0.121841967473416	0	0.0251618860454333	0	0	0	0	0	0	0	0	0	0	0	0
0	0.0608316216450046	0	0	0	0	0	0	0	0	0	0	0	0	0	0	0	0.0399124058186015	0	0	0	0	0	0	0	0	0.0181446119921525	0	0	0	0	0	0	0	0	0	0	0	0	0	0	0	0	0	0	0	0	0	0	0	0	0	0	0.0656861407602205	0	0	0	0.0419772830021044	0	0.0218988817876325	0	0	0	0	0	0	0	0	0	0	0	0	0	0	0.101178682711487	0	0	0	0	0	0.650370372282797	0	0	0	0	0
0	0	0.0752639059036343	0	0	0	0.0311777275180461	0	0	0	0	0	0	0	0	0	0	0.0650179618940482	0	0	0	0.0316876269656654	0	0	0	0.0800400061883327	0	0	0	0	0	0	0.33333277414131	0	0	0	0	0	0	0	0	0.0620204557174275	0	0	0	0.0188944301584985	0	0	0	0	0	0.0479563974380166	0	0	0	0	0	0	0	0	0	0	0.0565412494417966	0	0	0	0.140247835612784	0	0.0146433373785664	0	0	0	0	0	0	0	0.0238655974497165	0	0	0	0	0	0	0	0	0.0193106941921572
0	0	0	0	2.50468425047824e-08	0.0521087243431514	0	0	0	0	0	0	0	0	0	0	0	0	0	0	0	0.0300589057648409	0	0	0	0.163791967396348	0	0	0	0	0	0	0	0.0446585962115955	0.0273049641073768	0	0	0	0.102092898042798	0	0	0	0	0	0	0	0	0	0	0	0	0	0.0210711016034788	0	0	0.0704618019010299	0	0	0	0	0	0.0650986869887515	0	0	0	0	0	0	0.0649514504328323	0.0144795155312043	0	0	0.116080926535165	0	0.138799575163943	0	0	0	0	0	0.0477230795196339	0	0	0	0.0413177814110085	0
0	0	0.338908210988607	0	0	0	0	0	0.074528350619038	0	0	0	0.0120189622160335	0	0	0	0	0	0	0	0	0	0.0660860780948975	0	0	0	0	0	0	0	0	0	0	0	0	0	0	0	0	0	0	0	0	0	0	0	0	0	0	0	0	0	0	0.142340458321598	0	0	0	0	0	0	0	0	0	0.0371127728150125	0	0	0	0.0487084174115237	0.0218266086157316	0	0.147897343022217	0	0.0570875978296577	0	0	0.0534852000656832	0	0	0	0	0	0	0	0	0	0
0	0	0	0.103002040840066	2.85801825207604e-08	0	0	0	0	0.0519088563053935	0	0	0	0	0	0	0	0	0	0	0	0.1565634784238	0	0	0	0	0	0.178668905320464	0	0	0	0.0412610980532297	0	0	0	0	0	0	0	0	0	0	0	0	0	0	0.0793548782572066	0	0	0	0	0	0	0	0	0	0	0.0238023084665779	0	0	0	0	0	0.0855038240178086	0	0	0	0.0328869021934711	0	0	0.0725253086053504	0	0	0	0	0	0	0	0	0	0	0	0.0440404395737592	0	0.0139271744879511	0.116554756874739
0	0	0	0.160547899295532	0	0	0	0	0.0188384746658111	0	0	0	0.00930575019292278	0	0	0	0	0	0	0	0.0196956206941686	0.167080295521722	0.035086114858172	0.0503870104024073	0.103377633089269	0.117532203922178	0	0	0	0	0	0	0	0	0	0	0	0	0	0	0	0	0	0	0	0	0	1.76823122863743e-08	0	0	0	0	0	0	0.0281280991995387	0	0	0	0.0163180678795974	0	0.211447421848345	0	0	0	0	0	0	0	0	0	0	0	0	0	0	0	0	0	0	0	0	0	0	0.0622553907480242	0	0
0	0	0	0	0	0	0	0.0484252827264024	0	0	0	0	0.0441527224793724	0	0	0.0166710586762172	0	0.184562688159186	0	0	0	0	0	0	0	0.0115711171388906	0	0	0.110367309125785	0	0	0	0	0.0258904584773059	0	0	0	0	0	0	0	0	0	0	0	0	0	0	0	0.200931538673289	0	0	0.0730841749171482	0	0	0	0	0	0	0.0297595629851308	0	0	0.0903615827100776	0.0750154921371769	0	0	0	0	0	0	0	0	0	0	0	0	0.0206599776829385	0	0.0685470341110799	0	0	0	0	0	0	0
0	0	0	0	0	0	0	0	0	0	0	0	0	0	0	0	0	0	0	0	0	0	0	0	0	0.0356868501446001	0	0	0.0615829582160392	0	0	0	0	0.0568437121567988	0	0.0915611761029016	0	0	0.123518803523633	0	0	0	0	0	0.104947593142702	0	0	0	0	3.42886318548363e-08	0	0	0	0	0	0	0	0	0	0	0	0	0	0	0	0	0	0.0251194910139341	0	0	0	0	0	0	0	0	0	0	0.356178872245702	0	0	0	0.144560509165057	0	0	0
0	0.0447657011063955	0	0	2.52240041094574e-08	0	0	0	0.03936107413623	0.0697586779434085	0	0	0	0	0	0	0	0	0	0	0	0.091028838061557	0	0	0	0	0	0	0.0614820793082742	0	0	0	0	0	0	0	0	0.12932030532006	0.0388425562601728	0	0	0	0	0	0	0.0543785081390995	0	0	0	0	0	0.0976954220526298	0	0.0172348603683907	0	0	0	0	0.0158685930110634	0	0	0	0.0617400221555844	0	0	0	0	0	0	0	0	0	0	0	0.0856591885440266	0.192864148369103	0	0	0	0	0	0	0	0	0	0
0	0	1.48096188622984e-08	0	0	0.0965751343626414	0	0	0	0	0.330345864319547	0	0	0.00944934327791833	0	0.0143084063694445	0	0	0	0	0	0	0.0589576539416113	0	0	0	0	0.0207101651220937	0.0252055482243536	0	0	0	0	0	0	0	0	0.0689218145638513	0	0	0	0	0	0	0.0778902846240707	0	0	0	0	0	0	0	0	0	0	0	0	0	0	0.0258448043605785	0.0817726721230055	0	0	0	0	0	0.129063046915851	0	0	0	0	0	0	0	0	0	0	0	0	0	0	0	0.0531624669886501	0.00779277999676467	0	0
0.0844974884743973	0	0	0	0	0	0	0	0.047005623551569	0	0	0	0.0215409071538772	0	0	0	0	0	0.103453444902409	0.00978467968334587	0.0158566932653922	0	0	0	0	0	0	0	0.0126552447174252	0	0	0	0	0	0	0	0	0	0	0	0	0	0	0.0175028960696749	0	0.0870466448132088	0	1.59411676618345e-08	0	0	0	0.393344374908357	0	0.0849198023414024	0	0	0	0	0	0	0	0	0.0464921625009491	0	0	0	0	0	0	0	0	0	0	0	0	0	0	0	0	0	0	0	0	0.0759000216768239	0	0
0	0	0	0	2.25421369343863e-08	0.0215079149144895	0	0	0	0	0.0818114365685633	0	0	0	0	0	0	0	0	0	0	0.028642214550062	0.0570129373364415	0	0	0	0	0.0211243724413699	0	0	0	0	0	0	0	0	0	0.0601783968084619	0	0.0214000734786725	0	0	0	0	0	0	0	0	0	0	0	0	0	0	0	0	0	0	0	0	0	0	0	0	0	0	0	0.0470805337945157	0	0.0265444052071715	0	0	0	0.130896339390956	0	0	0	0	0.208582006949854	0	0	0	0.0751251534602431	0.0795347186524413	0	0.140559473904621
0	0	0.00444048523646171	0	0	0	0.020077065159643	0	0.051766172235136	0.24262608525462	0	0.0449563905603965	0.131186285367827	0	0	0	0	0	0	0	0	0	0	0	0	0	0	0	0	0	0	0	0	0	0	0	0	0	0	0	0	0	0.173357178398933	0	0	0	0	0	0	0	0	0	0	0	0	0	0	0	0	0	0	0	0	0.105153739035343	0	0	0.0834627824988503	0	0.0697288000684109	0	0	0	0.0732450161843788	0	0	0	0	0	0	0	0	0	0	0	0	0
0	0.0210806935208987	0	0	1.79297606827811e-08	0	0	0	0	0	0	0	0	0.0747946709554599	0	0	0.0664158689705711	0	0	0	0.127498715900026	0.0119702712152437	0.01003748313248	0	0	0	0	0.04857103847409	0.0856665962759552	0	0	0	0	0.0275915159216045	0	0	0	0	0	0.164891373095909	0.0317478944749389	0	0	0	0	0	0	0	0	0	0	0	0	0	0	0	0	0	0	0	0	0	0	0	0	0	0	0.116948147145364	0	0	0	0	0.0497344387255371	0	0	0	0	0	0	0	0	0	0.0778515524292359	0	0.0851997218329254	0
0	0	0	0	2.41897323951676e-08	0	0	0	0.0718400194708809	0	0	0	0	0	0	0	0	0	0	0	0	0.252076840930001	0	0	0	0	0.0380679059131746	0	0	0	0.103769866331055	0	0	0	0	0	0	0	0	0	0	0	0	0	0	0	0	0	0	0	0	0	0	0	0	0	0	0	0.0632493087780942	0.171151761231688	0	0	0	0.127143493655195	0	0	0	0.133934331247034	0	0.0387664482531447	0	0	0	0	0	0	0	0	0	0	0	0	0	0	0	0
0	0	0	0	0	0	0	0	0.0206067265834839	0	0	0	0	0.0257844663085044	0	0	0	0.0227648372731624	0	0	0	0.353714991061838	0	0	0	0	0.0828135159168476	0	0	0	0	0	0	0	0	0	0	0	0.0546766254727686	0	0	0	0.140214418980045	0	0	0	0	0	0	0	0	0	0	0	0	0	0	0	0.0271044180614773	0.017006975736137	0	0	0	0.0202107040087498	0	0	0	0	0	0	0.118967007032434	0	0	0	0	0	0	0	0.037535354049786	0	0	0	0	0.0785999595147663	0	0
0	0.0542404724096671	0	0	0	0	0.0359019467760831	0	0	0	0.127820652123452	0	0	0	0	0	0.039227878082304	0	0	0	0	0	0	0	0	0	0.102896940507933	0	0	0	0	0	0	0	0	0	0	0.0217684607976833	0	0.0466989365172697	0	0	0	0	0	0	0.0412829103439518	2.88883694299776e-08	0	0	0	0	0	0	0	0	0	0	0	0.0382241108918659	0	0.131988328595035	0	0	0	0	0.0220461233526809	0	0	0	0	0.156168220919534	0.12479677383301	0	0	0	0	0	0	0	0	0	0	0.0569382159611616	0	0
0	0.0245650807282539	0	0	0	0	0.013832803677137	0	0	0	0.0327382707077078	0	0	0	0	0	0	0	0	0	0	0.0873580313488781	0.042324612497368	0	0	0.223855558545497	0	0	0	0	0	0	0	0.0557618051727235	0	0	0	0	0	0	0	0	0	0	0	0	0	0	0	2.54122001723767e-08	0	0	0	0	0	0	0	0	0	0	0	0	0	0	0	0	0	0.110423644221689	0	0	0	0	0	0.0377857240240591	0	0	0	0	0	0	0.371354443664487	0	0	0	0	0
0	0	0	0	0	0	0.0265131541813333	0.163533874320571	0.0217376031008338	0	0	0	0	0	0	0	0.0212824053982657	0	0	0	0.0994656829227248	0.190784932966006	0.125748926633133	0.0172899336113195	0	0	0.0526401798259373	0	0	0	0	0	0	0	0	0	0.139524032919374	0	0.0697734102159779	0	0	0	0	0	0	0	0	0	0	2.67932155528286e-08	0	0	0	0	0	0	0	0	0	0	0	0	0	0	0	0	0	0	0	0	0	0	0.0717058371113079	0	0	0	0	0	0	0	0	0	0	0	0	0
0	0	0	0	0	0	0.183838527287695	0	0	0	0	0	0	0	0	0	0	0	0	0	0	0	0	0	0	0	0.150927828869102	0.0459624410321749	0.113251766178803	0	0	0	0	0	0	0	0	0	0	0	0	0	0	0	0	0	0	0	0	0	0	0	0	0.0193474285863483	0	0	0	0	0	0	0	0	0	0	0	0	0.106992179647263	0	0	0	0	0	0	0	0	0	0	0	0	0	0.379679828398614	0	0	0	0	0
0	0	0	0	0	0	0.0458011787623661	0.0276824532749475	0.143415729610626	0	0	0	0	0	0	0	0	0	0	0	0	0	0	0	0	0	0	0	0	0	0	0	0	0	0	0.0160004016480218	0	0.118138579839716	0	0	0	0	0	0	0	0.0327266127985883	0	2.31983671553214e-08	0	0	0	0.063374886567841	0	0.14645981878042	0	0	0	0	0	0	0	0.054752469153978	0.165000180219226	0.100330772121682	0	0.0212158213656368	0	0	0.0145955927935157	0	0	0	0	0.0197696032019772	0	0	0.030735876663091	0	0	0	0	0	0	0	0	0
0	0	0	0	0	0	0	0	0.0612472830669388	0	0	0	0	0	0	0	0	0	0	0	0	0.184945992793451	0.0683998426394114	0	0	0	0	0	0	0	0	0	0	0.17155446637621	0	0	0	0.133870959543455	0	0.0856321002230583	0	0	0	0	0	0	0	0	0	0	0	0	0	0	0	0	0	0.0226042175223716	0	0	0	0	0	0	0	0	0	0.0366247484811178	0	0	0	0	0.110967401861439	0	0	0	0	0	0.0113432814330131	0	0	0	0	0.112809706059533	0	0
0	0	0	0	2.00766461859365e-08	0.0456841570932213	0	0	0	0	0	0	0	0	0	0	0	0	0	0	0.10438980545028	0.0792823567796691	0.022002934769583	0.0186612170292959	0	0	0	0	0	0	0	0	0.230986818107889	0	0	0	0	0	0	0	0	0	0	0	0	0.0570717822892442	0.126238830470682	0	0	0	0	0.042618684840388	0	0	0	0	0	0.0185827999627101	0	0	0.0357943258717527	0	0	0	0	0	0	0	0	0	0.105155016081654	0	0	0	0.10066036389365	0	0	0	0	0	0	0	0	0.012870887283335	0	0
0	0.015535830540568	1.74314638372044e-08	0.0754410126201926	0	0	0	0	0	0	0	0	0	0	0	0	0	0	0	0	0	0	0.00963583206811701	0	0	0	0	0.0344727719176503	0	0	0	0	0	0	0	0.0262206163674543	0	0	0	0	0	0	0	0	0	0	0.118803065486171	0	0	0	0	0	0	0	0	0	0	0	0	0	0	0	0	0.0873629956639827	0.0423388695654208	0	0	0.0925554849992622	0	0	0	0	0	0.0418242992347612	0	0	0	0	0	0	0.371980989080912	0	0	0.0838282150240439	0	0
0	0	0	0	0.309624784239611	0.100898471213774	0.0671812508335812	0	0	0	0	0	0	0.015696307573243	0	0	0	0.0425587318243385	0.0701932982514866	0	0	0	0	0	0	0.053087231146079	0	0	0	0	0	0	0	0	0.024341214206963	0	0	0	0	0	0	0	0	0	0	0	0.0529942945630991	0	0	0	0	0	0	0.0392069722460746	0	0	0	0	0	0	0	0.0102488728410018	0	0.0573377514108296	0	0	0	0	0	0	0	0	0	0	0.0726711334788596	0	0	0	0	0	0.0260753803131201	0	0.0578843058579395	0	0	0
0	0	0	0	0	0	0	0	0	0.0326533481969746	0	0	0.0286800718517064	0	0.127326508828173	0	0	0	0	0	0	0.217321560895115	0	0.00897385757596354	0	0	0	0	0	0	0	0	0	0.05288964852597	0	0	0	0	0.286694229258915	0	0	0	0	0	0	0	0	0	0	0	0	0	0	0	0	0	0	0	0	0	0	0	0	0	0	0	0.126733503626753	0	0.0136626317979478	0	0	0	0	0	0	0	0	0	2.9321662026772e-08	0	0	0	0	0.0818632580414162	0	0.0232013520794034
0	0.0230383291138411	0	0	0	0	0	0	0	0	0	0	0	0.0710798738112287	0	0	0	0	0	0	0	0.0399241168358897	0	0.0456641154476342	0	0.0977495180078467	0	0	0.0341593005746751	0	0	0	0	0	0	0	0	0	0.0599219492824376	0.0844452577158822	0	0	0	0	0	0	0.232768450248159	0	0	1.96579495281744e-08	0	0	0	0	0	0	0	0	0	0	0	0	0.0445001255587605	0	0	0	0	0	0	0	0	0.0838611314594148	0.022256737498262	0	0	0	0	0	0	0	0.160631074788018	0	0	0	0	0
0	0	0	0	0	0	0	0	0	0.10361994348608	0	0	0	0	0	0	0	0	0	0.0931346116939213	0	0.061482103337299	0.0429204933022732	0	0	0.0710490201098381	0.213118594990546	0	0	0	0	0	0	0	0	0	0	0	0	0	0	0	0	0	0	0	0	0	0	1.85532159449399e-08	0	0	0	0	0	0	0	0	0	0	0.0521023446904389	0	0	0	0	0	0.103094760086032	0	0	0	0.0988753997638012	0	0.0308189636064577	0.0456021547760835	0	0	0	0	0	0.0841815916040135	0	0	0	0	0	0
0	0.0142272933164386	0.0942771252990085	0	0	0	0	0	0.0242315184833462	0	0	0	0	0	0	0	0	0	0	0	0	0.141412815276863	0.00839117863939407	0	0	0.129083409944044	0	0	0	0	0	0.126092123873475	0	0	0.0625568133797179	0	0	0	0	0.0251586337318588	0	0	0	0	0	0	0.118845963009597	0	0	0	0	0	0	0	0	0	0	0	0	0	0	0	0	0.0811979902435139	0	0	0	0	0	0	0	0	0	0	0	0	0.0137235766469737	0	0	0	0.109249648023556	0	0	0	0	0.0515519101322137
0	0	0.0881264200714452	0	0	0	0	0.0468003991177871	0	0	0	0	0.0161846892381888	0	0	0.00887470176514716	0	0	0	0.102706229702987	0	0.0567795115873863	0.0114240898248534	0	0	0.0297446290831182	0	0	0	0	0	0	0	0	0	0	0	0	0	0.122787445814951	0	0	0	0	0	0	0.100968355384677	0	0	0	0	0	0	0	0	0	0	0	0.0166693676711398	0	0	0.0470215450247767	0	0	0	0	0	0	0.07175609152481	0	0	0.0466400089211902	0	0.0384062087206541	0	0	0	0	0	0	0.184868270954175	0	0	0.0102420355927139	0	0
0	0	0	0	0	0	0.0426711326856355	0	0	0	0	0	0	0	0	0	0	0	0.0710620369670774	0.127093727223484	0	0	0	0	0	0	0.0528505205177519	0.197628390790389	0	0	0	0.0975333552551027	0	0	0	0.020382457951039	0	0	0	0.0529885809701221	0	0	0	0	0	0	0	0	0	2.0537466263222e-08	0	0	0	0	0	0	0	0	0	0	0	0	0	0.0449831780058223	0	0	0	0	0	0.0244718552661396	0.106612418531896	0	0	0.0821864836945973	0	0	0	0	0	0	0	0	0	0.0795358416034769	0	0
0	0	1.47417411397854e-08	0	0	0	0	0	0	0	0	0	0	0	0	0	0	0	0	0	0.0299147720450192	0	0	0	0	0	0	0	0	0	0	0.092968157325841	0	0.0239508053015596	0	0	0	0	0	0	0	0	0.098298397211347	0	0.111145646940814	0	0	0	0	0	0	0	0	0	0	0	0	0	0	0.0578886754318362	0	0	0.0142885615433848	0	0	0	0	0	0	0	0	0	0	0	0	0	0	0	0.403225119660608	0	0	0	0.0727870718193501	0.0244745773204979	0.037665611966279	0.0333925886917222
0	0	0	0	0	0	0	0	0	0.025190706815582	0	0	0	0	0	0	0	0	0	0.180898811010242	0	0	0	0	0	0.0252705794574751	0.0664941267171529	0	0	0	0	0	0	0	0	0	0	0	0.390502388588815	0	0	0	0	0	0	0	0	0	0	1.31071048927671e-08	0	0	0	0.0305121625393902	0	0	0	0	0.0598528867958265	0	0	0.0481577352593867	0	0.0227886640205865	0	0.0175276430509363	0.086984439813732	0	0	0.0203573777708832	0	0	0	0	0	0	0	0	0	0	0	0	0	0	0	0.0254624650528865
0	0	0	0	1.80530589473348e-08	0.016908086522221	0	0	0	0	0	0	0	0.055775916314945	0	0	0	0.0413295169654946	0	0	0	0	0.0211735992956871	0.0201360463458927	0	0	0	0	0	0	0	0.26498007725346	0	0.133020482177133	0	0	0	0	0	0	0	0	0	0	0	0	0	0	0	0	0	0	0	0	0	0	0	0	0.018658891034125	0.0222033713124918	0.0138817063352109	0	0	0.0138607151495552	0	0	0.0303933191421171	0	0	0	0	0	0	0	0	0	0.0672767684955759	0	0	0	0.0682097275267394	0	0.212191758076292	0	0	0
0	0	0	0	1.67613781774257e-08	0	0	0	0	0	0	0	0	0	0	0	0	0.0405098240444723	0	0	0	0.0897963266634071	0	0	0	0	0	0	0	0	0	0	0	0	0	0	0	0	0	0.0734807993691854	0.0812628082316913	0	0	0	0.124209225971765	0.100917547233723	0	0	0	0	0	0	0	0	0	0	0	0	0	0.0977532593823926	0	0	0	0	0	0	0.0366872339871037	0	0.0592982547914173	0	0	0	0.101840418705956	0	0.0236546177462959	0	0	0	0	0.170589667111212	0	0	0	0	0	0
0	0.0205790191030365	0	0	1.30085188374718e-08	0	0	0	0	0	0	0	0	0	0	0.029513646311901	0	0	0	0	0	0.225009378075667	0.016306584982757	0.035728318751778	0	0	0	0	0.105635765430449	0	0	0	0	0	0	0.079633824176817	0	0	0	0	0	0	0.0961979254260438	0	0	0	0	0	0	0	0	0	0	0	0	0	0	0	0	0.0155887073598767	0	0	0	0	0	0	0.18219930264094	0.0760328530649284	0	0	0	0	0	0	0	0	0	0	0	0.0388579102897619	0	0	0	0	0	0.0787167513775243
0.0491904859184806	0	0	0	0	0	0	0.068725874542051	0	0	0	0	0	0	0	0	0	0	0	0	0	0.0733987443398663	0	0	0	0	0	0	0	0	0	0	0	0	0	0	0	0.0846817077966951	0.226515938885833	0	0	0	0	0	0.212278691211182	0	0	0	0	1.67645743400529e-08	0	0	0	0	0.0390603724110349	0.0724809037921773	0	0	0	0	0.129965806682139	0	0	0	0	0	0	0	0	0	0	0	0	0	0	0	0	0	0	0	0	0	0	0	0	0.0437014576559669
0	0.0506308375083065	0	0	0	0	0	0	0	0	0	0	0.00940857260668414	0	0	0	0	0	0	0	0	0	0	0	0	0	0	0	0	0	0	0	0	0	0	0	0.109864662633086	0	0	0.200090038954042	0	0	0	0	0	0	0	2.51292544075279e-08	0	0	0	0	0	0	0	0	0	0.0150267555335107	0	0.0616659153417206	0.313398855490392	0	0.0199541936916581	0.0408220172691756	0	0	0	0	0	0	0	0	0.111166516077972	0	0	0	0	0	0	0.0679716097641991	0	0	0	0	0	0
0	0	0.0181975801319118	0	0	0	0	0.0471558262820985	0	0.0561826252268791	0	0	0	0	0	0	0	0	0	0	0	0	0	0	0	0	0.068605696327716	0	0.0504740298057216	0	0.100117617383516	0	0	0.112415707489361	0	0	0	0	0	0	0	0	0	0	0	0	0	0	0	0	0	0.0761569009548688	0	0	0	0	0.0303425933453079	0	0	0	0	0.0614244838459172	0.0622765336067048	0	0	0	0	0	0	0	0	0	0.221074828749907	0	0.0235549670078612	0	0	0	0	0	0	0	0	0	0	0.0720206098422292
0	0	0	0	0	0	0	0	0.0799813047985773	0	0	0	0	0.0109982368041273	0	0	0	0	0	0.0535720848986238	0	0.0151061990716181	0	0	0	0.0981361913575013	0.201320653996066	0.0131989366476578	0	0	0	0	0	0	0	0.0470495048614891	0	0	0.190329774891841	0	0.0336348723349651	0	0	0	0	0	0	0	0	1.9602559288609e-08	0	0	0	0	0	0	0	0	0	0.0775084849196596	0	0.0160603648858579	0	0	0	0	0	0	0	0	0	0	0	0.0598359911157434	0	0	0	0	0	0.0903832232509779	0	0	0	0.0128841565627351	0	0
0	0	0	0	0	0	0.0539119575130876	0	0.0150616195981188	0.0788195578630458	0	0	0	0	0	0	0.0908624899979592	0	0	0	0	0.172940446810912	0	0	0	0	0	0	0.0381361806066147	0	0	0.0438529156487862	0	0	0	0	0	0	0.14584166514713	0.0459969183064889	0	0	0	0	0	0	0	0	0	3.4057888280318e-08	0	0.0359668377552439	0	0	0	0	0	0	0	0	0	0	0.0422949800440933	0	0	0	0	0	0	0	0.0710190978684814	0	0.0481471889073441	0	0	0	0.117148109874806	0	0	0	0	0	0	0	0	0
0	0.0338105679532859	0.37730695026484	0	0	0	0	0	0.0180364682779459	0	0	0	0.0401064952075907	0	0	0	0	0	0	0	0	0.105877727545163	0	0	0	0.0392805903357608	0	0	0	0	0	0	0	0	0	0	0	0	0	0	0.0193471719811161	0	0	0	0	0	0	0	0	0	0	0	0	0.260435134377247	0	0	0	0	0	0	0	0	0	0	0	0	0	0	0.0612224958237051	0	0	0	0	0	0	0	0	0	0	0	0	0	0	0	0	0.0445763982333456
0	0.0302072221941284	0	0	0	0	0	0	0.049332127704411	0	0	0	0	0.0688410334575116	0.157074806570769	0	0	0	0	0	0	0.0219373448429254	0.0209453599872751	0.00820934729857229	0	0	0.0902080604247899	0	0	0	0	0	0	0.171378940260253	0.0503569221607453	0	0	0	0	0	0	0	0	0	0	0	0.246586159571118	0	0	0.0294266339157236	0	0	0	0	0	0	0	0	0	0	0	0	0	0.00970395638690825	0	0	0	0	0.030184125634279	0	0	0	0	0	0	0	0	0	0	0	0	0	0	0.0156079595905899	0	0
0	0	0.245141864593362	0	0	0.0177415200883799	0.0403539888883114	0	0	0	0	0	0	0	0	0	0	0.105898536381297	0	0	0	0.0512672178909754	0.0450347390973645	0	0	0.17904888795679	0	0	0.0211246397063209	0	0	0	0	0	0	0.0153317212297025	0.0150136533433735	0	0	0	0	0	0	0	0	0	0	0	0	3.67008126257751e-08	0	0.0564511783060819	0	0	0	0	0	0	0	0.0182208645519984	0	0	0	0	0	0	0	0	0	0	0	0	0	0.106810981697246	0	0	0	0	0	0	0	0	0.082560169567985	0	0	0
0	0	0	0	0	0	0	0.114401070895322	0	0	0	0	0	0	0	0	0.0887494086727054	0	0	0	0.0359156790524836	0.248727593189214	0	0.0264421674835028	0	0	0	0	0	0	0	0	0	0	0	0	0	0	0	0	0.0477326296233196	0	0	0	0	0	0	0	0	0	0	0	0.0123540614627628	0	0	0	0	0.0227862631395277	0	0.132464216080167	0	0	0.0208832450822691	0.0218185171338305	0	0	0	0	0	0.0154543906978454	0	0	0.0164963615977057	0	0	0	0	0	0.00718475634493053	0	0.188589639544415	0	0	0	0	0
0	0	0	0	2.24417422297223e-08	0	0	0	0	0	0	0	0.0429909159585479	0	0	0	0	0	0.0436371007746879	0.10379818815692	0	0.0844292450810068	0	0	0	0	0	0.0227634369146607	0	0	0	0	0	0	0	0	0	0	0	0.0696263662646823	0	0	0	0	0	0	0	0	0	0	0	0	0.0789179203978273	0.0279019313819395	0	0	0	0	0	0	0	0	0.0602119979769576	0	0	0	0	0	0.0307196558474398	0	0.0616655094121801	0	0	0.0930814557894094	0	0	0	0	0.239306695864169	0	0	0	0	0	0	0.0409495577378297
0	0.0366487093273167	0	0	0	0	0	0	0	0	0	0	0	0	0	0	0	0	0	0.0568246286034516	0	0.159298444101787	0.0149038675187718	0	0	0	0.0174306803185202	0	0.0675479075473313	0	0	0	0	0	0	0.018466091118377	0	0.0659552551430795	0	0.0445298356959228	0.130644695492565	0.0746910626207866	0	0	0	0.139779977808227	0.0959589269632863	0	0	2.98151976219306e-08	0	0	0	0	0	0	0	0.0224327267758166	0	0	0	0	0	0	0	0	0.0331832907905649	0	0	0	0.021703870358997	0	0	0	0	0	0	0	0	0	0	0	0	0	0	0
0	0	0	0	0.00499414339868437	0	0	0	0	0	0	0	0	0	0	0	0	0	0.0851146770373415	0	0	0.115060055247369	0	0	0	0	0.0366907800290179	0.142416766350112	0	0	0	0	0	0.0316784577424664	0.117291175116778	0.0129532348095841	0	0.0192589684668791	0	0.0736344984394976	0	0	0	0	0.0866274745998368	0	0.0726445331771935	0	0	0	0	0	0	0	0	0	0	0	0	0	0	0.0108093229800621	0	0	0	0.087130195363918	0	0	0	0	0.0187648414117768	0	0	0	0	0	0	0	0.0849308758294831	0	0	0	0	0	0	0
0	0	0.0571513620813317	0	0	0	0	0	0	0	0	0	0	0	0	0	0	0	0	0	0.0289146587273558	0.0324386179208334	0	0	0	0.0222897430259654	0	0	0	0	0.0751487724001289	0	0	0	0	0.052762897271508	0	0	0	0	0	0	0	0	0	0	0.0635034515454038	0	0	0	0	0	0	0	0	0	0	0	0	0	0	0.0138048336773379	0.0583502422233461	0.0676909550731913	0	0	0	0	0	0	0	0	0.0853052724597465	0	0	0	0.028728497823905	0	0.233611249808496	0	0	0	0.0445307210601364	0	0	0.135768724901314
