"SBS1"	"SBS2"	"SBS3"	"SBS4"	"SBS5"	"SBS6"	"SBS7a"	"SBS7b"	"SBS7c"	"SBS7d"	"SBS8"	"SBS9"	"SBS10a"	"SBS10b"	"SBS10c"	"SBS10d"	"SBS11"	"SBS12"	"SBS13"	"SBS14"	"SBS15"	"SBS16"	"SBS17a"	"SBS17b"	"SBS18"	"SBS19"	"SBS20"	"SBS21"	"SBS22a"	"SBS22b"	"SBS23"	"SBS24"	"SBS25"	"SBS26"	"SBS27"	"SBS28"	"SBS29"	"SBS30"	"SBS31"	"SBS32"	"SBS33"	"SBS34"	"SBS35"	"SBS36"	"SBS37"	"SBS38"	"SBS39"	"SBS40a"	"SBS40b"	"SBS40c"	"SBS41"	"SBS42"	"SBS43"	"SBS44"	"SBS45"	"SBS46"	"SBS47"	"SBS48"	"SBS49"	"SBS50"	"SBS51"	"SBS52"	"SBS53"	"SBS54"	"SBS55"	"SBS56"	"SBS57"	"SBS58"	"SBS59"	"SBS60"	"SBS84"	"SBS85"	"SBS86"	"SBS87"	"SBS88"	"SBS89"	"SBS90"	"SBS91"	"SBS92"	"SBS93"	"SBS94"	"SBS95"	"SBS96"	"SBS97"	"SBS98"	"SBS99"
0.0302464066831109	0.0221620570030203	0	0.155936175790998	0	0	0	0	0	0	0.0788697863534206	0	0.0259542409670921	0.000649896041373488	0	0	0	0.20414731384656	0.0523535774996347	0	0	0	0.0344621855779967	0	0	0.13703279527706	0	0	0	0	0	0	0	0	0	0	0	0	0	0	0.0040422772933735	0.0373574987261008	0	0	0.0373529757820082	0	0	0	0	0	0	0	0	0	0	0	0	0	0	0	0.0279789711221438	0	0	0.00349692589699012	0	0	0.0223106073497941	0	0.0193111194869195	0	0	0	0.0380291153331863	0.0121743089828805	0	0	0	0	0	0	0.0561317649863365	0	0	0	0	0
0	0	0	0	0	0	7.60030977780182e-05	0	0	0.0338902156577994	0	0	0	0	0	0	0	0.113877225349437	0.0047409640172194	0	0	0.0260032404162007	0.0357899758470409	0	0	0.140531909082469	0	0	0	0	0	0.179916959786787	0	0.00796841510999432	0	0	0	0	0.0129644912382018	0	0	0	0.0529996316701957	0	0	0	0.00592074133172588	0	0	0	0	0	0.0103392519659726	0	0	0	0	0	0	0	0.0109891056458098	0	0	0.032279759284138	0	0	0	0	0	0	0	0	0	0	0	0	0	0	0	0	0.269944059594017	0	0.0617680509052139	0	0	0
0	0	0	0	0	0	0	0	0	0	0	0	0	0	0	0	0	0.0400844845678788	0.0299310328088798	0	0	0.223221457797639	0	0.050442771892033	0	0.193360803921652	0.112418770700321	0.110594804448511	0.00397550276955418	0	0	0	0	0.0463388387973014	0	0	0	0	0	0	0	0.0669271180162239	0	0	0	0.0399949941889097	0	0	0	0	0	0	0	0	0.0514490764737272	0	0	0	0	0	0	0	0	0	0	0	0.0093997717098173	0	0.00409404413509307	0	0	0	0	0	0	0	0	0	0	0	0	0	0	0.0177665277724589	0	0
0.00112666042192066	0	0	0	0	0	0	0.00835473497539292	0	0	0.127730299002809	0	0	0	0	0	0	0	0	0	0	0.14883458666176	0	0.0226243247280687	0	0	0	0	0.0735187163381364	0	0	0	0	0	0.0110667424192544	0	0	0	0	0.0776357856069238	0.0218364583143255	0.107012846307003	0	0	0	0.0535204667632799	0	0	0	0	0	0	0	0.0856435362065164	0	0	0	0	0	0.0309702328877046	0	0.00921879157725191	0.000186947942561558	0.00969871782976227	0	0	0	0	0	0	0.0340116373026264	0	0	0	0	0	0	0	0	0	0	0	0.0728438797586746	0	0	0.104164634956027
0.0168686893456697	0	0	0	0	0	0	0.0450709622288619	0	0	0	0	0	0	0	0.018591844016623	0.00457977882954035	0	0.0780754151748115	0	0.0675098517613408	0.346193389588528	0.0056408728028525	0	0	0	0	0	0	0	0	0.00599804323446983	0	0	0	0	0	0.0251281745508996	0	0	0.00815827233731237	0.0302093836418697	0.0555177973220451	0	0.0125677160858426	0	0	0	0	0	0	0	0	0	0	0	0	0	0	0.0197207388395054	0.0339223917593606	0	0	0	0.00103184010717602	0	0	0.164719022428033	0.0246777985730082	0	0	0	0	0	0.0109017364744965	0	0	0	0	0	0	0	0	0.024916280897753	0	0
0	0	0	0	0	0	0	0	0	0.00997459083655275	0	0	0	0.00541530122106042	0	0	0.0128929032841282	0.171134881296983	0.0315256183194102	0	0	0.0530179912625849	0	0	0	0	0	0	0	0.0330440214503964	0	0.0405877957152902	0	0	0	0	0	0.0125268567571253	0	0.144089158713286	0	0	0	0	0	0	0	0	0	0	0	0.00443517175148665	0.027890577343263	0	0.104526627376901	0.0851090760302202	0	0	0.00212070097843364	0	0	0	0.0798205800788437	0.00495351363195788	0	0	0	0	0	0	0	0	0	0	0	0	0.00305857372581938	0	0	0	0.173876060226257	0	0	0	0	0
0	0	0	0	0	0	0	0	0	0.0493828709148194	0.00336887467062822	0	0	0	0	0	0.0185420304042923	0	0.0559261471056592	0	0.0723447696117738	0.102524803741957	0.00981228828847278	0	0	0	0	0.0650566137318205	0.0131744900766046	0.0505288358473301	0	0	0	0	0	0	0	0.0137577845042237	0.0466492027608152	0.00332708023175696	0.0644165827994163	0	0	0	0	0.0173226422057224	0	0	0	0	0	0	0	0	0	0	0	0.0128413692581986	0	0	0.0902412153416677	0.0397655428315659	0.0880403358593686	0.0181756733114366	0	0	0	0	0	0	0	0	0	0	0	0	0	0	0.0917865825750085	0.0487195912947933	0	0	0.0239962947632894	0.000298377869378557	0	0
0	0	0	0	0	0	0.0714742127834517	0	0	0.0226428695845578	0	0	0	0	0	0	0	0	0	0	0	0.202857479019838	0	0.0204293324096841	0	0	0	0	0	0	0	0	0	0.011000835260678	0	0.0127063746453801	0	0	0	0.0378947241761372	0	0.00510934299170349	0	0	0.0641181884803066	0	0.118174844592326	0	0.0730906724408282	0	0	0.14211879372571	0	0.0668034691345836	0	0	0	0	0	0	0	0.0125962356843566	0	0	0.00231717221952185	0	0	0	0	0.0201563085758732	0	0	0	0	0	0	0.116509144275064	0	0	0	0	0	0	0	0	0
0.00874257696788006	0	0	0	0	0	0.0220241905122253	0.035940963802879	0	0.0845686715376253	0.00277437340537713	0	0	0	0.164962651131387	0	0.0980074302180066	0	0.0603048652595261	0	0	0.0357966722771165	0.101528160404761	0	0	0	0	0.00226816673766509	0	0	0	0.052658742188094	0	0	0	0	0	0	0	0	0	0.153661436104698	0.0217395716389845	0	0	0	0.084355980725182	0	0	0	0	0	0	0	0	0	0	0	0	0.0553876860435525	0	0	0.0112022306179762	0.00407563042706318	0	0	0	0	0	0	0	0	0	0	0	0	0	0	0	0	0	0	0	0	0	0
0	0	0	0	0	0	0	0	0	0	0	0	0	0	0	0	0	0	0.00122605156365569	0	0	0.0311231244318499	0.00968460501900805	0	0	0	0	0	0	0	0	0	0	0	0	0.0502118233026607	0	0	0.0224199813121177	0	0.0111216960363212	0.0039468062344457	0	0	0	0	0.0904975891056203	0	0	0	0	0	0	0	0	0	0	0	0	0.0303718649519277	0	0	0.0177341185674783	0	0	0	0	0.074360240478809	0	0	0.0617332474478268	0	0	0.0441330874610538	0	0	0.114133087999583	0	0.163363888345827	0.225156271082651	0	0	0	0.0487825166591653	0	0
0	0	0	0	0	0	0	0	0.118795403658514	0	0	0	0	0.00605700881343903	0	0	0	0	0	0	0	0.0146323734004148	0	0	0	0.0565067282884253	0	0	0	0	0	0	0	0	0.06142429083319	0	0	0	0	0.192827971481781	0.116086576607501	0.0229577536022698	0	0	0	0	0.214384234288306	0	0	0	0	0	0	0	0	0	0	0	0	0	0	0.0122065566104413	0	0	0	0	0.0342220337041674	0	0	0	0	0	0.149899068711552	0	0	0	0	0	0	0	0	0	0	0	0	0
0	0	0	0.0970135493713981	0	0	0	0	0	0	0	0	0.0287638013169651	0	0	0	0	0	0	0	0	0.3191650529518	0.00438909443208875	0	0	0.105543982038313	0	0	0	0	0	0	0	0.0779589778640975	0.00542500526138948	0	0	0	0.00349724577714894	0	0	0	0	0	0	0	0	0	0	0	0	0	0	0.0035887054574593	0	0	0	0	0.0120989294753624	0	0	0	0.037615219677249	0.00339901123278742	0.0333641178274711	0	0.0279179992617506	0	0	0.007457950402085	0	0	0.051751233584664	0	0	0	0	0	0	0	0.155168394704652	0	0	0	0	0.0258817293633193
0.00842294480654585	0.0281350529165597	0	0	0	0	0	0	0.0769710177942572	0.0308654243048961	0	0.0304362782364513	0	0.00706553658713658	0	0	0	0	0	0	0	0	0.0081818039191574	0.0122416667095267	0	0	0	0	0	0	0	0	0	0	0	0.0289665455963498	0	0	0	0.11562391643493	0	0	0	0	0	0.000534002852250138	0	0	0	0	0	0	0	0	0	0.0390763780252594	0	0	0	0	0	0	0.145920721847722	0	0.0599265215215536	0	0	0	0.0254785197148122	0	0	0	0.0804848061699301	0.0174130754717998	0.0862251811305564	0	0	0	0	0.0701163182484686	0	0	0	0.127914287711837	0	0
0	0.00297126474113669	0	0.0338206805135608	0	0	0	0	0	0	0.0916388186666369	0	0.0120587786135592	0.00711545360848648	0	0	0	0.0732570597707066	0.0297135390202692	0	0	0.0438321590681099	0.0113441162165902	0	0	0.0128323210882821	0	0.0638318042023414	0.0377367350257836	0	0	0	0	0	0	0.0180348034569638	0	0	0	0	0.00804438200582886	0	0	0	0	0	0	0	0	0	0	0	0	0	0	0	0	0	0	0	0.137458237139057	0.000178555748945854	0.00135574663555868	0	0	0	0	0	0	0	0	0	0.0192416075527959	0.131089468691046	0	0	0.058114725693823	0	0	0	0	0	0	0.0727876806171821	0	0.133542061923336
0.128353197893276	0	0	0.118224953312904	0	0	0	0	0	0	0	0	0	0	0	0	0.112422494354555	0.136321612674301	0.0175579378378946	0	0	0.0361225066906472	0	0	0	0	0	0.0316610592063073	0	0	0	0	0	0	0	0	0	0	0	0.0669798018849628	0.022087735962165	0.00222914190162941	0	0	0	0	0.0491738549106102	0	0	0	0	0.0199903932279742	0	0	0.0335285857992397	0	0	0	0	0	0	0.0138484498653115	0	0	0.0118123703298031	0	0	0	0	0	0.0326949673134944	0	0	0	0.0938343440251314	0	0	0	0	0.0334144455645303	0	0	0	0.00430650387158831	0.0354356433736744	0
0.0511531481369405	0	0	0	0	0	0.0316669215326863	0.0934606786180211	0	0	0	0	0	0.0202302624496514	0	0	0	0	0.0927588382119742	0	0	0	0.0040074545402228	0	0	0	0	0	0	0	0	0	0	0	0	0.00529440450400911	0	0	0	0	0.00953316726711126	0.0260792002505991	0.00999567443921417	0	0	0.0209058340520557	0	0	0	0	0	0	0.0115283431122412	0	0	0	0	0	0	0	0	0	0.0407212468657898	0.0192979056346371	0	0	0	0	0	0	0.105486702620306	0	0	0.0764496986811436	0.0658913927718701	0	0.0105239624950889	0	0	0	0.0680127035538791	0	0.236150943984709	0	0.000851516277849424	0
0	0	0	0	0	0	0.0971872105203671	0.0178291188548362	0	0	0	0	0	0	0	0	0	0.0390763347590028	0.105187376871852	0	0	0	0	0	0	0	0.0127901785430681	0	0.00176402051134872	0	0	0	0	0	0.0680410809128035	0.0491999726641905	0	0	0.126378410697381	0.0160085681353571	0	0.000434300303296487	0	0	0	0	0	0	0	0	0	0	0.0402553860334773	0	0.0356728992380771	0.00207421436731679	0	0	0	0	0	0	0	0	0	0	0.00950676979260469	0	0	0	0.152022862592393	0	0	0	0.0507083304289096	0.149526528641746	0	0	0	0	0	0	0.0263364361319727	0	0	0
0.016893930212695	0	0	0	0	0	0	0.0355205244865157	0.0363763661111453	0	0	0.0187379712109251	0	0	0	0	0	0	0.0644054818919019	0	0	0.152938965231437	0.0206495370913554	0.0186441506784826	0	0	0.0930838022343651	0.0391650975504843	0.0397602970353092	0	0	0	0	0	0.0242998034700168	0.0273613771200684	0	0	0.00245877027204148	0.099831382483387	0.0978444177935357	0	0	0	0	0	0	0	0	0	0	0	0	0	0.0143917465467979	0	0	0	0	0	0	0.00902774781293865	0	0	0	0	0.126720508259912	0	0	0	0	0	0	0	0	0	0	0	0	0	0	0	0.053614078822045	0.00827404368464065	0	0
0	0.0388591280798268	0	0	0	0	0	0	0	0.049635459156344	0	0	0	0	0	0	0	0.00726747149024683	0	0	0	0.00804746339420315	0	0.013375931894619	0	0.0679572897696813	0.0363591450263507	0	0	0	0	0.164889392225991	0	0	0	0.0114563536990063	0.0414822091929952	0	0	0	0	0.0569944844580358	0	0	0.1325403486745	0	0	0	0	0	0	0	0	0	0	0	0	0	0	0	0	0.00257222402921999	0	0	0	0	0	0	0.0140811087214142	0	0.0220210510565153	0	0.0237293470696218	0	0.00681556939489683	0	0	0	0	0.215698502011661	0.0862175206548705	0	0	0	0	0
0	0	0	0	0	0	0	0	0	0.0148444964376747	0	0	0	0	0	0	0	0	0	0	0	0.0792906071079529	0.0466759973474446	0	0	0	0.0929905217699451	0	0.00637822619613516	0	0	0.0831457657761501	0	0	0	0	0	0	0	0	0	0	0	0	0	0	0	0	0	0	0	0.0330828118067062	0	0	0	0	0	0.0169921076949587	0	0.0891577368143356	0.0206052030159167	0	0	0.188994868414921	0	0	0	0	0	0	0.0258421400348364	0	0.00326888385417476	0	0	0	0	0	0	0	0	0	0.292341283923138	0.00638934980571003	0	0
0	0	0	0	0	0	0.00668554393460589	0	0	0	0	0	0	0	0	0	0	0.00647717514076278	0.082210258484978	0	0.00609847484532553	0	0	0	0	0	0	0	0.0130956687023293	0.0410514116793296	0	0	0	0	0	0	0	0	0	0	0.107298584694496	8.08419496261113e-05	0	0	0.168153237241004	0	0	0	0	0	0	0	0	0	0	0	0	0	0	0.0908530016925127	0	0.0359285821724017	0.030288691991172	0	0.00768163638335584	0	0.134885377483033	0	0	0	0.105974820532089	0	0.00469810384035577	0	0	0	0	0	0	0.054988376914324	0	0	0	0.0167265739866612	0.0868236383316381	0
0.00194906017264791	0.00637793106662637	0	0	0	0	0	0.0446178472803137	0	0	0	0	0	0	0	0	0	0.0714357227919841	0.000299505841728232	0.0728026282684914	0	0.0571838155636487	0.00868093354252726	0	0	0	0	0	0	0	0	0	0	0.0358567224549962	0.0703624947881174	0	0	0	0	0	0	0	0.136240237107829	0	0.0721682869610818	0.0492085502962156	0	0	0	0	0	0	0	0	0.00947495767067506	0	0	0	0	0	0	0.0459663690544237	0	0	0	0	0.0166853882472247	0.206319022373344	0.0243845814523148	0.0354505480706302	0	0	0	0	0	0	0.0207444622951169	0	0	0	0	0	0	0	0	0.0137909347000628
0	0	0	0	0	0	0	0.00334295708621649	0	0	0	0	0	0	0	0	0	0.0606754103270484	0.0118739734067428	0	0	0.0452061226586786	0	0	0	0	0	0	0	0	0	0	0	0	0	0	0	0	0.0963452198612117	0	0	0	0	0	0	0	0	0	0	0	0	0	0	0	0.0506344055110904	0	0	0	0	0.0260504621008338	0.0120653391114864	0	0	0.0473796829339737	0	0	0.0117638381868009	0.178167941940556	0	0	0	0	0.0535378461346588	0	0	0	0	0	0	0	0.324902529236905	0	0	0	0	0.0780542715037967
0	0.0613632141505643	0	0	0	0	0.000586862766017074	0	0	0	0	0	0	0	0	0	0	0	0.0361227358062839	0	0	0.107282894956459	0.0497657702499361	0	0	0.0401969641511108	0	0	0	0	0.0561431593734519	0	0	0.0635242086571128	0	0	0	0	0.100789366875348	0	0	0	0	0	0	0.10850090666596	0	0	0	0	0	0	0	0	0	0	0	0	0	0	0.0988496955830558	0	0.0453410057029304	0.0179254492357647	0	0	0.104785543771381	0	0	0	0	0	0.108822222054624	0	0	0	0	0	0	0	0	0	0	0	0	0
0	0.0276053071113831	0	0.0200514163344131	0	0	0	0	0.0130704319607948	0	0	0	0	0	0	0	0.153468692206075	0.0436496717311108	0.0138854935540016	0	0	0	0	0	0	0	0	0	0	0	0	0.0493024321291222	0	0	0	0	0	0	0	0.0123535769222714	0.00318116195780299	0	0.0397881957145841	0	0.0198692323518168	0	0	0	0	0	0	0	0	0	0.0521571343691892	0	0	0	0	0	0	0	0.0596425794646549	0	0	0	0.0465307950894454	0.138634526203062	0.0188058333651875	0	0	0.0179193495888003	0.0948063981442817	0	0	0	0.0201312417229329	0	0	0	0.15514653007907	0	0	0	0	0
0.0797123578816243	0	0	0	0	0	0	0	0	0	0	0	0.0159793581521793	0	0	0	0	0.0882951160124998	0.0947368647364108	0	0	0	0.00327697997769964	0.0250818601836201	0	0	0	0.139016085684967	0.0378730187958337	0	0	0.034529397607923	0	0	0	0	0	0	0	0	0.0048607131456341	0	0	0	0	0	0	0	0	0	0	0	0	0	0	0	0	0	0	0.0727808617650942	0.164120930445294	0	0	0	0.00815918889532999	0	0	0	0	0	0	0	0	0	0.173136593702547	0	0	0	0	0	0	0	0	0.0237342391263682	0	0.0347064338869752
0	0.0258086912143472	0	0	0	0	0	0	0	0.00158723921629901	0	0	0	0.00653348437930079	0	0	0	0.108025772261935	0	0	0.243552622341575	0	0.0839873428972075	0	0	0	0	0	0	0	0	0	0	0	0	0	0	0	0	0.0996912274468136	0.00472095597501123	0	0	0	0	0	0	0	0	0	0	0	0.00879254666963899	0	0	0	0	0	0	0.00684329310819211	0	0.013599874530539	0	0.0607499461173703	0	0	0	0	0	0	0.011649113230402	0	0	0	0.274196383446997	0	0	0	0	0	0	0	0.0502615071643708	0	0	0
0	0	0	0	0	0	0	0	0	0.0320600770403748	0.13563880836316	0	0.0250729289067074	0	0	0.0161912252815758	0	0.0492926683950071	0.00525481839306742	0	0	0	0	0	0	0.151483589046776	0	0	0	0	0.0125139304473346	0	0	0	0	0	0	0	0.0471851096347727	0.15054389364111	0	0	0	0	0	0.0982587819803457	0	0	0	0	0	0	0	0	0	0	0	0	0	0	0	0	0.0493275120781953	0	0	0	0	0	0	0	0	0	0	0	0	0	0	0	0	0.212829025720652	0	0	0	0	0	0.0143476310709218
0	0.018358002059843	0	0	0	0	0	0	0	0	0	0	0.0114537518359678	0	0	0	0	0	0	0	0	0.0136004482624332	0.124488476732845	0	0	0	0	0.191245716728561	0	0	0.0037276702923154	0.0871918642157925	0	0	0	0	0	0	0.0768752854465982	0	0	0.00839807445537711	0.0520433444602459	0	0	0	0.075873710694697	0	0	0	0	0	0	0	0	0	0	0	0	0	0	0	0	0.0403349215065049	0	0	0	0	0	0	0	0	0	0	0	0	0	0	0.257271723766146	0	0	0	0.00466040420408489	0	0	0.0344766053385884
0.0160984460138052	0.0117158835749938	0	0	0	0	0	0	0.0282703355474061	0	0	0	0	0.0169043523258142	0	0	0.0536432384009993	0	0.00504714378279584	0.0255944180759733	0	0.208313992280552	0.159236431287889	0	0	0	0	0	0	0	0.0361475102816834	0	0	0	0.00809869642196014	0	0.0163118802685169	0	0	0	0	0	0	0.0452210700124313	0	0	0	0	0.171862376079833	0	0	0	0	0	0	0	0	0.0221686770725087	0	0	0	0.00281588692972772	0	0.0517355554091872	0	0	0	0	0.0150485679593585	0	0	0	0	0	0.105765538274565	0	0	0	0	0	0	0	0	0	0	0
0	0.0323806831886332	0	0	0	0.0047287746195433	0	0	0	0	0.176161123306966	0	0.00271709711710534	0	0	0	0	0	0	0	0	0	0.024344283105197	0.0183445970323026	0	1.62272989650843e-05	0	0.0119448912117616	0.0494220206496701	0	0	0	0	0	0	0.00405645039891672	0	0	0	0	0	0	0.0467891700582158	0	0	0	0.0172612706038888	0	0	0	0	0	0	0.195394881290473	0.0116343264262585	0	0	0	0	0	0	0	0	0	0	0	0	0	0.0168085918022255	0	0	0	0	0.032498134255138	0.00296263855742332	0	0	0	0	0.13134311379666	0	0	0	0.0866409676083903	0	0.134550757672265
0.0322665356418907	0	0.00439311996095157	0	0	0	0	0	0	0.0926072453082106	0.0232664090451943	0	0.0438902046233495	0	0	0	0	0	0.0171591318445107	0	0	0.0435782538913981	0.067433779624823	0	0	0	0	0.0258895444252117	0	0.0385847186417392	0	0	0	0	0.00495935323999036	0	0.0380533409003194	0.0313192559239546	0	0.104567722658812	0	0.01745564672354	0	0	0	0	0	0	0	0.00224992952528118	0	0	0	0	0	0	0.0679940765731027	0	0	0	0.0244278419611229	0.00844208585716546	0.0207483171140719	0.140238071988055	0	0	0	0	0	0	0.0335365796918613	0.0158170676770969	0	0	0.0326666801532742	0	0	0	0	0.03870648684971	0	0	0	0	0	0.0297486001553627
0.0145087503794417	0	0	0.0339990178694414	0	0	0	0	0	0.0378550078955593	0	0	0.0257317322102885	0.0421405219726895	0	0	0	0.0846010274328162	0	0	0.0290036629597765	0	0	0	0	0	0.00565550040006103	0.0376285777728246	0	0	0	0	0	0	0	0	0	0	0	0	0	0	0	0	0	0	0	0	0	0	0	0.17581077326344	0	0	0.0324452072679655	0	0	0	0	0.0143568087483275	0.00126155629608482	0	0.0727432831115059	0	0.000978625871321624	0	0	0	0	0	0	0	0.125039072747978	0	0.00457854854113905	0	0	0	0	0.261662325259339	0	0	0	0	0	0
0.0303024560132417	0	0	0	0	0	0	0	0	0.0282078039307062	0	0	0	0	0	0	0	0	0.0152132803025293	0	0	0	0.0940908057715824	0	0	0.0272809723308348	0.00162999820290571	0	0.0425532616009053	0	0	0.00209893924566574	0	0	0	0	0	0	0	0	0	0.0164227072513672	0	0	0	0.100669899231008	0	0	0	0	0	0	0	0.12402166063364	0.0147588854993203	0	0	0	0	0	0.120061363685951	0.00644582119391437	0	0	0	0	0.121615356796801	0.0219017412168004	0	0.00101504398557805	0	0	0.00319373438631802	0.0721591869072531	0	0.0864851626273388	0	0	0	0	0	0	0	0.0698719191863396	0	0
0	0.0171486691899261	0.168892767799026	0	0	0	0	0	0	0	0.0134777821655179	0	0	0.0164924382992608	0	0	0	0.0135954584015893	0	0	0	0.0735090982230777	0.0320955847743082	0	0	0	0	0.057087418314401	0	0	0	0	0	0.0595709513380689	0	0	0	0	0	0	0	0.0294667652363225	0	0	0	0	0	0	0	0	0	0.125991670315771	0	0	0.0294903382353376	0	0	0	0	0	0	0	0	0	0	0	0.0472325696368998	0	0.0159716260284408	0.0200343542489847	0	0	0	0	0	0	0	0	0	0	0.111250805539794	0	0.102004461716788	0.0445088118809651	0	0.0221784286555214
0	0.035845413132059	0	0	0	0	0.077119900179292	0	0	0	0.00485156105587659	0	0	0	0	0	0	0	0.0151995442255151	0	0	0	0.000320159114991648	0	0	0.00197940892992716	0	0.156099860333137	0.0468146425918798	0	0	0	0	0.106092936267031	0	0	0	0	0	0	0	0	0	0	0	0	0.143131273137136	0	0.0746752746806039	0	0	0.168150754578161	0	0	0	0	0	0	0	0	0	0	0.0406646168798658	0.0241762133245427	0	0	0	0	0.0510423134696324	0	0	0	0.0506759345113081	0	0	0	0.00316019358904168	0	0	0	0	0	0	0	0	0
0.0544741950891907	0.00706585103835048	0	0	0	0	0.0160346100246872	0	0	0.00906852392871639	0	0	0	0	0	0	0	0	0	0.0325258327237233	0	0.156670305129924	0.00750257183123129	0	0	0.102340302995405	0	0.00885907171213282	0.0112336675262807	0	0	0.00328067274364717	0	0.0511561766375337	0	0.0184537312405625	0	0	0.17682642531375	0.00843710594361173	0	0.022708022164674	0.0592149017876121	0	0	0	0	0	0	0	0	0	0	0	0	0	0	0	0	0	0	0.0160180588301208	0	0	0	0.0220584901549186	0	0	0	0	0	0	0	0	0	0	0.0358561800606877	0	0	0	0	0	0.18021530312324	0	0	0
0	0.0192657922249714	0	0	0	0	0.0104678318884052	0	0.0231544028069504	0	0	0	0	0	0	0	0.00613886433771267	0	0	0	0	0.116593445992246	0.00765371188464616	0.0146807184491908	0.128654843384971	0	0	0	0	0	0	0	0	0	0.0105421873890718	0	0.0958998016023284	0	0	0	0.0725065558616132	0	0	0	0	0	0	0	0	0	0	0	0	0	0	0	0	0	0	0.142392086650902	0	0.0496919430600891	0	0	0	0	0	0	0	0	0	0	0.0540405084987831	0	0.126702898913711	0	0	0	0	0	0.121614407054408	0	0	0	0	0
0	0	0	0	0	0	0.0300869680203082	0	0.0129845986165031	0.00667089367830231	0	0	0	0.0150557728023399	0	0	0	0	0	0	0.0181485435872765	0.0382132297055757	0.0047904622628329	0	0	0	0	0	0.0013523421214955	0	0	0	0	0	0	0	0	0	0.0757035821879584	0	0	0	0	0	0	0	0.00651452272728594	0	0	0	0	0	0	0	0.0910082566486656	0	0	0	0.0182012572808487	0	0	0.0419161428041936	0	0.0842937611524194	0.0207948799125682	0	0	0.104099573724407	0	0.00912822479557209	0	0.0854027251769454	0	0	0	0	0	0	0	0	0	0	0.0363289498298095	0.165216553251129	0	0.134088759713564
0	0	0	0	0	0	0	0	0	0	0	0	0	0	0	0	0	0	0.0659302182512145	0	0	0	0.0276311837484874	0	0	0	0.0271291623779422	0	0.0189003314933971	0	0.0513925184439938	0	0	0.0455353677908022	0	0	0	0	0.150293382538973	0	0.0853492495326332	0	0.0663660121854486	0	0	0	0	0	0	0	0	0	0	0	0	0	0	0.0165172637265359	0.0245599543666501	0	0	0	0.00396451059972807	0.0115471285935475	0	0	0.00338801111237891	0	0.0247087779189626	0	0	0	0.108981419217668	0	0	0	0	0	0	0	0.267805508101637	0	0	0	0	0
0	0	0	0.0594619282842638	0	0.0772229944906184	0	0	0	0	0.0524199334999268	0	0	0	0	0	0	0	0	0	0	0.120172010545935	0.063979320037266	0	0	0	0	0	0	0	0	0	0.232349682232388	0	0	0.00572018399793998	0	0	0	0	0.0226740943117335	0	0	0	0	0	0	0	0	0	0	0	0	0	0	0	0	0	0.0258015192024161	0.0152402223185578	0.00106021273562336	0	0	0.00245419990445933	0	0	0	0	0	0	0.146832409606276	0	0.0460062787207399	0.0420187841349153	0.0455375276435275	0	0	0	0	0	0	0	0.02808150535352	0.0129671929798928	0	0
0	0.0519112606534766	0	0.0102545002512414	0	0	0	0	0	0.0260600681212029	0	0	0	0	0	0	0	0	0.0205568753166749	0	0	0.00660606186324097	0.050273249529049	0.0537442459562965	0	0	0.0066036712020586	0.0806285276999286	0	0	0	0	0	0	0	0	0.0512605786380429	0	0.0411583977214157	0	0	0.00177051363515022	0	0	0	0	0	0	0	0	0	0	0	0.123358687229555	0	0	0	0	0	0	0	0.0426663663462658	0	0.0219285939690297	0	0	0	0	0	0	0	0	0	0	0	0	0	0.00231698071173733	0.335323810984679	0	0	0	0	0	0	0.0735776101709544
0	0	0	0.151264373406492	0	0	0	0	0	0.0648866276864042	0	0	0	0	0	0	0	0.271622656308846	0	0	0	0	0	0	0	0	0	0.00200803313625947	0	0	0	0	0	0	0	0	0	0	0	0.0250127395869752	0	0	0	0	0	0.0120674344913358	0.0107304137552924	0	0.0371523131894904	0	0	0	0	0	0	0	0	0	0	0.0534450422868511	0.117588670005212	0	0.0654039928714657	0.0654934249384318	0	0	0	0	0	0	0	0	0	0	0	0	0	0	0	0.123324278336943	0	0	0	0	0	0
0	0	0	0	0	0	0	0	0	0	0	0	0	0	0	0	0.0377434141550665	0	0.0282897364323482	0.0420324322138011	0	0.174177574724537	0	0.106562436108549	0	0	0.161369248897151	0	0.0185902210257849	0	0	0	0	0.0961015391487126	0	0	0	0	0	0	0	0	0.0749949403600753	0	0	0	0	0	0	0	0	0.0254800782290275	0	0	0	0	0	0	0	0	0.0197169294881381	0	0	0.00833690909567826	0	0	0	0	0.0419116783730624	0.0191392219930053	0	0.0106047393899682	0.0303428105259193	0	0	0	0.0409221850475465	0	0	0	0	0	0	0.0467816171201987	0	0.0169022876714305
0	0	0	0	0	0.0439613715915975	0	0	0	0	0	0	0	0.011085855691919	0	0	0	0	0	0	0	0	0.0624738871266782	0.0224946768560674	0	0	0.0156969681149418	0.053157824424691	0	0	0	0.0232099107975714	0	0	0.0217882416702464	0	0	0.00254278876698863	0.0660915009027343	0	0	0	0.0244611691909797	0	0	0.021686280202892	0.268441428907311	0	0	0	0	0	0	0.0820100736096489	0	0	0	0	0	0	0	0	0	0.100174536171109	0.0103339146183084	0	0	0.00811396592924029	0	0	0	0	0	0	0.00337280056501608	0	0	0	0	0	0	0	0	0.017530366112833	0.0521923321481467	0.0891801066010788
0	0	0	0	0	0	0	0	0	0	0	0	0.0328445176469484	0	0	0	0.0580934026347385	0	0	0	0	0.102461438089963	0	0.0161619515933232	0	0	0.0618622934109187	0	0	0	0	0	0	0	0	0	0	0	0.253990506563281	0	0	0.0104750114084226	0.16637948140829	0	0	0	0.00720067728268278	0	0	0	0	0	0	0	0.044312339682834	0	0	0	0	0	0	0	0	0.0623923292297021	0	0	0	0	0	0	0	0	0.0130038614225764	0.0120630315631785	0	0	0	0	0	0.0693371823004092	0	0	0	0.0064159313433544	0	0.0830060444193771
0.0531848888244735	0	0	0	0	0	0	0	0.0568820062904853	0	0	0	0	0	0	0	0	0	0	0	0.0404307956443783	0.10187175877918	0.0193915175115208	0	0	0.148239410589169	0	0.0572376024919868	0	0	0	0	0	0	0	0	0	0	0.205427536745677	0	0	0	0	0	0	0.0553660330400162	0.106572688309693	0	0	0	0	0	0	0	0	0	0	0.0170539782086693	0	0	0	0	0.0870252537210487	0.00376552278158732	0	0	0	0	0.0221282045923803	0	0	0	0	0	0	0	0.0187769690191721	0	0	0	0.00664583345056152	0	0	0	0	0
0	0.00582510846798716	0	0	0	0	0	0	0	0	0	0	0	0.0110890612989246	0	0	0	0	0.0296041847613749	0	0	0.140964610995981	0.0109456376646646	0	0	0	0.162397267904288	0	0	0	0	0.0868673485988144	0	0	0	0	0	0	0.0449139952413577	0.00650497329706163	0	0.0181750710766562	0.104755845435989	0	0	0	0	0	0	0	0	0	0	0.0106897825111129	0	0	0	0	0	0	0	0.104663205484785	0	0.0452199998599622	0	0	0.0621936366051163	0	0	0	0	0	0	0	0.0359388307511631	0	0	0	0	0	0.119251440044762	0	0	0	0	0
0.013483607486413	0	0	0	0	0	0	0	0.0194254494244414	0	0	0	0.0427985328586248	0	0	0	0	0	0	0.0405299505167126	0	0.242538740633649	0.023499954560362	0.0551055391225347	0	0	0	0	0.0432225727282612	0	0	0	0	0	0	0	0	0	0	0.0378096731742185	0	0	0	0	0	0.0767201881366059	0.0208483859844997	0	0	0	0	0	0	0	0	0	0	0	0	0	0	0	0	0	0	0.0256204249947224	0	0	0	0	0.088670181790578	0	0.104058166052072	0.0126854987594874	0	0	0	0.0022457602448715	0	0	0	0	0	0.150737373531946	0	0
0	0.0186261775383911	0	0	0	0	0	0	0.0916705388123863	0	0.055971520208759	0	0	0.0170359278832187	0	0	0	0.0117552718184259	0.0114685662363828	0	0	0.0145646975050225	0	0.0513702925287624	0	0	0	0.00304528301714313	0.0266907035710339	0	0	0.0182004367321026	0	0	0.100363673602549	0	0	0	0	0.0338426638153108	0.0934492322287068	0	0.00565043015637571	0.0177030366692745	0	0.0208418873201725	0	0	0	0	0	0.00267148473909002	0	0	0.14473329920515	0	0	0	0	0	0	0.0384266159133059	0	0.0239866680974333	0	0	0	0	0	0	0	0.00796005622495465	0.0495307562404625	0	0.0831245888027898	0.0139348964368251	0	0	0	0	0	0	0.0183718318015577	0.025009462894414	0	0
0.0141956306099681	0.0191652230879277	0	0	0	0	0	0.0174014773151378	0.0366927848597411	0	0	0	0	0	0	0	0.00961731943334893	0.00840339921490654	0.183741254587496	0	0	0	0.0166186980623222	0	0	0	0.00521833180474896	0	0	0	0.062794202573591	0	0	0.033220223741336	0	0	0	0	0	0	0	0.0675294736223935	0	0	0	0	0	0	0	0	0	0.0463217399012984	0.00140296712400946	0	0.0764084078488505	0	0	0.0173000908468386	0.0106265541290486	0	0.0110599302374728	0	0	0.0925992125592071	0	0	0.16755130179761	0	0	0	0.0386321508604392	0	0	0.009346892159166	0.0224603001143934	0	0	0	0	0	0.017616874699867	0	0	0	0	0.0140755588088811
0	0.0598459354487864	0	0	0	0	0	0	0	0	0.019751553320606	0	0	0	0	0	0	0.0503586546059856	0	0	0	0	0	0	0	0	0.0375084698372123	0	0	0	0	0	0	0	0	0	0	0	0	0	0	0	0	0	0	0	0	0	0	0	0	0	0	0.0262175273565329	0	0	0	0.0403246548120803	0	0.0241952638126838	0.00851300836032386	0	0	0.0185030722895498	0	0	0	0	0	0	0.0152562529145253	0	0	0	0.0987731593129159	0	0	0	0	0	0.600752447928798	0	0	0	0	0
0	0.0174604310408921	0.126242050359526	0	0	0	0.0148664026902021	0	0	0	0	0	0	0	0	0	0	0.0723250122577276	0	0	0	0.0268093015604503	0	0	0	0.0539248258146727	0	0	0.0196318370028879	0	0	0	0.255867689402375	0	0	0	0	0	0	0	0	0.0596330372213514	0	0	0	0.0315120891833869	0	0	0	0	0	0.0662950978330793	0.007740404741862	0	0	0	0	0	0	0	0	0	0.0314818155965158	0	0	0	0.141698332341178	0	0.0165600518083222	0	0	0	0	0	0	0	0.0188834411127208	0	0	0	0	0	0	0.0143855967151379	0	0.0246825833177129
0	0	0	0	0	0.0356761432756366	0	0	0	0	0	0	0	0	0	0	0	0	0	0	0	0.0276469815487126	0.0158623351909147	0	0	0.170470427164554	0	0.0672071240358158	0	0	0	0	0	0	0.0322025661727839	0	0	0	0.0655200402877592	0	0.0258320092335884	0	0	0	0	0	0	0	0	0	0	0	0.0127800462139319	0	0	0	0	0	0.0137276653330506	0	0	0.0526241608696029	0	0.0372650807060552	0	0	0	0	0.0581916041482697	0.0172573659810729	0	0	0.126451686873673	0	0.134193023377371	0	0	0	0	0	0.0719151275338503	0	0	0	0.0351766120533575	0
0	0	0	0	0	0	0	0	0.0712671021271477	0	0.0484062158162795	0	0.00766239580826727	0	0	0	0	0.0418493967608848	0.00317240956376925	0	0	0	0.0594131453018323	0	0	0	0	0	0	0	0	0	0	0	0	0	0	0	0	0	0.0154661346907465	0	0	0	0	0	0.0979970436751618	0	0	0	0	0	0	0.0855195523355035	0.0162662672695792	0	0	0	0	0	0	0	0	0.0339733664291029	0	0	0	0.0387107066769287	0.0210844327139338	0	0.182145718727067	0	0.0552240096800293	0	0	0.141342694212623	0	0	0	0.0398704790059247	0.0406289292052183	0	0	0	0	0
0.0138651715600297	0	0	0.0712948963062629	0	0	0	0	0	0.0459955646654183	0	0	0	0	0	0	0	0	0	0	0	0.168335649008212	0	0	0	0	0	0.17356615075513	0	0	0	0.0515790725393255	0	0	0	0	0	0	0	0	0	0.0366622197930881	0	0	0	0	0.074259934075484	0	0	0	0	0.00912761312765709	0	0	0	0	0	0.0227817806261885	0.00861609403250991	0	0	0	0	0.0824800774875301	0.0198573913383207	0	0	0.0218556002988399	0	0	0.0799028468718951	0	0	0	0	0	0	0	0	0.0143522689396616	0	0	0	0.00197751671375243	0.00338469393238628	0.100105457928309
0	0	0	0.156741781165743	0	0	0.00508133772730694	0	0.0263525505790999	0	0	0	0.00922367614084267	0	0	0	0	0	0.0297954393420595	0	0.0244472438401239	0.151545192360847	0.0310683355800753	0.0458840102757969	0.0790591977620834	0.116372221351691	0	0	0	0	0	0	0	0	0	0	0	0	0	0	0	0	0	0	0	0	0	0	0	0	0	0	0	0	0.0292167675404063	0	0	0	0.0156261176880325	0	0.199797756142336	0	0	0	0	0	0	0	0.00703015989495882	0	0	0	0	0	0	0	0	0	0	0.0240450918717925	0	0	0	0.0487131207368035	0	0
0	0.00114579651235282	0	0	0	0	0	0.0471141197340013	0	0	0	0	0.0306699471475157	0	0	0.031356166419756	0	0.093252305436364	0	0	0	0	0	0	0	0.0155422049843585	0	0	0.111614933903339	0	0	0	0	0.0764034816706206	0	0	0	0	0	0	0.0066394629243629	0	0	0	0.0516512693044379	0	0	0	0	0.16011919171104	0	0	0.0597675709542491	0	0	0	0	0	0	0.0393459512798031	0	0	0.0894780025440176	0.0677844027860215	0.0056981226086263	0	0	0.00193048735683805	0	0	0	0	0	0	0	0	0.0253688050487872	0.00212292195447805	0.0584587358096744	0.0222658427791258	0	0	0	0.00227027713023019	0	0
0	0	0	0	0	0	0	0	0	0	0	0	0	0	0	0	0	0	0	0	0	0.0259763619326553	0	0	0	0.0720159979201016	0	0	0.0655538812298501	0	0	0	0	0.0905635311161858	0	0.0802512229946759	0	0	0.102962204335785	0	0	0.0196384488829088	0	0	0.0792967219242199	0	0	0	0	0	0	0	0	0	0	0	0	0	0	0	0	0	0	0.0124972245504757	0.0143023638733994	0	0	0.0306466703832794	0	0	0	0	0	0	0	0	0	0	0.212907194162202	0.0398893937336857	0	0	0.110108834253069	0	0.0433899487075057	0
0	0.0473365676235723	0	0	0	0.00348207477677801	0	0	0.0326079252387842	0.0650466540601353	0	0	0	0	0	0	0	0	0	0	0	0.0856622867587711	0	0	0	0	0	0.0133192795157793	0.0335230320558136	0	0	0	0	0	0	0	0	0.096842221873445	0.0261794659669109	0	0	0	0.0585287697457038	0	0	0.00351585524748534	0	0	0	0	0	0.0666224749615339	0	0.038399409415735	0	0	0	0	0.0187539512363589	0	0.00826503097900119	0	0.0897374712316012	0	0	0	0	0	0	0	0	0	0	0	0.0749801012366651	0.237197428075926	0	0	0	0	0	0	0	0	0	0
0	0.0236247969100448	0	0	0	0.0817508136476845	0	0	0.0066607210127522	0	0.294558747266653	0	9.08938752564943e-05	0.00552563029338886	0	0.013169544697349	0	0	0	0	0.015120357559964	0	0.0587258613561911	0	0	0	0	0.0193252959622596	0.0368889809632513	0	0	0.00928692211966216	0	0	0.000695203374290231	0	0	0.0419854917136478	0	0	0.0199891749867626	0	0	0	0.0733117775572941	0	0	0	0	0	0	0	0	0	0	0	0	0	0	0.0267718071529525	0.0741851397579192	0	0	0	0	0	0.123522603076734	0	0	0	0	0	0	0	0.00822672001250152	0	0	0.00590129783526657	0	0	0	0	0.049166780910912	0.0115154379572626	0	0
0.0695458119187444	0	0	0	0	0	0	0	0.0529545141807737	0	0	0	0.0129607724299303	0	0	0	0	0	0.0977031995566957	0.0625273676098472	0.0358609949133791	0	0	0	0	0	0	0.00524037230536637	0.0175142133607348	0	0	0	0	0	0	0	0	0	0	0	0.00109675573575421	0	0	0.00572651918637154	0	0.0121541959935131	0	0	0	0	0	0.369087090184566	0	0.0326711197110615	0	0	0	0	0	0	0	0.00732699232646446	0.110505623484441	0.0162991594181245	0.00148603078087563	0	0	0	0	0	0	0	0	0	0	0	0	0	0	0	0	0	0	0.0686111009916913	0	0.0207281659116657
0	0	0	0	0	0	0	0	0	0	0.117774909029312	0	0	0	0	0	0	0	0.020733554897819	0	0	0.100056174033614	0.0563371127434675	0	0	0	0	0.0448517137146389	0	0	0	0	0	0	0.00881033331949318	0	0	0.0963541398456039	0	0.030025960924558	0	0	0	0	0	0	0	0	0	0	0	0	0	0.0326385269040298	0	0	0	0	0	0	0	0	0.0101874411879593	0	0	0	0	0.030530011399333	0	0.0241195936578234	0	0	0	0.151077183743475	0	0	0	0	0.0116572843362892	0	0	0	0.063531734839916	0.0827114716412105	0	0.118602853781457
0	0	0	0	0	0	0.0212390858210759	0	0.0438927797357007	0.214485044455386	0	0.0503511011262144	0.116807357545832	0	0	0	0	0	0	0	0	0	0.00946544642240488	0	0	0	0	0	0	0	0	0	0	0	0	0	0.0180963525347527	0	0	0	0.0931522656055443	0	0.165043698637444	0	0.0175145824732945	0	0	0	0	0	0	0	0	0	0	0	0	0	0	0	0	0	0	0.030001976217021	0	0	0.0803270074266862	0	0.0576145665475203	0	0	0	0.0820087354511242	0	0	0	0	0	0	0	0	0	0	0	0	0
0	0.0268912040623425	0	0	0	0	0	0	0	0	0	0	0	0.0694572273374628	0	0	0.0726493529008501	0	0	0	0.121378212217234	0.0179026518426352	0.0121831319935014	0	0	0	0	0.04399984936851	0.083730320832425	0	0	0	0	0.0215994980082222	0	0.00441548284288056	0	0	0	0.14935673995803	0.0362691858136157	0	0	0	0.0220299019434874	0	0	0	0	0	0	0	0	0	0	0	0	0	0	0	0	0	0	0	0.0233033396362921	0	0	0.0780843637792865	0	0	0.0019589069819072	0	0.0606603051224338	0	0	0	0	0	0	0	0	0	0.0593226858119592	0	0.094807639546925	0
0	0	0	0	0	0	0	0	0.080391460969944	0	0	0	0	0	0	0	0	0	0	0	0	0.221089332331716	0	0	0	0	0.0331018093269214	0	0	0	0.0690254585572988	0	0	0	0	0	0	0	0.00561211012996194	0	0	0	0	0	0	0	0	0	0	0	0	0.0512248381344152	0	0	0	0	0	0	0.0584203654234236	0.163503949187622	0	0	0	0.12233229686188	0.0356328494155568	0	0	0.12965907667899	0	0.0187534214283068	0.00676299957555413	0	0	0	0	0	0	0	0	0	0	0	0	0.00449003197840851	0	0
0.0181364190337215	0	0	0	0	0	0	0	0.0214174646160552	0	0	0	0	0.0210221816371842	0	0	0	0.0551331978006658	0	0	0	0.334613981191168	0	0	0	0	0.0718058686559665	0	0	0	0	0	0	0	0	0	0	0	0.0630811672536992	0	0	0	0.130683518314358	0	0	0	0	0	0	0	0	0.0311706067604524	0	0	0	0	0	0	0.0293387621870724	0.0265806173721099	0	0	0	0.0176207508726558	0	0	0	0	0	0	0.101049440821086	0	0	0	0	0	0	0	0	0	0	0	0	0.078346023483805	0	0
0	0.0382688235141957	0	0	0	0	0.0528742307796326	0	0	0	0.156238110740461	0	0	0	0	0	0.0347271515716111	0	0	0	0	0	0	0	0	0	0.0808256993461715	0	0	0	0	0	0	0	0	0	0	0.0182499600723794	0	0.0461077915549097	0	0	0	0	0	0	0.131402242830494	0	0	0	0	0	0	0	0	0	0	0	0	0.0062348621700126	0.0235954459854116	0.122839528043636	0	0	0	0	0.0299408532878344	0	0	0	0	0.119491065452346	0.0823097248128528	0	0	0	0	0	0	0	0	0	0	0.0568945098380521	0	0
0.0197599643960388	0.0320003131092019	0.00151375357959119	0.1253667332031	0	0	0.0113860645579941	0	0	0.00129542691973289	0.0401120880639303	0	0	0.00399957439873819	0	0	0	0	0	0	0	0.0961246823697705	0.0451565718683109	0	0	0.220307381380503	0	0	0	0	0	0	0	0.0610685084912549	0	0	0	0	0.00782149334438347	0	0	0	0	0	0	0	0.0549983925265542	0	0	0	0	0	0	0	0	0	0	0	0	0	0	0	0	0.00317725231509974	0	0	0.017896195613009	0.0644028717422334	0	0	0	0	0	0.022198914908743	0	0	0	0	0	0	0.171413817211811	0	0	0	0	0
0	0	0	0	0	0	0.0192712361473283	0.163075492130149	0.0215313253161453	0	0	0	0	0	0	0	0.0171674064007189	0	0.0226305335102974	0	0.0939559561153704	0.166665709765553	0.115836154238475	0.0202153920224676	0	0	0.0546616264376216	0.000261553873234031	0	0	0	0.0341404611873745	0	0	0	0	0.11136388552638	0	0.0583342723378841	0	0	0.0337322348876744	0	0	0	0	0	0	0	0	0	0	0	0	0	0	0	0	0	0	0	0	0	0	0	0	0	0	0	0	0	0	0.0630422166965139	0	0.00411454340681217	0	0	0	0	0	0	0	0	0	0	0
0	0.0155969926259868	0	0	0	0	0.148339633109449	0	0.011514012122728	0	0	0	0	0	0	0	0	0.0118937716793224	0.0314500202342773	0	0	0	0	0	0	0	0.141704809098114	0.0488920134275455	0.0999204590615829	0	0	0	0	0	0.0135546795809115	0	0	0	0	0	0	0	0	0	0.0324963852919331	0	0	0	0	0	0	0	0	0.0102177275608708	0	0	0	0	0	0	0	0	0	0	0	0	0.0879468417435183	0	0	0	0	0	0	0	0	0	0.00448747191096668	0	0	0	0.341985182552794	0	0	0	0	0
0	0	0	0	0	0.00773166961458076	0.0517990991457238	0.0198793278425565	0.14014675390632	0	0	0	0	0	0	0.0185252256845931	0	0	0.015918858745866	0	0	0	0	0	0	0	0	0	0.0199489275897806	0	0	0	0	0	0	0.0162293991344938	0	0.0953304274139258	0	0	0	0.00958284500831471	0	0	0	0.0310058290183952	0	0	0	0	0	0.063804729095729	0	0.111293822620232	0	0	0	0	0	0	0	0.0440063146370139	0.143557148155408	0.0959847735727414	0	0.00598282951612911	0	0	0.0173600695579291	0	0	0	0	0.0282084365353132	0	0	0.0136600621069011	0	0	0	0	0	0.0169838368713387	0	0	0.0330596142267143
0.0346484761803868	0	0	0	0	0	0	0	0.0548378526535483	0	0	0	0	0.00118883585499651	0	0	0	0	0.0119672128087613	0	0	0.162035400919974	0.0598344579356086	0	0	0	0	0	0.0189606900158128	0	0	0	0	0.141438720300158	0	0	0	0.0957139507084743	0	0.0901469469949498	0	0	0	0	0	0	0.0406030360536968	0	0	0	0	0	0	0.0144148568989671	0	0	0	0.019825545124561	0	0	0	0	0	0.0149599117552596	0	0	0	0.0372285789687953	0	0	0	0	0.0744911904698887	0	0	0	0	0	0	0	0	0	0	0.111304687941563	0	0.0163996484145981
0	0	0	0	0	0.0931958875368923	0	0	0	0	0	0	0	0	0	0	0	0	0	0	0.0464375898413534	0.0591564665519184	0.0260618826936745	0.0203437225877692	0	0	0	0	0.0202169276285122	0	0	0	0.133500080661529	0	0	0	0.0131538955660536	0	0	0	0	0	0	0	0	0.0428558607139651	0.176582218622697	0	0	0	0	0.0753858835810685	0	0	0	0	0	0.0180544036713508	0	0.00451791333487895	0.0338160944656025	0	0.0147826844674834	0.0129304544450863	0	0	0	0	0	0	0.0583305055657963	0	0	0	0.0991658497813174	0.0380256501319864	0	0	0	0	0	0	0	0.0134860281510642	0	0
0	0.0200424176860549	0	0.0905964541453472	0	0	0	0	0.00104410855983936	0.00104310041045123	0	0	0	0	0	0	0	0	0	0	0	0	0.00622462347200451	0	0	0	0.00756311525920124	0.0272700611187199	0	0	0	0	0	0.0415426806064725	0	0.0281151093384021	0	0	0	0	0	0	0	0	0	0	0.154655038943684	0	0	0	0	0	0.0238782864483999	0	0	0	0	0	0	0	0	0	0	0.0555607211409149	0.0258277545730717	0	0	0.076524500341534	0	0.000384179010257157	0	0	0	0.0304960644672518	0	0	0	0	0	0	0.319413626918813	0	0	0.0861858531886474	0.00363230437093291	0
0.0257195194093504	0	0	0	0	0.0412692071768869	0.0809225916667585	0	0	0	0	0	0	0.02378782381971	0	0	0	0.06176300888041	0.0548621359716868	0	0	0.040130271958652	0	0	0	0.0769606143291203	0	0	0	0	0	0	0	0	0.0196626615375386	0.00350341379686785	0	0	0	0	0	0	0	0	0	0	0.149258035302619	0	0	0	0	0	0	0.117151544125651	0	0.0121375484621239	0	0	0	0	0	0.0130040830691143	0	0.0633539027279317	0	0	0	0	0	0	0	0	0	0	0.0714441024114202	0.0302203268797285	0	0	0	0	0.0172140833987429	0	0.0976351250756872	0	0	0
0.00420974372089919	0	0	0	0	0	0	0	0	0.0165145825553746	0	0	0.0655556219956558	0	0	0	0	0	0.00691206441866135	0	0	0.20176450323159	0	0.0194973887095324	0	0	0	0.0392645110979853	0	0	0	0	0	0.0524333011902485	0	0	0	0	0.270625091662035	0	0.00614421698558154	0.0305571464120701	0	0	0	0	0	0	0	0	0	0	0	0	0.00141595529603962	0	0	0	0	0	0	0	0.0109284789720027	0	0	0	0.127054310266804	0	0.0185124082734796	0	0	0	0	0	0	0	0	0	0	0	0	0	0	0.0762716899164885	0	0.0523389852955513
0	0.0220486261128274	0	0	0	0	0	0	0	0	0	0	0.00603127646341431	0.0583688189091821	0	0	0	0	0	0	0	0.030441667552482	0	0.0432511032163198	0	0.0968946935459502	0	0	0.0488945686509828	0	0	0	0	0	0	0	0	0	0.0472538773027832	0.0866271795548431	0	0	0	0	0	0	0.215803251707682	0	0	0	0	0	0	0	0.00430644495820164	0	0	0	0	0	0	0	0.0413134793528729	0.0277666298600161	0	0	0	0	0	0	0	0.0940275821533594	0.0376182907042315	0	0	0	0	0	0	0	0.139352509954852	0	0	0	0	0
0	0	0	0	0	0	0	0	0.0227018984314104	0.0936521801038706	0	0	0	0	0	0	0	0	0	0.0943241986626424	0	0.0494191871312204	0.0445318557450714	0	0	0.0724685947244259	0.185850041518494	0	0.00285313101868555	0	0	0	0	0	0	0	0	0	0	0	0.0102616138543747	0	0	0	0.0236791157503773	0	0	0	0	0	0	0	0	0	0	0	0	0	0	0.00842751773547977	0.0566175507110185	0	0	0	0	0	0.0734515970507181	0	0	0	0.0825295817221015	0	0.0536146237893828	0.0461785588280904	0	0	0	0	0	0.0700841489740028	0	0	0	0	0.00935460424863362	0
0	0.00889467007000051	0	0	0	0	0.00396496311587545	0	0.0145683673889032	0	0	0	0	0	0	0	0	0	0	0	0	0.137446263503652	0.0113005750111973	0	0	0.116985812463089	0	0	0	0	0	0.105970790134009	0	0	0.0531163764963838	0	0	0	0	0.0268815136717833	0	0	0	0	0	0	0.221727170587232	0	0	0	0	0.0312010923142234	0	0	0	0	0	0	0	0.00445501702161424	0	0	0	0.0772021358183408	0	0	0.00879109076484672	0	0	0	0	0	0	0	0	0	0.0192102185896079	0	0	0	0.12854340784787	0	0	0	0	0.0297405352013723
0	0	0	0	0	0	0	0.00854070503697915	0	0	0	0	0	0	0	0.0602364434479299	0.0187715760613701	0	0	0.0397663469781586	0	0.0537806968275982	0.0107400899826687	0	0	0	0.0372146579589122	0.0155552422149137	0	0	0	0	0	0	0.00325500073136098	0	0	0	0.0560349684287439	0.118173557376031	0.0239256355242592	0	0	0	0	0	0.136060394044657	0	0	0	0	0	0	0	0	0	0	0	0.0231031494755329	0	0	0.0145179336306003	0	0	0	0.0126985466988992	0	0	0.0827250907621868	0	0	0.0457974137064046	0	0.0273386646723513	0	0	0	0	0	0	0.184506693093417	0	0	0.0272571933470253	0	0
0	0.0224111559732193	0	0	0	0	0.0171059483141478	0	0	0	0	0	0	0	0	0	0.00196225349590464	0	0.0605021660634953	0.098320000682243	0	0	0	0	0	0	0.0595208293850062	0.18085175252105	0	0	0	0.116610584021966	0	0	0	0.0247316786543506	0	0	0	0.0580884287231536	0	0.0134330051564531	0	0	0	0	0	0	0	0	0	0	0.0112928885092811	0	0	0	0	0	0	0	0	0	0	0.0469923686194764	0	0	0	0	0	0.0203386782783271	0.0912871313288487	0	0.0242385745498796	0.0810986222546221	0	0	0	0	0	0	0	0	0	0.0712139334685762	0	0
0	0	0	0	0	0	0	0	0	0	0	0	0	0	0	0	0	0	0.0218928519650315	0	0.0228005296687879	0.0419183789338491	0	0	0	0	0	0	0	0	0	0.0869755954344674	0	0.0523186880119044	0.00898095239959404	0	0	0	0.0291012126082091	0	0	0	0.0924191537052734	0	0.127149806791164	0	0	0	0	0	0	0.0333181440011208	0	0	0	0	0	0	0	0.0741379452251203	0	0	0.0228545912981547	0.0109078715652783	0.00531933759921071	0	0	0	0	0	0	0	0	0	0	0	0	0	0.183181287482229	0	0	0	0.06284005055897	0.0462217075994524	0.043887048789778	0.0337748463624054
0	0	0	0	0	0	0	0	0	0.0265450847207024	0	0	0	0	0	0	0	0.0176918535542738	0.0197000075658848	0.141035686025427	0	0	0	0	0	0.0311047570924183	0.087760722031818	0	0	0	0	0	0	0	0	0	0	0	0.350227586715938	0	0.00976069499714051	0	0	0	0	0	0	0	0	0	0.0202996437059476	0	0	0	0	0	0	0	0.0532704738162417	0	0	0.0392151349822738	0	0.0282008564033078	0	0.0238378511585755	0.0780966335868191	0	0	0.0225246183439544	0	0	0	0	0	0	0	0	0	0	0	0	0	0	0	0.0507283952992774
0	0	0	0	0	0.0132104087036587	0	0	0	0	0	0.0408250979903221	0	0.0537983111647166	0	0	0	0.13387047405057	0	0	0	0	0.0224260252486444	0.01883839606896	0	0	0.0232528849483532	0	0	0	0	0.269467353858707	0	0	0	0	0	0	0	0	0	0	0	0	0	0	0	0	0	0	0	0	0	0	0	0	0	0	0.0216242889455285	0.029667131185658	0.00781809012833458	0	0	0.0377362497882336	0	0	0.0203724380855912	0	0	0	0	0.0220286787535752	0	0.0165551056837049	0.0034048168204444	0	0.0545278949462986	0	0	0	0.0203042298734809	0	0.190272123755218	0	0	0
0	0	0	0	0	0	0	0	0.0142557599522647	0	0	0	0	0	0	0	0	0.0506446335861872	0	0	0	0.0737784541296079	0	0	0	0	0	0	0.0161118698460223	0	0	0	0	0	0.00516342623776655	0	0	0	0	0.0786272933843002	0.0768662702880071	0	0	0	0.110076188567824	0.0929142548745438	0	0	0	0	0	0	0	0	0	0	0	0	0	0.0979761254696289	0	0	0.00102655556931441	0	0	0	0.0288369646430667	0	0.051958587798963	0	0.00830378326177022	0	0.111144799856581	0	0.0185227024357244	0	0	0	0	0.163792330098428	0	0	0	0	0	0
0	0.0236195487130309	0	0	0	0	0	0	0	0	0	0	0	0	0	0.027328707152646	0	0	0	0	0	0.192477554907205	0.0139774392036656	0.0387864458370518	0	0	0	0	0.0925930280531948	0	0	0	0	0.00536505503383952	0	0.0596215529481094	0	0	0	0	0	0	0.099783001376285	0	0	0	0	0	0	0	0	0	0	0	0	0	0	1.58050849797048e-05	0.0146514512906184	0.0216171669588148	0.0191130269573091	0	0	0.0141891238101164	0	0	0.185672501326929	0.0352987454609743	0	0	0	0	0	0.0206262586287141	0	0	0	0	0	0.0450839571519918	0	0	0	0	0	0.090179630104525
0.0487202545955576	0.00462260669365948	0	0	0	0	0	0.0821466547939802	0	0	0	0	0	0	0	0	0.0113760480594951	0	0	0	0	0.0660832086298155	0	0	0	0	0	0	0	0	0	0	0	0	0	0	0	0.0405836601006641	0.178538467509496	0	0.00981585914949669	0	0.0294197223573204	0	0.176810284762882	0	0	0	0	0	0	0	0	0	0.0349573556605734	0.096572762839645	0	0	0	0	0.121749927279142	0.00772387167159594	0	0	0	0	0	0	0	0	0	0	0	0	0	0	0	0	0	0	0	0	0.0131895185676582	0	0	0.0776897973290189
0	0.0450415801506413	0	0	0	0	0	0	0	0	0.0447394695337746	0	0.00875399330728836	0	0	0	0	0	0	0	0	0	0	0	0	0	0	0	0	0	0	0	0	0	0	0	0.0884582653944827	0	0	0.189671183971832	0	0	0	0	0.00194406636894934	0	0	0	0	0	0	0	0	0	0	0	0	0.0164062306603117	0	0.0598356738152234	0.281943028797233	0	0.0196348249159857	0.0442980137879579	0	0	0	0	0	0	0	0	0.101328855226809	0	0	0	0.0088384081592581	0	0	0.0891064059102522	0	0	0	0	0	0
0	0	0	0	0	0	0.00750303218469231	0.0504578187828799	0	0.0357689914994889	0	0	0	0	0	0	0	0	0	0	0	0	0.0137404264838107	0.00604760467076873	0	0	0.0666637835329223	0.0643594465284919	0.0534077604838199	0	0.075871552041602	0	0	0	0	0	0	0	0	0	0.0350179074871314	0	0	0	0	0	0	0	0	0	0	0.0708420810573937	0.030451214914355	0	0	0	0.00954379096101482	0	0	0.00798388240610865	0	0.0548430081497979	0.0576802033795254	0.0047793440713372	0	0	0	0	0	0	0	0	0.215990523156165	0	0.0484296256534728	0	0	0	0	0	0	0	0	0	0	0.0906180025552212
0	0	0	0	0	0	0	0	0.0754545034853314	0	0	0	0	0.0143993335391211	0	0	0	0	0	0.038351787772268	0	0.0210948092807184	0	0	0	0.117772379197206	0.195191754459802	0.0202464874828314	0.0220440381424253	0	0	0	0	0	0	0.0458881491749474	0	0	0.122605999296865	0	0.0300897773314362	0	0.0291563641616026	0	0.0129533221827908	0	0	0	0	0	0	0	0	0	0	0	0	0	0	0.0747514693796154	0	0.0199708866538878	0	0	0.00684632827883685	0	0	0	0	0	0	0	0	0.0564284165799178	0	0	0	0	0	0.0883775412447727	0	0	0	0.00837665235562417	0	0
0.00677034316693438	0	0	0	0	0	0.0738309199144592	0	0.0150825547890082	0.0732791862720859	0	0.0176113933018086	0	0	0	0	0.00562584322759086	0	0	0	0	0.162870814449101	0	0	0	0	0	0	0.0295447892526379	0	0	0.0166836257916566	0	0	0	0	0	0	0.15615725044852	0.103294191729352	0	0	0	0	0	0	0	0	0	0	0	0.0767802969898704	0	0	0	0	0	0	0	0	0	0	0.0398580166028644	0	0	0	0	0	0	0	0.0635165520652809	0	0.0424325680305148	0	0	0	0.110530042162108	0	0	0	0	0	0	0	0	0.00613161180620615
0	0.0183885862796467	0.177733393876784	0	0	0	0.0195087621433588	0	0.0242692546344411	0	0	0	0.0384713062203399	0	0	0	0	0	0	0	0	0.112218899003892	0.0107589451653055	0	0	0.0481742492648944	0	0	0	0	0	0	0	0	0	0	0	0	0	0	0.0248027158935977	0	0	0	0	0	0.0993345499385101	0	0	0	0	0	0	0.26127385377519	0	0	0	0	0.0196418672342833	0	0	0	0	0	0.0285076580752413	0	0	0	0.0618185958787751	0	0	0	0	0	0	0	0	0	0	0	0	0	0	0	0	0.0550973626157404
0	0.0321270984672238	0	0	0	0	0	0	0.0480353485319548	0	0	0	0.0048987261860196	0.0661245490193988	0.0517993436117135	0.0413649703835069	0	0	0	0	0	0.0157508517602714	0.0208752580719877	0.0145571852515739	0	0	0.0999642024347631	0	0	0	0	0	0	0.122278005280889	0.0404984485018973	0	0	0	0.00851366583541062	0	0	0	0.00866847123981157	0	0.0683220878326698	0	0.240666172123632	0	0	0	0	0	6.92646108816571e-05	0	0	0	0	0	0	0	0.0140217469419515	0	0	0.0323414941079973	0	0	0	0.00361884249217705	0.0272083869620122	0	0	0.0179096474036011	0	0	0	0	0	0	0	0	0	0	0	0.0202541652817732	0	0.000132067666881805
0	0	0.061553813866712	0	0	0.0249756375879785	0.0365226466869185	0	0	0	0	0	0	0	0	0	0	0.0947546100732074	0.0310537943488647	0	0	0.0498242809215888	0.0446219633624722	0	0	0.177312947422978	0.00217973960217936	0	0.0385807311680852	0	0	0	0	0	0	0.0195991550137496	0.0310012914877837	0	0	0	0.0239946701144995	0	0	0	0	0	0.0231950659492509	0	0	0	0	0.0423421284169589	0	0	0	0	0	0	0	0.0271393631286297	0	0	0	0	0	0	0	0	0	0	0	0	0.00290710802262765	0.0771122891127685	0	0	0	0	0	0.00145492399386623	0.0525299475926526	0	0.137343892126228	0	0	0
0.00923895570375856	0	0	0	0	0	0.0466668939962221	0.0886094589213137	0.0182213637914084	0	0	0	0	0	0	0	0.0443789478573442	0	0.0348091708330962	0	0.020818165596825	0.22366276775301	0	0.0254750763328306	0	0	0	0	0	0	0	0.0123995087429658	0	0.0155373045991148	0	0	0	0	0	0	0.0331314965215051	0	0	0	0	0	0	0	0	0	0	0.0709889482048816	0.0543395415694611	0	0	0	0	0.0199649707196373	0	0.0951349389280693	0	0.00496331321288673	0.0372259847581252	0.0284005690919318	0	0	0	0	0	0	0	0	0	0	0	0	0	0	0	0	0.116032622865613	0	0	0	0	0
0	0	0	0	0	0	0	0	0	0	0	0	0.0469133104691078	0	0	0	0	0	0.036828981617008	0.042233991996422	0	0.100661223960541	0	0	0	0	0	0.0181687020296462	0	0	0	0	0	0	0	0	0	0	0.00202614311183106	0.0847960491540257	0.0487179744195904	0	0	0	0	0.0564112342669506	0	0	0	0	0	0	0.0839211572150603	0.0429153026516204	0	0	0	0	0	0	0	0	0	0	0	0	0	0	0.0430101774832738	0	0.0367009213239098	0	0	0.104415816103073	0	0	0	0	0.152316750239687	0	0	0	0	0.00590350104977182	0	0.0940587629084801
0	0.0298523520145398	0	0	0	0	0	0	0	0	0	0	0.000822673738427115	0	0	0	0	0	0	0.0499233231875072	0	0.144808002162775	0.018396433585264	0	0	0	0.0260097160866552	0	0.0756196335833587	0	0	0	0	0	0	0.0164797178420875	0	0.0802677819511052	0	0.0383054101838958	0.120834984567988	0.0663880628654484	0	0	0	0.125933104156183	0.12407166047566	0	0	0	0	0	0	0	0	0	0	0.0189048045641669	0	0	0	0	0	0	0.0256524853283561	0	0.0263807778167642	0	0	0	0.00887372621646613	0	0	0	0.00247534967335214	0	0	0	0	0	0	0	0	0	0	0
0	0	0	0	0	0	0	0	0	0	0	0	0	0	0	0	0	0	0.0749396848700342	0	0	0.114621536135921	0	0	0	0	0.0285916421889348	0.0902116197317633	0	0	0	0	0	0	0.110252722670952	0.00844990119441636	0	0.0179925841662815	0	0.0770773639611092	0.113606936339515	0	0	0	0.154410856022276	0	0.0650502462477062	0	0	0	0	0	0	0	0	0	0	0	0.0238773762679859	0	0	0.0122409208337453	0	0	0	0.0681514788569521	0	0	0	0	0.0271184540357523	0	0	0	0	0	0	0	0	0	0	0	0	0.00762029099718798	0	0.0057863854794665
0	0	0	0	0	0	0	0	0	0	0.0475233064776572	0	0	0	0	0	0	0.0112379212440312	0.0831750435074108	0	0.0297753685295895	0.0855310579770072	0	0	0	0.0510324615412382	0	0	0.00491933246404047	0	0.0922849099099177	0	0.0280865456193134	0.0661776350598628	0	0.0483539684760872	0	0	0.00472808103337675	0	0	0	0	0	0	0	0.0883990985743278	0	0	0	0	0	0	0	0	0	0	0	0	0	0.0104267414172054	0.00584675762203748	0.0634827632659748	0.062837501360797	0.0134938066311446	0	0	0	0	0	0	0	0.00955947999741295	0.00921309988732217	0	0	0.0269300012346194	0	0	0	0	0	0.039772189009444	0	0	0.117212929160182
