"SBS1"	"SBS2"	"SBS3"	"SBS4"	"SBS5"	"SBS6"	"SBS7a"	"SBS7b"	"SBS7c"	"SBS7d"	"SBS8"	"SBS9"	"SBS10a"	"SBS10b"	"SBS10c"	"SBS10d"	"SBS11"	"SBS12"	"SBS13"	"SBS14"	"SBS15"	"SBS16"	"SBS17a"	"SBS17b"	"SBS18"	"SBS19"	"SBS20"	"SBS21"	"SBS22a"	"SBS22b"	"SBS23"	"SBS24"	"SBS25"	"SBS26"	"SBS27"	"SBS28"	"SBS29"	"SBS30"	"SBS31"	"SBS32"	"SBS33"	"SBS34"	"SBS35"	"SBS36"	"SBS37"	"SBS38"	"SBS39"	"SBS40a"	"SBS40b"	"SBS40c"	"SBS41"	"SBS42"	"SBS43"	"SBS44"	"SBS45"	"SBS46"	"SBS47"	"SBS48"	"SBS49"	"SBS50"	"SBS51"	"SBS52"	"SBS53"	"SBS54"	"SBS55"	"SBS56"	"SBS57"	"SBS58"	"SBS59"	"SBS60"	"SBS84"	"SBS85"	"SBS86"	"SBS87"	"SBS88"	"SBS89"	"SBS90"	"SBS91"	"SBS92"	"SBS93"	"SBS94"	"SBS95"	"SBS96"	"SBS97"	"SBS98"	"SBS99"
0	0	0	0	0	0	0.00915612261683418	0	0	0	0	0	0	0	0	0	0.0175623612133509	0	0.0102750812241196	0	0	0	0.0473644010567504	0	0	0	0	0	0	0.0491513636215865	0	0	0	0	0	0	0	0.176997457262888	0	0	0.037577595610537	0	0	0	0	0.0316478446472603	0.409834665815982	0	0	0	0	0	0	0	0.069125743862456	0	0.0439597425748544	0	0.0220524269955417	0	0.0752951934978383	0	0	0	0	0	0	0	0	0	0	0	0	0	0	0	0	0	0	0	0	0	0	0	0	0
0	0	0	0	0	0	0	0.0392567579780524	0	0	0	0	0	0	0	0	0	0	0	0	0	0.200945063735536	0.0118099124244427	0	0	0	0.230173475098072	0	0	0	0.00460525044431247	0	0	0	0	0.0162280143024952	0	0	0.0857698558149914	0	0	0	0	0	0	0	0.135704556079686	0	0	0	0	0	0	0	0	0	0	0	0	0	0	0	0	0.15248473045358	0	0	0	0	0	0.0244925351243185	0.0375717231780504	0	0	0	0	0	0	0	0	0	0	0	0	0.0609581253664624	0	0
0	0	0	0	0	0	0	0	0	0	0	0	0	0	0	0	0	0.0111018388468865	0	0.0876230163095734	0	0.00866400870735993	0.0438240897648426	0	0	0	0.052120537495812	0	0	0	0	0	0	0	0.00597163774663147	0.00263534420959626	0	0	0	0.120910326451852	0	0	0	0	0	0	0.0562112879368569	0	0	0	0	0	0	0	0.0594503166778968	0	0	0	0	0	0	0	0	0.00444789369248599	0	0	0	0	0.00772836383562834	0	0	0	0	0	0.00972711413666759	0	0	0	0	0	0.257591347172159	0	0.241280101655091	0.0307127753606609	0	0
0	0	0	0	0	0	0	0	0	0	0	0	0.00842262596476786	0	0	0	0	0.00726517828193417	0.0419459579828381	0	0	0	0.0589372328157665	0	0	0	0	0	0	0	0	0	0	0	0	0.0632630735304821	0	0.0329710634209266	0.220464785273015	0.0616061593439504	0	0.00159771265329336	0	0	0	0.00908727226543485	0.0737730085389626	0	0	0	0	0	0	0.0214445494551831	0	0	0	0	0	0	0	0	0.161979488660787	0	0	0	0	0.0292169986352026	0	0	0	0	0.0131851380570325	0.0307360500768761	0	0.0245276522158795	0.00825501591508102	0	0.0914188527274507	0.0399021841851359	0	0	0	0	0	0
0.0260169723143916	0	0	0	0	0	0.0401657072814678	0	0	0	0	0	0.00701114568781969	0	0	0	0	0.0334521746083584	0.00441421372463038	0	0	0.0972751066013525	0.0110460535276715	0	0	0.0415396593787833	0	0.0144407599430007	0.0631555599768369	0	0	0.0581840406299419	0	0	0	0	0	0.0594013987954732	0.0474371617882703	0.0132635380657616	0	0	0.143579449030495	0	0.0687446545724329	0	0	0	0	0	0	0	0	0	0	0	0	0	0	0	0	0	0.0631565202090936	0	0.0486134421180081	0	0	0	0	0	0	0	0	0	0.149219390482454	0	0.00212864298616977	0	0	0.00775440827758638	0	0	0	0	0	0
0	0	0	0.0142700531792201	0	0	0	0	0.0231795784199242	0	0.0736603486684202	0	0	0	0	0	0	0.184397726476887	0	0	0	0.00752466952139249	0	0	0	0	0	0	0	0	0	0	0	0	0	0.0101791299708553	0	0	0	0.0231674034921862	0	0	0	0	0	0	0.0225837426831017	0	0	0	0	0.263822329227069	0	0	0	0	0	0	0	0	0	0	0.000891457361902275	0.0361807204467243	0.0219745442808701	0	0.0222565589189392	0	0	0	0	0	0	0	0	0	0	0	0.209943724933933	0.0133741590130836	0	0	0.0482729441342057	0.00405302522189859	0.020267884049387	0
0	0	0	0	0	0	0	0.0202683829345048	0.00856150624995901	0.0231833646943385	0	0	0.0144815957656895	0	0	0	0	0	0.0136955700098824	0	0	0.00493830055050604	0.0476828148902117	0.0551355805698265	0	0.062653060215003	0	0	0.0136892546864427	0	0	0	0	0	0	0.00895773116633791	0	0	0.146815874907734	0	0.0237282130836426	0	0.0188423577946312	0	0	0	0	0	0	0	0	0.0203151849060117	0	0	0	0	0	0	0	0.145350481675076	0	0	0	0.0690563205223361	0	0	0	0	0	0	0	0	0.100791462607469	0.0494530215862029	0	0	0.0265739341225348	0	0	0	0.125825987061661	0	0	0	0	0
0	0	0	0	0	0	0.00694704046595213	0	0.108556587052442	0.0323652439561064	0	0	0	0.0256557408307129	0	0	0.033180861808175	0	0.0271772019741775	0	0	0	0	0.00872710841140774	0	0	0.0731892629480362	0	0.0960443448683566	0.0760115872781166	0	0.0741647906396773	0	0	0.000409892852495315	0.0806176947137041	0.0217769985689645	0	0	0.127885956172629	0	0	0	0	0	0	0.00151678971932798	0	0	0	0	0	0	0	0	0	0	0	0	0	0	0	0	0.123916599208696	0	0	0	0	0	0	0	0	0	0	0	0	0.00805186190049603	0	0	0	0	0	0	0	0.00729950547075367	0.0665049311597722
0	0	0	0	0	0	0	0	0	0	0	0	0	0	0	0	0	0.15729089135097	0.00581122667223177	0	0	0.067227204089871	0	0	0	0.204189690737881	0	0	0	0	0	0.0863233382482389	0	0	0.0169088936725311	0	0	0	0	0	0	0	0.0487747944106205	0	0.0385333160576052	0	0	0	0	0	0	0.00682669704402482	0	0	0.0185717961355053	0	0	0.0202236007401818	0	0	0	0	0	0.0656554043541019	0	0	0.117089014682722	0	0.0267242706544724	0.0250612961700054	0	0	0	0	0	0	0.0205758906358011	0	0	0	0.0742126743432361	0	0	0	0	0
0	0.0260403906940736	0	0.0905263942592774	0	0	0	0	0.0622546386753247	0.0151498986500018	0	0	0.00529085416538423	0	0	0	0	0	0	0.00658223067576095	0.0196971912427619	0.0600495127988211	0.0130218169359175	0	0	0	0	0.0213974630301166	0.0318829770182349	0	0.0796775254893178	0	0.0232123824327315	0	0	0	0	0	0.037755325061211	0.0788301963484911	0	0	0	0	0.0123306917214665	0.0187521113016977	0	0	0	0	0	0	0.00191237954964874	0	0.000565642468757532	0	0	0	0	0	0	0	0.0837136431330026	0	0	0	0.132535020133469	0	0.0137364749852518	0	0	0.0409755348151121	0.0931022252794284	0	0.0310074791347391	0	0	0	0	0	0	0	0	0	0	0
0	0	0	0	0	0	0	0	0	0	0	0	0	0.0538809371690518	0	0	0	0.140053356704343	0	0	0.0135551981959388	0	0	0	0	0.0843412501290651	0	0.0101624692533791	0	0	0	0	0	0	0	0.0801008747886849	0	0	0.0480055064565124	0	0	0	0	0	0	0.00284536908536931	0	0	0.0637467676452357	0	0	0	0	0	0	0	0	0	0	0	0	0	0.119181525812299	0	0.000900272311498752	0	0	0	0	0	0	0	0	0	0	0	0.00158127500374156	0	0.115889875567783	0.265755321877098	0	0	0	0	0	0
0	0.0192037537922579	0	0	0	0	0	0	0.0181767711315248	0	0	0	0	0	0	0	0	0.111847232215824	0.0207112769486054	0	0	0	0	0	0.172300940947172	0.0389396893200217	0	0.0353632156794722	0	0	0	0	0	0	0	0	0	0.00722101566875958	0.0215623553589788	0	0	0	0	0.0118034827709299	0	0.0510627771285647	0	0	0	0	0	0	0	0	0.00560769628222257	0	0	0	0	0	0	0.0355715254376587	0.0333231557499866	0	0	0	0	0	0	0	0	0	0	0.00250710683588381	0	0	0.112418826192036	0	0	0	0	0	0.22365281219838	0.014893435539144	0	0.0638329308025778
0.035029558234298	0.0495601638550424	0	0	0	0	0	0	0	0	0.147628136507057	0	0	0.0438032916030199	0	0.0151401665763059	0	0.0105809053007351	0.0135513803807878	0	0	0	0.0208045541645731	0	0	0	0	0	0	0	0	0	0	0	0	0	0	0	0	0	0	0	0	0	0.0319135640114334	0	0	0	0	0	0	0	0	0	0.0340852041248885	0	0	0	0	0	0	0.00635863472532318	0.0930038130440384	0.0112466189594123	0	0	0.088287356489525	0	0.0254962043509499	0	0.13395012492985	0	0.0453507903471372	0.046369104032908	0	0.0363965038151365	0	0	0	0	0.0851135590996391	0	0	0.0131341234466567	0.0131962420012828	0
0	0	0	0	0	0	0	0	0	0.00124517987413531	0	0	0	0	0	0	0.0533460406317688	0.0309971353774145	0.0483329576388163	0	0	0.148083030442162	0	0	0	0	0	0	0.0205349718032573	0	0	0	0	0	0	0	0	0	0	0.0460857987032153	0	0.0337119443730086	0	0	0	0.043965536731041	0.109627260538308	0	0	0	0.0699709653605364	0	0.00161821196191035	0	0	0	0.00106665405727564	0	0	0	0	0.0122658396309709	0.0683858242482775	0.0714088895224899	0.000563766037196209	0	0	0	0	0.0460939031430636	0.0239038217978315	0	0	0	0.0530235943558751	0	0.00495064937892588	0	0	0	0	0	0	0.110818024392519	0	0
0	0	0	0	0	0	0	0	0	0	0	0	0	0.00487888748023818	0	0	0	0.132887225859104	0.00761795569300758	0	0	0.0234538182504655	0.0595893417105312	0	0	0	0	0	0	0	0.0168126972079404	0	0	0	0.0360501481173741	0	0	0.104540180818961	0.0652011397963496	0.154760140649317	0.0097017542725176	0.0374198628988479	0	0	0.0125218550035258	0.00273685713294562	0	0	0	0	0	0	0.0152326694537745	0.0325137484327941	0	0	0	0	0	0	0	0	0.0678407282998523	0	0	0	0	0.0251746466673371	0.00048586874910248	0	0	0	0	0	0	0	0	0	0	0.0851761573425248	0	0	0	0	0	0.105404316163489
0.00356196999359214	0	0	0	0	0	0.00474685124313519	0.0383608333328891	0.0724385673377591	0	0	0	0.00612452180032044	0	0	0	0.00396905830105202	0	0	0	0	0	0	0	0	0	0	0	0.0511055612957727	0	0	0	0	0.0184492654209817	0	0.0232155641378332	0	0.11166082807779	0	0	0.0080712639600119	0.00824100574889253	0	0	0.0567567821208837	0	0	0	0	0.354086370756316	0	0	0	0	0	0	0	0	0.0105138873296892	0.108148462215868	0	0	0	0.00573606933420982	0	0	0	0	0.0167982531430144	0	0	0	0	0	0.0043047715113562	0	0	0	0.0937101129386323	0	0	0	0	0	0	0
0.0635403569636486	0	0	0	0	0	0	0	0	0.00403570672357647	0	0	0	0	0	0	0	0.0354567382343733	0	0	0	0	0.0646592743821963	0	0	0	0.0499661823328475	0	0	0	0	0	0	0	0.0128164420785025	0	0	0.0221372890716458	0	0.0473471218644764	0.0849905732705717	0	0	0	0	0	0	0	0	0	0	0	0	0.111569422721948	0	0	0	0	0	0	0.0532518214157878	0.0801368455240407	0	0	0	0	0.0553687656288242	0.0160909126057002	0	0	0.0243508236327442	0	0	0	0	0	0	0	0	0.168599328321503	0	0	0	0.0340026213681739	0	0.0716797738594402
0	0	0	0	0.00070814889134584	0	0.0250621143462307	0.0144507523244135	0	0	0	0	0	0	0	0	0	0.0780425302111827	0	0	0	0.125042180624465	0.012666552965179	0	0.240275756591167	0.0514369255953026	0	0.0200032560675377	0	0	0	0	0	0	0	0	0	0	0	0.000386399324207331	0.00541262225358644	0.0623318191270482	0	0	0	0	0.0264155587885745	0	0	0	0	0	0	0	0	0	0	0	0	0	0	0.0161044895658027	0	0.0140317049204558	0	0	0	0	0	0.0176974246021099	0.0978127802500474	0	0.0106252807452864	0.0398837284825383	0.14160997432352	0	0	0	0	0	0	0	0	0	0	0
0.00478336422835858	0.0311508744063123	0	0	0	0	0	0	0	0	0	0	0	0.0297899611309166	0	0.0452371147450088	0.0537424083614232	0	0.00833019791055847	0	0.0827743558451442	0.0565140053183133	0	0	0	0	0	0.0982849323349006	0	0	0	0	0	0	0.0139439582990442	0.0147790942578235	0	0	0	0	0.0290720227320851	0	0.0211601818247927	0	0	0	0	0	0	0	0	0.13621228200556	0	0	0.123418734085272	0	0.00496279329734551	0	0	0	0	0.00842787616746582	0	0.0442193328064754	0	0	0	0.105802696621204	0	0	0	0	0	0	0	0	0.0616054362383348	0	0	0	0	0	0	0.0047850386413973	0.0195603566725252	0.00144298206973868
0	0	0	0	0	0	0	0	0.0465147115315473	0	0.01407105457018	0	0.00157960245364964	0.0255351027655355	0	0	0	0.0809189073866565	0.00605729364106289	0	0.0833706541978274	0	0	0.0182827027690668	0	0	0	0	0	0	0	0	0	0	0	0	0	0	0	0	0.00594399172083899	0	0	0	0	0	0.0927638537624435	0	0	0	0.0381023362211856	0	0	0.0234335834409025	0.0223623280225449	0	0	0	0	0.0339553647243351	0	0	0	0.011826988114	0	0	0.00359055286741773	0.244168195290608	0.0123583677109343	0	0	0	0.0107955356500739	0	0	0	0.00329028029207734	0	0	0.00765286943365155	0.166691310316693	0	0	0.046734413116767	0	0
0.00746843101865361	0.0357073272234996	0	0	0	0	0.0576138490847791	0	0	0	0	0	0	0	0	0.0209338718086422	0	0.207815239937478	0.0155457664629457	0	0	0.00925635048093802	0	0	0	0	0	0	0.0446003753692671	0	0	0.0264492288769345	0	0	0	0	0	0	0	0	0	0.00426682072687593	0	0	0	0	0.0950069809341032	0	0	0	0	0.106545710469703	0	0	0	0	0	0	0	0	0	0.0371049675471516	0.0256974892860455	0.0836884982399141	0.00630063055982179	0	0	0	0.0193815169019247	0	0.0207643990758536	0	0	0	0	0	0.0246436791112153	0	0	0.0866079042121134	0	0	0	0	0	0.0646009626721397
0.00323610089512222	0.00277694005613173	0	0	0	0	0	0	0.0174671832724639	0	0.0751731534824235	0	0.0311346836416924	0.0300936922001859	0	0	0	0.136782332184793	0.00671284970411531	0	0	0.0367450144484094	0	0	0	0	0	0	0	0	0	0	0	0	0	0.0104546387612966	0	0	0	0	0.00526045527485088	0	0	0.00542103252532146	0.00834715997797279	0	0.0604401647772311	0	0	0	0	0.0729228410165551	0	0	0	0	0	0	0.0140463543492526	0.0636008073592469	0	0	0	0	0.0119834205233577	0	0.164311028915492	0	0	0.0136309872930638	0	0	0	0	0	0	0	0.0198686137001499	0	0.0106923399635501	0	0	0	0.198898205677321	0	0
0	0.0503235082463507	0	0	0	0	0	0	0	0	0	0	0.0440057621639482	0.00119686622951732	0	0	0	0.0504275878926462	0.00330864298212963	0	0	0.140110909003851	0	0	0	0	0	0	0.0849170049064585	0	0	0.103624523516684	0	0	0	0	0	0	0	0.204831075711417	0	0	0	0	0	0	0.0420601764802088	0	0	0	0	0	0	0	0	0	0	0	0	0	0	0	0	0	0	0	0	0	0	0	0	0	0.010441085728285	0	0	0.0770856481873391	0	0	0	0.0278084611579671	0	0	0.0318098314016464	0.099933510701049	0	0.0281154056905017
0	0	0.00579126748913924	0	0	0	0.033113622511942	0.0333551690465623	0.0791694332404408	0	0	0	0	0	0	0	0	0.0484083406735726	0	0	0	0.0157547182656506	0.0803479996573309	0	0	0	0.0336368644906838	0	0	0	0	0.144557196096026	0	0	0	0	0	0	0	0	0.0278339601604519	0.0101158413052763	0	0	0	0	0.072078667378323	0	0	0	0	0	0	0	0	0	0	0	0	0	0	0	0	0	0.00763460495143853	0	0	0	0	0.0144517736882571	0.0515498246556861	0	0.0101536951766796	0	0	0	0.0058586190008503	0	0	0	0.326188402211688	0	0	0	0	0
0	0.016106605849873	0	0	0	0	0	0	0	0	0	0	0	0	0	0	0	0.0533209944951843	0.0715381768207419	0	0	0.0153812877013134	0	0.0309791326648839	0	0	0	0	0	0	0.090828355179438	0	0	0	0.0218483547848465	0	0.0813503548465959	0.0571334709234652	0.0649297525067663	0	0.0130285347994139	0	0	0	0	0	0	0	0	0	0	0.0976123316631787	0	0	0	0	0	0	0	0	0	0	0.0204186951838746	0.0578001950571585	0.00425314308343868	0	0	0	0	0	0	0	0	0	0	0	0	0	0	0	0.299446691088862	0	0	0	0.00402392335096518	0
0	0	0	0	0	0.0223341946270405	0	0	0.0485399065397675	0	0	0	0	0	0	0	0	0	0.00706886807947216	0	0	0	0.0224393228512775	0	0	0.0880388615218582	0	0	0	0	0.0198863363246699	0	0	0	0	0.0237301189312601	0	0.0810377982715011	0.00181802098909135	0	0	0.0131536413768445	0	0	0.0470938029910918	0	0.238149962710888	0	0.0127710647198705	0.0167224302649104	0	0	0	0.155790735517315	0	0	0	0.0307172270586341	0.0207951226982696	0	0	0.0296370939607773	0	0	0	0	0	0	0.0362459139541487	0	0	0	0	0	0	0.035114916045197	0	0	0	0.0489146605661144	0	0	0	0	0	0
0	0.0123249636534583	0	0	0	0	0	0	0.00535601132066164	0	0	0	0	0	0	0	0.0510531782221774	0.0483023755927841	0.0329832019277006	0.0102566808727296	0	0.0720144121545606	0	0.0268184294950237	0	0	0	0	0	0	0.0226540986723046	0	0	0.1044913221369	0	0.00999487974630084	0	0.0198996157802758	0.185108450715589	0.127518866054882	0.0370620367688153	0	0	0	0	0	0	0	0	0	0	0	0	0	0	0	0	0	0.0238355706712209	0	0	0.0190195022878768	0	0	0	0	0.0709202168618562	0	0.0228668422025902	0	0	0	0.0674922318436467	0	0	0	0	0	0	0	0	0	0	0.0300271130186458	0	0
0.00839952790216463	0.0138667258416845	0	0	0	0	0.00588287094830948	0	0	0	0	0	0	0.0163921235430081	0	0	0.000322175190564534	0	0	0	0	0.109255310790983	0	0.0227165750007799	0	0	0	0	0	0.0503940589548401	0	0.10414609444064	0	0	0	0.00955090005613872	0	0	0.366221598073638	0	0.0133124616146914	0	0	0	0	0	0.0179812647766768	0	0	0	0	0	0	0	0	0	0.0581345544340268	0	0	0	0.0164349818814477	0.0120949414222397	0	0.0587307202038782	0	0	0	0	0	0	0.0215326342706513	0.0806969588340025	0	0.0139335218196354	0	0	0	0	0	0	0	0	0	0	0	0
0	0.059801169010195	0	0	0	0.0079862946354237	0	0.0480654241271108	0.00251272930496236	0.0265796538741914	0	0	0	0	0	0	0	0	0	0	0	0.161580666334174	0.0219453043260223	0	0	0	0.027290790406958	0	0	0	0	0.0614950890331708	0	0	0.0345099050639595	0	0	0	0	0	0	0	0.0354679431947041	0	0	0	0	0	0	0	0	0	0	0	0	0	0	0	0	0.14171762129643	0	0.0779031635422915	0	0.0595763525498563	0	0	0	0	0.0537736409825762	0	0	0	0	0	0	0	0	0	0	0	0.0625475907955645	0	0.102124011116988	0.015122650405422	0	0
0	0.0117816580791058	0	0	0	0	0	0	0	0.0430477773797072	0	0	0	0	0	0	0	0	0	0.00354719260106904	0	0.138073409412807	0	0	0	0	0.117556893052093	0	0.0311289322054812	0	0	0	0	0.0902118890059505	0.0210169736517099	0	0.0271238383288417	0	0	0	0	0	0	0	0	0.0125529958403391	0	0	0	0	0	0	0	0	0.00468397190847446	0.0978557950633622	0	0	0	0.00726597640068082	0	0.0464745714688424	0	0.0543245988883731	0	0	0.197591266891706	0	0.0200198208249361	0	0	0.028676389301244	0.025065885738542	0	0.00779277459391165	0	0	0	0	0	0	0	0	0.0142073893628228	0	0
0	0	0	0	0	0	0	0	0	0	0.0525351113403254	0	0.0107161947065014	0.0196081154111007	0	0	0	0.0853176791529813	0.0331568842694173	0	0	0.0367526513454385	0	0.0173942212392584	0	0.200930816017397	0	0	0	0	0	0	0	0	0.0167558739119655	0	0	0	0	0	0.0245910176992764	0	0	0	0	0	0	0	0	0	0	0	0	0	0	0	0	0	0	0.0292777489942402	0	0.0177489473698305	0	0.157494553738044	0	0	0	0	0.0210970228758195	0	0	0	0.0738730293647525	0.0730448094234268	0.113514938047543	0	0	0	0	0	0	0	0.0161903850926818	0	0	0
0	0.0126381728829061	0	0	0	0	0	0	0	0	0	0	0	0	0	0	0	0.0247422715231193	0.0466461758858708	0	0	0.0606604574202313	0	0	0	0.0461010998249676	0	0	0.0356922182308478	0	0	0	0	0	0	0	0	0	0.0275992333364753	0.191644687340492	0.0450690683611323	0	0	0	0	0	0	0	0	0	0	0	0.0546111633175752	0	0.00541739343041374	0	0	0	0	0	0	0	0.0162130922167995	0	0	0	0	0.0734427014695238	0.0594627943872065	0	0	0	0	0	0	0	0	0	0	0.0438389643416489	0.240660439643293	0	0	0.0155600663874966	0	0
0	0	0.0625180689182899	0	0	0	0	0	0.0654338636052595	0	0	0	0	0.0212098229403033	0	0	0	0	0.011631799217745	0	0	0.0596903191304652	0.121838474558439	0.0101496708257308	0	0	0	0	0	0	0	0	0	0	0	0	0	0	0	0.0774998952071583	0.0187318923121346	0	0	0	0	0	0.0615390923562621	0	0	0.0585094888302061	0	0	0	0.0248990093052175	0	0	0	0	0.0150951451960496	0	0	0	0	0	0	0	0	0.0637950758125494	0.0308404620037405	0	0	0	0.0214018950053662	0	0	0	0	0	0	0.16574597952374	0.0209618458897654	0	0.0152876399087345	0.019758302422738	0.053462257030105	0
0.000817002196340312	0	0	0.0899688396991366	0	0	0.0382302331186415	0	0.0794044056613589	0	0	0	0	0	0	0	0	0	0.0264754252845475	0	0	0.199237502704405	0	0	0	0	0.0482211471599271	0	0	0	0	0	0	0.0474001143702653	0.0093249236888488	0	0	0	0	0	0	0	0	0	0.0462933507358761	0	0	0	0	0	0	0	0	0	0	0	0	0	0	0.112723694274159	0	0.035506596964891	0	0.0262491258166782	0	0	0.0211892222504188	0	0	0	0	0	0	0.0518820359075525	0.00720925327735794	0	0	0	0	0	0.0308349817710386	0	0	0	0.0319709034183129	0.0970612417002436
0	0	0	0	0	0	0.0513278055948991	0	0	0.0710690268431644	0	0	0	0	0	0	0	0.122230103571696	0.0172578419964233	0	0	0.0447559018582828	0	0	0	0.15557087253432	0	0	0	0	0	0	0	0	0	0	0	0	0	0	0	0	0	0	0	0	0.123399448914472	0	0	0	0	0	0	0	0	0	0	0	0	0.00272817628881381	0	0.0197936786056637	0	0.121868902593952	0	0	0	0	0	0	0	0	0.0765413784831997	0	0	0	0	0	0	0	0	0	0.193456862715114	0	0	0
0.00762472109578583	0	0	0	0	0	0	0	0.0226975493410031	0.00235010818917191	0.113274023873201	0	0	0	0	0	0	0	0.0254946937736557	0.0233005737042305	0.00664246220905269	0.0143087243470108	0	0	0	0.0457772634432328	0.11731337006489	0	0.000826677234099174	0	0	0	0	0.174039839925825	0.0309751918744662	0	0.00623151222597999	0	0	0.123646694310814	0	0	0	0	0	0.0632375177580383	0.0268878309784227	0	0	0	0	0	0	0	0	0	0	0	0	0.0556422513943116	0	0	0	0	0	0	0	0.0126140118695799	0	0	0.0762589607436609	0	0.0455197809072604	0	0	0	0.00533624073630738	0	0	0	0	0	0	0	0	0
0	0	0	0.026063434431868	0	0	0	0	0.0409824746437267	0	0	0	0.0256818389366977	0	0	0	0	0	0	0	0	0.125001620599304	0.0283969491231297	0	0	0	0	0	0.0989639234585619	0	0	0.0621594472962456	0	0	0	0.0393549558392792	0	0	0.0828145587210883	0.260711508555438	0	0	0	0	0	0	0.125206718680285	0	0	0	0	0	0	0	0	0	0	0	0	0	0	0	0	0.0707707163322602	0.00679341123192293	0	0	0	0	0	0	0	0	0	0	0	0	0	0	0	0	0	0	0.00709844215019388	0	0
0.035797417529437	0	0	0	0	0	0.0721766523180366	0	0	0.000260123778626656	0.0591878463737037	0	0.038957720548501	0.0127443727635396	0	0	0	0	0.0153739057432807	0	0	0.00158377087175053	0	0.0223076766170473	0	0.0811459649176253	0	0	0.0195061157716392	0	0	0	0	0	0	0	0	0	0	0	0.00594913121204413	0	0	0	0	0.0532111666395416	0	0	0	0	0	0	0	0	0.0234077893807827	0	0	0	0.0240903241730133	0	0.0107814241452559	0	0	0.097365097284692	0	0	0	0	0.0294654092698085	0	0.0821952568700858	0.257058175059572	0	0	0	0	0	0	0	0	0	0	0.0308615202256045	0	0	0.0265731385064122
0.01233007051213	0.0760441856278407	0	0	0	0	0	0.0296815893048928	0.0202528375995093	0	0	0	0	0	0	0	0.0195088731255125	0	0	0	0	0.075876376237175	0.019609717871885	0	0	0	0.131960341332081	0.0664044332174365	0	0	0	0	0	0	0.01740134364028	0	0	0	0.00383286413033995	0	0.0172118468399851	0	0.0497669373269861	0	0	0	0.144322688734092	0	0	0	0	0	0	0	0	0	0	0	0	0.0101032008523501	0	0	0	0	0	0	0	0.116993010526962	0.0722228704845365	0	0	0	0	0.0239063526605962	0	0	0	0	0	0	0.0925704599754096	0	0	0	0	0
0.119045846074306	0	0	0	0	0	0	0	0.102340631334539	0	0	0	0	0	0	0	0.0102433858712365	0	0.0109080123527532	0.0245421372813169	0	0.201696926051613	0	0	0	0.0477651851774405	0	0	0	0	0	0	0	0	0	0	0.0167207402191691	0	0	0	0	0.0176107708074687	0	0	0	0	0.139665276852484	0	0	0	0	0	0	0	0	0	0	0	0	0.0714475438971828	0	0	0	0.0178908416277811	0	0	0.0562832214076551	0.0290000985666659	0	0	0	0	0	0	0	0	0.109571549753644	0	0	0	0	0	0	0.0252678327247454	0	0
0	0	0	0	0	0	0.0734985112001019	0	0	0	0.0896697038222025	0	0	0	0	0	0.00722826081619019	0	0.0726292881933477	0	0.0182697171963043	0	0	0.0210042304235589	0	0	0	0	0.0292270317527871	0	0	0	0	0	0.0510803140638575	0	0	0	0	0.185214989967393	0	0	0.0150944808607832	0	0	0.026695007015384	0	0	0	0	0	0.0257407387499745	0.00374423769107041	0	0	0	0	0	0	0	0.0728879754193767	0.000809625685120279	0	0.0781293040594574	0	0	0	0	0	0.0108175637404415	0	0	0	0	0.0660050025324967	0	0	0	0	0.0147005154590307	0	0	0	0	0.137553501351121	0
0	0	0	0	0	0	0	0	0	0.0452163572819105	0	0	0.0532325988293334	0	0	0	0	0.0961226868271946	0	0	0	0	0.00131954581585899	0	0	0	0	0.0110230053376894	0	0	0	0	0	0	0.0150631813316315	0	0.0244078119144474	0.0242526523754252	0	0	0	0	0.0788061359608114	0.0303711368386297	0	0	0	0	0	0	0	0	0	0	0	0	0	0	0.016349596489912	0.0362603996158889	0.0490977144321184	0	0	0	0	0	0	0.162494998651382	0.019768158228422	0	0.0763856847699219	0	0.0298925608327707	0	0	0	0	0	0	0.205498062233974	0	0	0	0	0	0.0244377122326779
0	0	0	0	0	0	0.0149084458985073	0	0.0460121407163591	0	0	0	0	0	0	0	0	0.0216312155400405	0.0033393573040981	0	0	0	0	0	0	0	0	0	0	0	0	0	0	0	0	0	0	0.0286531892373325	0	0.0192402846562642	0.0642855883416224	0.0384722753552442	0	0	0.115163025011295	0	0.000860249792726071	0	0	0	0	0.0706114075009234	0	0	0.0256930766455713	0	0	0	0	0	0	0.0205705012294746	0.00234292307376632	0.00683952716855029	0	0	0.0175223098427662	0	0.0597812322456837	0	0	0	0	0.0358730777896349	0	0	0	0	0.155661113118088	0.121596856931245	0	0	0	0	0.102458161389241	0.0284840412115657
0	0	0	0	0	0	0.0128061091667333	0.101092782956095	0	0	0	0.0606815582156567	0	0	0	0	0	0	0.0116251930480747	0	0	0	0.0118504776847503	0	0.0112296465174011	0	0.0511281985147757	0	0	0	0	0	0	0.0223705244643574	0	0.00290177572743824	0	0.173656990079872	0	0	0	0.0188875819382946	0	0	0.146483646822417	0.00255118951088451	0.00107173787846436	0	0	0	0	0	0	0	0.0690702582138822	0	0	0	0	0	0	0	0	0.0070265523212294	0.016521034369395	0	0	0	0	0	0.0320768842085211	0	0	0	0	0	0	0	0	0	0.246967858361757	0	0	0	0	0
0	0.0311554326664278	0	0	0	0	0	0	0	0	0	0	0.00613569924300304	0	0	0	0	0	0	0	0	0	0.0357866374135127	0	0	0	0.0363290968362972	0	0	0	0	0	0	0.0422355538556512	0	0	0	0	0	0	0	0	0	0	0	0.061977449971588	0	0	0	0	0	0	0	0	0.00169660258195262	0	0	0	0	0	0	0	0.0613655301222608	0	0	0	0.239954470464135	0	0.0222812124581251	0	0	0	0.0748207758305054	0	0	0	0	0	0	0	0.240645333236595	0	0	0.0181898343965389	0	0.127426370923407
0	0	0	0	0	0	0	0	0	0.0448663571736923	0	0	0	0.00742382348738237	0	0	0	0	0	0	0.0422715451660872	0.0979897816244388	0.0514166287843749	0	0	0	0	0.0588634442104025	0	0	0.0716413430939165	0	0	0.0356960239080608	0	0	0.00541771984314199	0	0	0	0	0	0	0	0.282166655265881	0.0438405856495377	0.0224450611576965	0	0	0	0	0.0988617192380834	0	0	0	0	0	0	0	0	0.018881081667103	0	0.118218229730201	0	0	0	0	0	0	0	0	0	0	0	0	0	0	0	0	0	0	0	0	0	0	0
0	0	0	0	0	0.00642543348427967	0	0	0	0.00608042481127123	0	0	0	0	0	0	0	0.120570638962322	0.0592790395966647	0	0	0.131045170767148	0	0	0	0	0	0	0.026959093600296	0	0	0	0	0	0	0	0	0	0	0.0808382868300835	0	0	0.0772047546978743	0	0	0	0.0910782627658341	0	0	0	0	0	0.00480305384417028	0	0	0	0	0	0	0.0809040484124405	0	0	0.00602319506020572	0	0	0	0	0.098950670556646	0	0.00886037941868117	0	0	0.0903856116787451	0	0	0.000571773000978194	0	0	0.11002016251236	0	0	0	0	0	0	0
0.0132007996953838	0	0	0	0	0	0.0273040968117033	0	0	0	0	0	0	0	0	0.0300407054237046	0	0	0.00730323101297647	0	0.0644584066317974	0.0484205343753864	0.0781109404540078	0	0	0	0	0	0	0	0	0	0	0	0.000351097171780073	0	0	0.0370303634235118	0.0351670434981574	0	0	0.0106497289481498	0	0	0	0	0	0	0	0	0	0	0	0	0	0	0	0	0	0.0843325460613655	0	0.038950977558998	0.102272764226493	0.0994971316105676	0	0	0	0	0	0	0.114618888244319	0.0380721317504657	0	0	0.0334275683527779	0.0791629611869128	0	0	0.0448657605482495	0	0	0	0	0	0	0.0127623230132921
0	0.0208309199138368	0	0	0	0	0	0	0	0	0	0	0	0.0227792804350191	0	0	0	0	0.00751307328856352	0	0	0.0100127069399887	0	0.0482767744309838	0	0	0	0	0	0	0	0.0892029889635857	0	0	0.0462913160307214	0.00146024192371021	0	0	0.0349518251996468	0.0304288837981402	0	0.0104643426202413	0.0158932497041129	0	0	0	0	0	0	0	0	0.100446526533603	0	0	0	0	0	0	0	0	0	0.0709323944262399	0	0.0217316907824862	0	0	0	0.128745159208489	0	0.0123032422384138	0	0	0.016422570424908	0	0	0	0.00594987654742126	0	0	0	0.0977107665145766	0	0.0726666039981631	0.134985566077149	0	0
0	0.0101694207241883	0	0.0659042910837768	0	0	0	0	0	0	0	0	0.0061018204614389	0	0	0	0.025866949533489	0	0.0165711999829876	0	0	0	0.00965662234600498	0	0	0.0511863891153847	0.0293898156409899	0	0	0	0	0	0	0	0.0227409538737274	0	0	0	0.158776923436102	0.0997304565631403	0.00960908839833717	0	0	0	0.00764176650298004	0	0	0	0	0	0	0	0	0	0.034794973902778	0	0	0	0.00996935528996425	0	0	0	0	0	0.00270128242282108	0	0	0	0	0	0	0	0	0	0	0	0	0	0.285840524058691	0.0763815387677814	0.0769666278954167	0	0	0	0	0
0	0.0017935135877032	0	0	0	0	0	0.0434102232468044	0	0	0	0	0.0446563444759541	0	0	0	0	0	0	0	0	0.0942115636990944	0.061112194975068	0.0242837868014902	0	0	0	0.0763826559548336	0	0	0	0.144005684014487	0	0	0	0	0	0	0	0	0.0183390639442309	0	0	0	0	0	0	0	0	0	0	0.0117693986521425	0	0	0.0467310030225446	0	0	0	0	0	0	0	0.0754123361920887	0	0.0217635580455553	0	0	0	0	0	0	0	0	0	0.0669601526606453	0	0.0845402489096534	0	0	0	0.184628271817705	0	0	0	0	0
0	0.000566418942487104	0.0215094504619385	0	0	0	0	0	0.0275947991179571	0	0	0	0	0	0	0	0	0.107854724865985	0	0	0	0.159844959941051	0.0171471836040131	0	0	0	0.0258161259612208	0	0	0.0223876544396371	0.00578289865750875	0	0	0	0	0	0	0	0	0.0298886666526602	0	0	0	0	0	0	0	0	0	0	0	0.0433624479542774	0	0	0	0	0	0.0194459432715172	0	0	0.0676987656679051	0	0	0	0	0	0	0	0	0	0.0126091893304404	0	0	0	0	0	0	0	0	0.00145700491097627	0.437033766220424	0	0	0	0	0
0	0	0	0	0	0	0.00351653049906585	0	0.10100857898724	0.0896431185223184	0.0223681064344178	0	0	0.00518369516431901	0	0	0	0.0574609904051055	0.0110507294131532	0.00864357174586028	0	0	0	0.0231716978627401	0	0.19598973667668	0	0	0	0	0.0865899714062692	0	0	0	0.0122171071982427	0.0219138288214184	0	0	0	0.00697578585555628	0	0.000832514015149843	0.0822082781560535	0	0	0.00839660674099251	0	0	0	0	0	0	0	0	0	0	0	0	0	3.90681065460095e-05	0	0.0207317150704188	0.0696582938368283	0.0518916053968868	0.0107334372379506	0	0	0	0	0.0168801377938659	0	0	0	0.0682842143416847	0	0	0	0	0	0	0	0	0.0246106803112364	0	0	0
0	0.0523529649804125	0	0	0	0	0	0	0	0	0.0157287573312466	0	0	0	0	0	0	0	0.0107647150956375	0	0	0	0.031930681562446	0.0199489998930897	0	0.00331296736385388	0	0	0.0911739505168263	0	0	0	0	0	0.0110201974643336	0.0223147409534721	0	0.0145006358008242	0	0	0	0.0129672176539493	0	0	0	0.0159981717488683	0	0	0	0	0	0.140205508802987	0.0632616742012529	0	0	0	0	0	0	0.0297694391280016	0	0	0.143107043684955	0.16779685868086	0	0	0	0	0	0	0	0	0	0	0	0	0	0	0	0	0.0803923388255802	0	0	0.0734531363114026	0	0
0	0	0	0	0	0	0	0	0	0	0	0	0	0	0	0	0	0	0	0	0	0.0734537001398408	0.0689793215795315	0	0	0	0	0	0	0	0	0.149699843286037	0	0.0498618273387112	0	0	0	0	0	0.0457317459929788	0	0.00484059313078488	0	0	0	0	0	0	0	0	0	0.0177138797467469	0	0.0731093252457852	0	0	0	0.0200924770959238	0	0	0	0	0.0812288985782489	0.00501940049879111	0	0	0.0148567065823954	0.0219077813179087	0.0204710103815776	0	0.102973223071444	0.0246892270091225	0	0.0104166991400204	0	0	0	0	0	0.162806929934677	0	0	0	0	0	0.0521474099294744
0	0	0	0	0	0	0	0	0.053856758759451	0.0301316394427415	0.101414518113774	0	0.0129606425752544	0	0	0	0	0	0.0118568851408439	0.0144099921288202	0	0	0	0	0	0	0	0	0	0	0	0	0	0	0.00392678629285138	0	0.00491082703379546	0	0.195558685614595	0	0.0337689917845852	0	0	0	0	0.0109562489329123	0.164191102270114	0	0	0	0	0	0	0	0	0	0	0	0	0.0258941738152391	0	0	0	0.00636778328698701	0	0	0	0.0101836891670761	0	0	0	0	0	0.0207723772657901	0.0554664913221709	0	0	0	0	0	0	0	0	0	0	0.243372407052999
0	0.0122147285283786	0.18008902842937	0	0	0	0.0074508710614958	0	0	0	0.0221664666787371	0	0	0.0442003910377176	0	0	0	0.0743018820358506	0	0.0681744460032684	0	0	0.00180318809421359	0	0	0	0.138207446381631	0	0	0	0	0	0	0	0	0	0	0	0.0999610508629967	0	0.0156239080783835	0	0	0.0097713801043114	0	0	0.0886372991043095	0	0	0	0	0	0	0	0.00466689717150702	0	0	0	0	0	0	0.0453910996166518	0	0.0330156556063589	0	0	0.0528614748723875	0	0	0	0.0529593011288355	0	0.00479214832391963	0	0.0188936112120094	0	0	0	0	0	0	0	0.024817725667666	0	0	0
0	0	0	0.046175382160653	0	0	0	0	0.00119526026044795	0	0	0	0	0	0	0	0	0	0	0	0	0.0337784712339215	0	0.0606220529601466	0	0	0	0	0	0	0.114647599987811	0	0	0.024055625331055	0	0	0	0	0	0	0	0.0292572022067469	0.154836013646473	0	0.00030212388432821	0	0	0	0	0	0	0	0	0	0.148125326220801	0	0	0	0	0	0	0.00603074901881326	0	0	0.00710732735813926	0	0	0	0	0	0.185863753480245	0	0	0	0.182079226551528	0	0	0.000338963395325746	0	0	0.00558492230356519	0	0	0	0	0
0	0	0	0	0	0	0	0	0.0299633991174217	0	0	0	0	0.0402038117997351	0	0	0	0	0.00211233801994411	0	0	0	0	0	0	0	0	0.0672997952954029	0.0598961044317875	0.0171539360080023	0	0.0578315423164777	0	0.00607090212597309	0	0	0	0	0	0	0.0455005020180539	0	0	0	0.121955540864664	0	0	0	0	0	0	0.0551421644084278	0	0.142796276615566	0	0	0	0	0	0	0.0554854558294341	0.00795756009716376	0.0124347654125252	0	0	0	0.0479417319655359	0	0	0	0	0	0	0	0	0	0	0	0.0913853658255284	0	0	0	0	0	0	0.138868807848357
0.066723828018804	0.00482854200717524	0	0	0	0	0.00475876221427144	0	0.0195258342302539	0	0	0	0	0	0	0	0	0.146764782882963	0.0272745938323922	0	0	0.0161671170124119	0.080331405119849	0	0	0.0387889686947335	0	0.00324762987586828	0.0257150549440309	0	0	0	0	0	0	0	0	0	0	0.125689174935859	0.0307212045679783	0.00138294233311788	0.0723779152482076	0	0	0	0.0172715062076734	0	0	0	0	0	0	0	0	0	0	0	0.0536786910433698	0	0	0.00931487854675588	0	0	0	0	0	0	0.0299742131224243	0	0.0853367887593955	0	0.00990160728337832	0	0	0	0	0	0.0898531809663134	0.0403713781527739	0	0	0	0	0	0
0	0.0036653756944566	0	0	0	0	0	0.0374394070052482	0	0.063393717885329	0	0	0	0	0	0	0.0948326593521361	0	0.0609101434562844	0	0	0.0806502388252984	0.0378650531645143	0	0	0	0.249304303769369	0	0	0	0	0	0	0.035431779225051	0.0855073932659401	0	0	0	0	0	0	0	0.0109537741780295	0	0.0524522926086198	0	0.0438906442945824	0	0	0	0	0	0	0	0	0	0	0	0	0	0	0.0361431335492719	0	0.0669816739615013	0.00249130823097842	0	0	0.00768894061821735	0	0	0	0	0.0303981609151724	0	0	0	0	0	0	0	0	0	0	0	0	0
0	0	0	0	0	0	0	0.0192179164093424	0	0.112854987696453	0	0	0	0	0	0	0	0	0.00553491419400823	0	0	0.0689721903553141	0.0439665652061716	0	0	0.0479369480313202	0	0	0	0	0	0	0	0	0	0	0	0	0.0486176935171863	0.108550518762646	0	0.00523537726673191	0.054739674078156	0	0	0	0	0	0	0	0	0	0	0	0	0	0	0	0	0.068693859292754	0	0	0.0178611845718605	0.144566268903246	0	0	0	0	0.0425846909967656	0	0	0	0.0388909195098643	0.100518583452835	0	0	0	0	0	0	0	0	0	0.0712577077553441	0	0
0	0	0	0.0796514636466676	0	0	0.0790396917986465	0.0275425812210749	0	0	0	0	0.0105379249129033	0	0	0	0.0815790470458079	0	0	0.0119117700185098	0	0.0997228115314431	0.0117428665703477	0	0	0	0.00874813955560445	0	0.00432948059341916	0	0	0	0	0	0	0.057495333258443	0	0	0.0475307785767225	0	0.0787249119857661	0.0386365444628725	0.0186907005029048	0	0	0	0.0791430479325389	0	0.128386515374535	0	0	0	0	0	0.00145768204568548	0	0	0	0	0	0	0	0	0.0841610560076664	0.0509676529584406	0	0	0	0	0	0	0	0	0	0	0	0	0	0	0	0	0	0	0	0	0
0.0168949623275716	0	0	0	0	0	0	0	0.0109981827355771	0.0331273974612289	0.148621838674581	0	0	0	0	0	0	0	0.0128376107126847	0	0	0	0.103990573755508	0.0288108657105703	0	0.0015903832347902	0	0	0	0	0	0	0	0	0.00773479960018196	0	0	0	0	0.142761536148202	0.0117624858466757	0	0	0	0	0.0724648515653622	0	0	0	0	0	0	0	0	0	0	0	0	0	0.0930237572216829	0	0.0306850800315165	0.0251023957119235	0	0.0469885718297502	0	0	0	0.0161354432220203	0	0	0	0	0	0	0	0	0	0	0	0.170101601342608	0	0	0.0263676628675649	0	0
0	0	0	0.140716933342584	0	0	0	0	0	0.06721626297772	0	0	0.00826877530228662	0	0	0	0	0.0490262014212518	0	0	0	0	0.00882059480720688	0.0178769109772447	0	0.0348538226411223	0.0154706534709267	0	0.0583744550257733	0	0	0	0	0	0	0	0	0	0.0501262489400047	0	0	0	0	0	0.0830935068615533	0	0.235633016950887	0	0	0	0	0	0	0	0	0	0	0	0	0	0	0	0	0.118424752076995	0	0	0	0	0.0143429568863344	0.0183138238986696	0	0	0	0	0	0	0	0	0	0	0	0	0.0630502823286472	0.0163908020907915	0	0
0	0	0	0	0	0.0266997488555319	0	0	0	0	0	0	0	0	0	0	0	0	0	0	0	0.0937393478744459	0.00469718582337201	0	0	0	0	0	0	0	0	0.118235952768389	0	0	0.0112839682282696	0	0	0	0	0	0	0.0156794522972635	0.0987059979666453	0	0	0	0	0	0	0	0	0.0362021971325552	0	0	0	0	0	0	0	0.111683248296469	0	0	0.00181810294200719	0.192347456919741	0	0	0.0027815913750898	0	0	0	0	0	0.0469726724186923	0	0	0	0	0	0	0	0.0497421399743852	0	0	0.00841880643269299	0	0.18099213069445
0.00665437284791561	0	0	0.0783831666164439	0	0	0	0.0127445829576254	0	0	0	0	0	0	0	0	0	0	0.0117738546527352	0	0.00240545492468648	0.323625932996843	0.030017984757075	0	0	0	0	0	0	0	0.0648674788996977	0	0	0	0	0	0	0	0.149832169299016	0	0	0	0	0	0	0	0	0	0	0	0	0	0	0	0	0	0	0.0158678369728421	0	0	0.136609810657774	0	0	0	0	0	0	0.039984059794993	0.017694542760126	0	0	0	0	0	0	0	0	0	0	0	0	0	0	0	0.0297690790881207	0.0797696727741056
0	0	0	0.234046145945898	0	0	0.00309773389128222	0	0	0	0	0	0	0	0	0	0	0.088536829323228	0	0	0	0	0.018064176175334	0	0	0.0260183584806761	0.00218960134099941	0.0312192735390543	0	0	0	0	0	0.0109068378796751	0	0	0	0	0	0	0	0	0	0	0	0	0.178540554002486	0	0	0	0	0	0	0	0	0	0	0	0	0	0	0	0	0.109443395942562	0	0	0	0	0.0410736198106073	0	0	0	0	0	0	0	0	0	0.0101580686897851	0.165370824166355	0.0813345808120574	0	0	0	0	0
0.0178367472055796	0.020889124312715	0	0	0	0	0	0.0144493548382498	0	0	0	0	0.0108780403713364	0	0	0.00512076416911019	0	0	0.0410312143076137	0	0	0	0	0	0	0	0	0.0676635463662686	0	0	0	0.0105217234002103	0	0	0	0	0	0	0.142390864697043	0.0427030875527205	0.0104020361154838	0	0	0	0	0	0.0831345281045086	0	0	0	0	0	0	0	0	0	0	0	0	0	0.0110398066623697	0	0	0	0.053358268191726	0	0	0.0250725789413606	0	0	0	0	0	0	0	0	0	0	0	0	0.324421076869853	0	0.0224958313874244	0.0595976273176545	0	0.0369937791887725
0.0150765719166987	0	0	0	0	0	0	0	0.0244528787366086	0.057355220516926	0.196229844670452	0	0	0	0	0	0.0765776329063881	0	0.00426569713755633	0	0	0.197613927781776	0.069986691070484	0	0	0	0	0	0	0	0	0	0	0	0	0	0	0	0	0	0	0	0.140490134703456	0	0	0	0.00635301684252174	0	0	0	0	0	0	0	0.014829056226989	0	0	0	0	0	0	0	0	0	0	0	0	0	0	0	0	0	0.00367608868762756	0.0642593293105544	0.0080091132072304	0	0.0450467255119738	0	0	0.0555464413699762	0	0	0	0	0	0.0202316294027819
0.0797899864831696	0	0	0	0	0	0	0	0	0	0	0	0	0	0	0	0.00702116593670702	0	0.0182398867729272	0	0.0122686297650663	0.160931822458552	0.117032839354344	0	0	0	0	0	0	0	0	0	0	0.0309996825750622	0	0.0164180752244054	0	0	0	0	0	0.00693545024939114	0	0	0.0624638974103734	0.154896133683525	0.0809613867827837	0	0	0	0	0	0	0	0	0	0	0	0	0	0	0	0.096828605921451	0.0410664859658391	0	0	0	0.102608854567808	0	0	0	0	0	0	0	0	0	0	0	0	0	0	0	0	0	0.0115370968485944
0.00170383702218055	0.000996094419095102	0	0	0	0	0.0231678811242128	0	0.0354422316053644	0	0	0	0	0	0	0	0.102670699197095	0	0	0	0	0.0272594705447343	0.0640500016570941	0.0363286624689662	0	0	0	0	0	0	0	0	0	0.104318845786932	0	0	0	0.00533369926780516	0	0.223851527705438	0	0	0	0	0	0.0198345135678331	0	0	0	0	0	0	0	0	0	0	0	0	0	0.0679496544336987	0	0.0320154543557356	0.0179210382414576	0.138527967929451	0	0	0	0	0	0	0	0	0.00299796316508293	0	0.0890244303242154	0	0	0.00660602718360692	0	0	0	0	0	0	0	0
0.0211504979325009	0	0	0	0	0	0	0	0	0	0	0	0	0.0326712562507605	0	0	0	0.0402229886402642	0.0136685735515581	0	0	0	0	0	0	0.0845915196458485	0	0	0.051692239612185	0	0	0	0	0	0	0	0	0	0	0.148578981347983	0	0	0	0	0	0	0	0	0	0	0	0	0	0	0.0586585225956599	0	0	0	0	0	0.132951613351435	0.00157438621105513	0.0185289676522602	0.00665039889979125	0	0	0	0.0494087303888732	0.0248008825448806	0	0	0	0	0	0	0	0	0	0	0.0417274088720861	0.263959689483596	0	0	0.00916334301926188	0	0
0	0	0	0.0746186321242996	0	0	0	0	0	0	0	0	0	0	0	0	0	0.0889748806701012	0	0	0	0.00304157230805468	0	0	0	0.0201623092508066	0	0	0	0	0	0	0	0	0	0	0	0.0569098839872394	0.0624038133541794	0	0	0	0	0	0	0	0.0591884395934254	0	0	0	0	0	0	0	0	0	0	0	0	0	0.0987677291708011	0.00650093745724846	0	0	0	0	0	0.0373114699884842	0.0163150924791953	0	0	0	0	0	0.12583881139924	0.135008623375645	0	0	0	0.0520544976222086	0	0	0	0.0422375195576546	0.033491021752844	0.0871747659085716
0.0362436151344931	0	0	0	0	0	0	0	0	0.0199020151699195	0	0	0	0.00267170109556795	0	0	0	0.0179713250323962	0.0242701077911687	0	0	0.175698421563728	0.0296866839937713	0	0	0	0.0585196202841876	0	0	0.00327457725493561	0	0.0857945928349077	0	0	0	0	0.0224370347683173	0	0	0	0	0	0	0	0	0	0	0	0	0	0	0.202215396792149	0	0	0	0	0	0	0	0	0	0.000531594057976132	0	0.0885580505027519	0	0	0	0.0409290636732649	0.00974200497309351	0	0	0	0	0	0	0	0.0258651299684505	0.000328358318607156	0.034016824479586	0.0935205083861628	0	0	0	0	0	0.0278233739245654
0.0285771300543986	0.00485683158515915	0	0	0	0	0	0	0	0	0	0	0	0	0	0	0	0.0968113739797537	0.0326121045038942	0	0.046239270592766	0.0988678360595307	0.0265841148873791	0	0.0714564473902261	0	0	0	0	0	0	0	0	0	0	0	0	0	0.220490998893292	0	0	0	0.0866023007425158	0.0265284166319541	0	0	0.114453910952078	0	0	0	0	0	0	0	0.0799936181185637	0	0	0	0	0	0	0	0	0	0	0	0	0	0	0	0	0	0	0	0	0	0	0	0	0.0659256456084891	0	0	0	0	0	0
0	0	0	0.0384888526925567	0	0	0	0.0118327076948928	0	0	0	0	0.0428858101253745	0	0	0	0.080531490275087	0	0	0	0	0.0640480593817514	0	0.0236757542955435	0	0	0	0.107012947574047	0	0	0	0	0	0	0.0140866260092144	0.0144313721293141	0	0	0.113398462446091	0	0	0.0392234638023438	0	0	0	0	0.227943453796531	0	0	0	0	0	0	0	0	0	0	0.0420083974756985	0.00541899848217242	0	0	0	0.0460579522162803	0.0729843737108295	0	0	0	0	0	0.0220121041606593	0	0	0	0	0	0	0	0.016335024109357	0	0	0	0	0	0.0176241496222557	0	0
0	0	0	0	0	0	0	0	0	0	0	0	0	0	0	0	0	0	0.00374695756549262	0	0	0.0707424477567741	0	0	0	0.054588042379783	0	0	0.0563567175338154	0	0	0	0	0	0	0	0.0563654247600023	0	0	0	0	0	0	0	0	0	0	0	0	0	0	0.0977626183255323	0.0180147492689837	0	0	0	0	0.0450062233480179	0.0106333869294417	0.0781530050235965	0	0	0.0583766617742002	0.116481958057897	0	0	0.0464684843090506	0.0137380930038725	0.028665627064531	0.0430114055127563	0.0231338502446488	0	0	0.0111750315795667	0	0	0	0	0	0.0999368027469719	0	0	0	0	0.0135151714107756	0.0541273414042897
0	0.00811885160334144	0	0	0	0.0134866139433368	0	0	0	0.0460006176035928	0	0	0	0	0	0	0	0	0.0281894788420795	0	0	0.157059500948593	0.0418214844764797	0.00195706188696915	0	0	0	0.00333341710136742	0.00188081221403472	0	0.00210227549055507	0	0	0	0	0	0	0.0224624254757522	0.0662746470683794	0.0312632686613394	0.0392206819454129	0.0174414957429371	0.123931390446634	0	0	0	0	0	0	0	0	0	0	0	0	0	0	0	0	0	0.00936886315344402	0	0.0619602427890115	0.0958813473349166	0	0	0	0.0406089953277448	0	0	0.0436873061258652	0	0	0.119639705506037	0	0	0.0167723383197588	0	0	0	0	0	0.00753717799241737	0	0	0
0.00688684251534544	0	0	0	0	0.0135948781585552	0	0	0	0	0	0	0.0131107680109223	0.00906021822827806	0	0	0	0	0	0	0	0	0	0	0	0	0	0	0	0	0	0	0	0	0	0	0.0691142508992399	0	0.025216873526257	0.0958915152658501	0	0	0	0	0.0792472694513117	0	0	0	0	0	0	0	0	0	0	0	0	0	0	0.00372011667806521	0	0	0	0	0	0	0	0	0	0	0	0	0.107591791880981	0	0	0	0	0	0.362350508902201	0.12217132443245	0	0	0	0.0920436420505434	0	0
0	0	0	0	0	0	0	0.0304208594872508	0.044412505950797	0	0	0	0	0.00469146885552562	0	0	0.0469983819295962	0.0508374500031785	0.0104081279739369	0	0	0.0491121566283368	0.00174564561960058	0.0215618010111334	0	0	0	0	0.0503911719823315	0	0	0	0	0	0	0	0	0	0	0	0	0	0	0	0	0	0	0	0	0	0	0	0	0	0	0	0	0.0139768005671068	0	0	0	0.0248438906829869	0	0.0758798142075033	0	0	0	0	0	0	0	0	0	0.0250023007222543	0	0	0	0	0	0	0.407986150239877	0	0	0	0	0.141731474138584
0.00351638706403298	0.0652453129972614	0.0469480194082985	0.0236220195774477	0	0	0	0	0	0	0.127414629534939	0	0	0	0	0	0.0593679139732134	0	0.0238262676110547	0	0	0.110536010056355	0	0	0	0	0	0	0	0	0	0	0	0	0	0	0.00905720496769606	0.0665851926731384	0	0	0.0290852007370584	0	0	0	0	0	0.0259762492673743	0	0	0	0	0	0	0	0	0	0	0	0	0.0217788813717686	0	0	0.0507068588969991	0.0934883417146734	0	0	0	0	0	0	0	0	0	0.0195328241482658	0.0303531887063482	0	0	0	0	0	0.192959497294076	0	0	0	0	0
0	0	0	0	0	0	0	0	0.0427895809427467	0	0.0597579728093357	0	0.0195274689146384	0	0	0	0	0	0.0475880789129508	0	0	0	0	0	0	0.128064718971723	0	0.0538283597926584	0	0	0	0	0	0	0	0	0	0	0	0	0	0	0	0	0	0.017265872941491	0	0	0	0	0	0	0	0	0	0	0	0	0	0.0529683908821347	0	0.00667716564915532	0.129117663081729	0.104053178914179	0	0	0	0	0	0	0.0104324163745585	0	0	0	0	0	0.0430218801566893	0	0	0	0.28490725165601	0	0	0	0	0
0	0	0	0	0	0	0	0	0	0.0186670967799512	0	0	0	0	0	0	0	0.0121802141128053	0.0494993458429035	0	0	0.163644274106343	0.0394598698596724	0	0	0.00478066283687415	0.0206639926443354	0.0474331333437793	0.00456528407646225	0	0	0.106586997371883	0	0	0	0	0.00968835346229918	0	0	0.116347682558815	0	0.0723790179892301	0	0	0	0	0	0	0	0	0.0142788290478905	0	0	0	0	0	0	0	0	0	0	0	0	0	0.00125174809844172	0	0	0.0762037696461568	0	0	0.0434393274808823	0	0.0215874835018865	0.0182457874087234	0	0	0.00355561804888517	0	0	0	0	0	0	0.0693102079370859	0	0.0862313038446943
0	0	0	0	0	0	0	0	0	0.0581512551456433	0	0	0.00214735876423504	0	0	0.0177156567281412	0	0	0	0	0	0.0401440441293093	0	0	0	0	0	0	0.00339932084189937	0	0	0	0	0	0	0	0	0.0393836634974324	0	0	0.019441561690295	0.0187918664609124	0.14676655439301	0	0	0	0.0432541548607594	0	0	0	0	0	0.0587348339073805	0	0.0206494556212902	0	0	0	0	0	0	0	0.0751890043430772	0	0	0	0	0	0.0190162620048492	0.00170332408709074	0	0	0.0196577333132301	0	0	0	0.0200246080440882	0	0	0	0.360108936139964	0	0	0.0229379428260966	0	0.0127824632012965
0	0	0	0	0	0	0	0	0	0	0.0873696333014381	0	0.00279404778213812	0	0	0	0	0.00962821127877761	0	0	0	0.0157338878896956	0.0152536554537511	0	0	0.0219885650029639	0	0	0	0	0	0	0	0	0	0	0	0	0.248592995584967	0.0116424791976691	0	0	0	0	0	0	0.0805191477256445	0	0	0	0	0	0	0.0155598162810055	0	0	0	0	0	0	0	0	0.0285574293234585	0.0335296333231777	0	0	0.0466079045682972	0.169458300398496	0	0	0.0014845310155203	0	0	0	0	0.155169999149905	0	0	0	0	0.0561097627230949	0	0	0	0	0
0	0.028993180595406	0	0	0	0	0	0	0	0	0	0	0	0.0213661195603906	0	0	0.0894053506445397	0	0.0303709430644816	0	0.0127556503905903	0	0.0115337832399075	0	0	0	0	0.0580723475919864	0.061750295327093	0	0	0.0892958257322562	0	0	0	0	0	0	0	0.0115480505336397	0	0.0321148518717491	0.0326257918165349	0	0.121059968931992	0	0.00455820546830648	0	0	0	0	0	0	0.0386323706111614	0	0	0	0	0	0	0	0.0101641080682963	0.0518178477587726	0	0	0	0.118016346392075	0	0	0	0.0307706369145761	0	0.0290533661592524	0	0	0.057218605194541	0	0	0	0	0.058876354132452	0	0	0	0	0
0	0	0.0418102362699445	0	0	0	0	0	0	0	0.0597110918973603	0	0	0.0108077780548304	0	0	0	0	0.0219226019198461	0	0.0320030551339219	0.0641652593740393	0.058490356855795	0	0	0	0	0	0.0653870283420352	0	0	0.137373067709501	0	0	0	0	0	0.0326132649715029	0	0.0282317469420637	0	0.0362343824945382	0.00392236694779443	0	0	0	0	0	0	0	0	0	0	0.107294601558339	0	0	0	0	0	0	0	0	0	0	0	0	0	0	0	0	0	0	0.0873285805936792	0	0	0	0	0	0	0	0.145448278824149	0	0	0.0672563021106608	0	0
0.00747967089276973	0	0	0.0630992457485482	0	0	0.00266928152977327	0.063123120807068	0.069937480369559	0.0106506068436853	0	0	0	0.000579728446530765	0	0	0	0.0988383821926581	0	0	0	0	0	0.038298135213936	0	0	0	0	0.0619069031411084	0	0	0.0986236414992583	0	0.0263685500174683	0	0	0	0	0	0	0	0	0	0.0412163384942671	0	0	0	0	0	0	0	0	0	0	0	0	0	0	0.00951091016651882	0.0194763106896425	0.0498551131974827	0	0	0.0140984410235478	0	0	0	0	0	0	0	0	0.0462961477633122	0	0	0	0	0.00155573360359882	0.0664161854152632	0.143889504052171	0	0	0	0.0366464964742612	0.0104377921084939	0.0190262803090771
0	0	0	0	0	0	0	0.0023269122640639	0	0	0	0	0	0	0	0	0	0	0	0	0	0.0979827033718016	0	0	0	0	0	0	0.0330165245127405	0	0	0	0.0248767099038225	0	0	0.0497367235217995	0	0	0	0.101489595987429	0	0.00562562474823706	0	0	0	0.00537762524784102	0.0637188680526486	0	0	0	0	0	0	0	0.00404666032290997	0	0	0.0190189554707146	0	0	0.0179531495870682	0.00967568202860055	0	0	0.00237956748417591	0	0	0	0	0	0	0	0.0454148497642491	0.168231696142294	0	0	0	0	0	0	0	0	0.0899245202907436	0.0352104095918266	0	0.223993221707034
0	0	0	0	0	0	0.074455218120528	0	0	0.0154628706078788	0	0	0	0	0	0	0	0	0	0	0	0.00870905669542327	0.00855611831662498	0	0	0	0	0.11157218683405	0.021840629406192	0	0	0.146188262792901	0	0.157462487911194	0.0378851523026269	0	0	0	0	0.0779384779444889	0.00260688709702814	0	0	0	0.0106237986917543	0.0188923911231445	0.0330912795195402	0	0	0	0	0	0	0.030035671425346	0	0	0	0	0	0.0372194872981784	0	0.0461284640721672	0	0	0	0.0236947656208578	0.0211411100324415	0	0	0	0	0	0	0.00221010571516773	0	0	0	0.000680289298739041	0	0	0	0	0	0.0872412826782184	0	0.0263640064955088
0.0369306299987593	0.0430106319737844	0	0	0	0	0	0	0.107238504024062	0.0518521073049478	0.129964819072524	0	0	0	0	0	0	0	0	0	0	0.106754184701951	0.000511915899952892	0	0	0	0	0	0	0	0	0.00161015222426436	0	0	0	0.00745182548270742	0	0	0	0	0.051217008278327	0	0	0	0	0.0343264006446947	0	0	0.104067431708291	0	0	0.174192929214161	0	0	0	0	0	0	0	0.0703628109890199	0	0	0.0567796428832854	0	0	0	0	0	0	0	0	0	0.00254666771757299	0	0.0211823378816947	0	0	0	0	0	0	0	0	0	0	0
0	0.0250842976181273	0	0	0	0	0	0	0.0182056409887376	0	0	0.0501000946742214	0	0	0.178653378263618	0	0	0	0.0145732737229107	0	0	0	0	0	0	0.0275272739181147	0	0	0	0	0	0	0	0	0	0	0	0	0	0	0.000640741094479923	0.0563653864898552	0	0	0	0	0.0287645084600346	0	0	0	0	0.193380087759893	0.0277397451531814	0	0	0	0	0	0	0.104528475628252	0	0	0.0160990860171435	0.0506904705623419	0	0	0	0	0.0216305431004658	0	0.0879489568286858	0	0	0	0	0	0	0	0	0	0	0	0.0509503975966545	0.0266591243899801	0.0204585177333026	0
0	0	0	0	0	0	0	0	0	0.0264793906853243	0	0	0	0	0	0	0	0.0237528772738951	0.00201052000267212	0	0	0.152006429856967	0.0114905416843067	0	0	0	0	0.0120742653206863	0	0	0.0294682664457485	0	0	0	0	0	0	0	0.0580869089400079	0	0.0353785326549198	0	0	0	0	0.119922806286721	0	0	0	0	0	0	0	0	0	0	0	0	0	0.234974255486557	0	0	0.0641623852557321	0	0	0	0	0	0.0839170162767943	0	0	0	0	0	0	0	0	0	0	0	0	0	0	0	0	0.146275803829667
0	0.0034599253530323	0	0	0	0	0	0	0	0	0	0	0	0	0	0	0	0	0	0	0	0.0583611036063574	0	0	0	0	0	0.0553847333779353	0	0	0	0	0	0	0	0.0341904776098947	0	0	0.278329617838248	0	0	0.0213569343200957	0	0	0.0127882407499692	0	0	0	0	0	0	0	0	0	0	0	0	0	0	0	0	0.0315471573081909	0.0297778516679469	0	0	0	0	0	0	0.0359579554660232	0.0441547685846852	0	0	0.0168854640257846	0	0	0	0	0.318952440413169	0	0	0	0	0.0343234145280548	0	0.0245299151506127
0	0	0	0	0	0	0.0094576715193563	0.0845902798102643	0.0211454928107083	0.00620380804895712	0	0	0	0	0	0	0	0	0	0	0.0720082915727414	0.245973979231827	0	0	0	0	0	0.0566405662201369	0	0.0708606379683204	0	0	0	0	0	0	0	0	0	0	0.21361927510174	0	0	0	0	0	0	0	0	0	0	0	0	0	0	0	0	0	0	0	0	0.0250945095593548	0	0.039735895964193	0	0	0	0	0	0	0	0	0.0316094352886961	0	0	0	0.0110677339695548	0	0	0.11199242293415	0	0	0	0	0	0
0.0111072905371311	0.0903713271114586	0	0	0	0.0465968446056918	0	0	0	0.0826400514004026	0	0	0	0.00458977835582294	0	0	0	0	0	0	0.0137467088144201	0.0611040439979171	0.0348086346675296	0	0	0	0.0163959951830293	0.00131403469973553	0.0004473676837702	0	0	0	0	0	0	0	0	0	0	0	0.00959825627456119	0	0	0	0	0	0	0	0	0	0	0	0	0	0	0	0	0	0	0.0728863623591557	0.0483803104940263	0.0113722173643859	0.000747254570263933	0.0124707593940238	0	0	0	0	0.0646297391050801	0	0	0	0.131423338580559	0	0	0	0	0	0	0	0.190283449393204	0	0.0950862354078309	0	0	0
0.0279351093852261	0	0	0	0	0	0	0	0	0	0	0	0	0	0	0	0.0475212628454653	0.0189768454384506	0.0356409264847479	0	0.138306599528949	0.0274076803082647	0	0	0.00465665567394659	0	0	0	0.144966104662084	0	0	0	0.0235037089578779	0.0677697269555377	0	0	0.0405722424702175	0	0	0.0211438998359072	0.00391830744069442	0.00135738696061771	0	0	0	0	0.0505659211042788	0	0	0	0	0	0	0	0	0	0	0	0	0	0.0196813264588687	0	0.064493114680443	0.0660666046890521	0	0	0	0	0	0	0.0695940200324758	0	0	0	0	0	0	0	0	0.0708323717908468	0	0	0	0	0	0.0550901842960483
0	0	0	0	0	0	0.055659475952458	0	0.0923448696564165	0	0	0	0.0296673089739015	0	0	0	0	0.0229626756127456	0	0	0	0.105809154046158	0	0	0	0.079832793374942	0	0	0	0	0	0	0	0	0	0	0	0	0	0	0	0.00855710505072309	0	0	0	0	0.0633636666841815	0	0.0408219971618586	0	0	0	0	0	0.0505182475107124	0	0	0	0	0.0378512529159624	0.0634214703170474	0	0.0304879951643616	0.0609961468173646	0	0	0	0	0.0125470388678234	0	0	0	0	0	0	0	0.00516580190705766	0	0	0.0666869654233798	0.122342890537323	0	0.00985618177988335	0	0	0.0411069622456992
0	0	0	0	0	0	0	0	0	0	0	0	0	0	0	0	0	0	0.0104963482499182	0	0.0479873615678342	0.11938371117573	0.0140006690343405	0	0	0	0.0609202661971235	0	0	0	0	0	0	0	0	0	0	0	0	0	0	0	0	0	0	0	0	0	0	0	0	0.225644486281938	0	0	0	0	0	0.00658815018280557	0.0302824683332049	0	0	0.108262106038688	0	0.0801828958354791	0	0	0	0	0.0235183741188698	0.0280342442199224	0.12606919903176	0	0.0311076249489887	0	0	0	0.0763014809336284	0	0	0	0.0112206138497688	0	0	0	0	0
