"SBS1"	"SBS2"	"SBS3"	"SBS4"	"SBS5"	"SBS6"	"SBS7a"	"SBS7b"	"SBS7c"	"SBS7d"	"SBS8"	"SBS9"	"SBS10a"	"SBS10b"	"SBS10c"	"SBS10d"	"SBS11"	"SBS12"	"SBS13"	"SBS14"	"SBS15"	"SBS16"	"SBS17a"	"SBS17b"	"SBS18"	"SBS19"	"SBS20"	"SBS21"	"SBS22a"	"SBS22b"	"SBS23"	"SBS24"	"SBS25"	"SBS26"	"SBS27"	"SBS28"	"SBS29"	"SBS30"	"SBS31"	"SBS32"	"SBS33"	"SBS34"	"SBS35"	"SBS36"	"SBS37"	"SBS38"	"SBS39"	"SBS40a"	"SBS40b"	"SBS40c"	"SBS41"	"SBS42"	"SBS43"	"SBS44"	"SBS45"	"SBS46"	"SBS47"	"SBS48"	"SBS49"	"SBS50"	"SBS51"	"SBS52"	"SBS53"	"SBS54"	"SBS55"	"SBS56"	"SBS57"	"SBS58"	"SBS59"	"SBS60"	"SBS84"	"SBS85"	"SBS86"	"SBS87"	"SBS88"	"SBS89"	"SBS90"	"SBS91"	"SBS92"	"SBS93"	"SBS94"	"SBS95"	"SBS96"	"SBS97"	"SBS98"	"SBS99"
0	0	3.28042357151045e-08	0	0	0	0.00747712551064074	0	0	0	0	0	0	0	0	0	0.0180664513685086	0	0.0221196296625927	0	0	0	0.0554729472573939	0	0	0	0	0	0	0.0212486156181517	0	0	0	0	0	0	0	0.203337948047978	0	0	0	0	0	0	0	0.0936126091883658	0.398503604762863	0	0	0	0	0	0	0	0.0142897526889918	0	0.0801681417149605	0	0.0203920735185671	0	0.052017346917521	0	0	0.0132937209392301	0	0	0	0	0	0	0	0	0	0	0	0	0	0	0	0	0	0	0	0	0	0
0	0	0	0	3.22057108245846e-08	0	0	0.0162674015705164	0	0	0	0	0	0	0	0	0	0	0	0	0	0.226478486486179	0	0	0	0	0.253379862627183	0	0	0	0	0	0	0	0	0.0121768364124215	0	0	0.12421188085168	0	0	0	0	0	0	0	0.0561575106452646	0	0	0	0	0	0	0	0	0	0	0	0	0	0	0	0	0.172419788733542	0	0	0	0	0	0.0242432421966332	0.0430137028184027	0	0	0	0	0	0	0	0	0	0	0	0	0.0716512554524662	0	0
0	0	0	0	0	0	0	0	0	0	0	0	0	0	0	0	0	0.0172537010181241	0	0.122334060675658	0	0	0.0406931815427936	0	0	0	0.0576140118190175	0	0	0	0	0	0	0	0	0	0	0	0	0.0992760915950427	0	0	0	0	0	0	0	0	0	0	0	0	0	0	0.0164879164419725	0	0	0	0	0	0	0	0	0	0	0	0	0	0	0	0	0	0	0	0	0	0	0	0	0	0.397590409915518	0	0.221394908288514	0.0273557187033598	0	0
0	0	0	0	0	0	0	0	0	0	0	0	0.00716721246942447	0	0	0	0	0	0.059876296056826	0	0	0	0.0641406055368623	0	0	0	0	0	0	0	0	0	0	0	0	0.0737542207419402	0	0.0194351980342604	0.271336645766255	0.0765065066238134	0	0	0	0	0	0.014235847623413	0	0	0	0.00269861331044756	0	0	0	0	0	0	0	0	0	0	0	0	0.188032873497433	0	0	0	0	0.0513373215136126	0	0	0	0	0.0205366194840408	0.0283135260610127	0	0	0.00670257983178387	0	0.115925933448874	0	0	0	0	0	0	0
0	0	0	0	2.13792859898115e-08	0	0.0445928966138898	0	0	0	0	0	0	0	0	0	0	0	0	0	0	0.0906763878431968	0	0	0	0.0118762219335859	0	0	0.0208754869344567	0	0	0.0445634627525725	0.137531857713441	0	0	0	0	0.0540692446454907	0.101433399878169	0.0236060767359649	0	0	0.119830535951952	0	0.121103420427861	0	0	0	0	0	0	0	0	0	0	0	0	0	0	0	0	0	0.0658423038481296	0	0	0	0	0	0	0	0	0	0	0	0.163998683342004	0	0	0	0	0	0	0	0	0	0	0
0	0	0	0	3.02548159111497e-08	0	0	0	0.0214735898874683	0	0.100353136306518	0	0	0	0	0	0	0.233129657735286	0	0	0	0	0	0	0	0	0	0	0	0	0	0	0	0	0	0.0184452219964603	0	0	0	0.0302074163837501	0	0	0	0	0	0	0	0	0	0	0	0.276916840160677	0	0	0	0	0	0	0	0	0	0	0	0.02072585977169	0	0	0.0139938755555718	0	0	0	0	0	0	0	0	0	0	0	0.22958333229602	0	0	0	0.0351307936187135	0	0.0200402460330293	0
0	0	2.27805530359829e-08	0	0	0	0	0.0524450862602954	0	0.0211448695229499	0	0	0.0151549385002863	0	0	0	0	0	0.0151399560162073	0	0	0	0.0520828923313356	0.0636586979842558	0	0.0669287221519645	0	0	0	0	0	0	0	0	0	0	0	0	0.12249523830955	0	0.0323197789643783	0	0.0513498488972598	0	0	0	0	0	0	0	0	0	0	0	0	0	0	0	0	0.146601795881361	0	0	0	0.063956176461136	0	0	0	0	0	0	0	0	0.0958599822583818	0.0484257338069518	0	0	0.0341176853582111	0	0	0	0.118318574514922	0	0	0	0	0
0	0	0	0	0	0	0	0	0.110581736362022	0.0290900909040302	0	0	0	0.0297049360306028	0	0	0.0273459924392046	0	0	0	0	0	0	0.00754419574105483	0	0	0.074574762669774	0	0.0503164285837371	0.144424529333324	0	0.0911342634919149	0	0	0	0.0879299555712583	0	0	0	0.157831290024633	0	0	0	0	0	0	0	0	0	3.17085190342343e-08	0	0	0	0	0	0	0	0	0	0	0	0	0	0.120106694364602	0	0	0	0	0	0	0	0	0	0	0	0	0	0	0	0	0	0	0	0	0	0.0694150927753232
0	0	0	0	0	0	0	0	0	0	0	0	0	0	0	0	0	0.187705125786768	0	0	0	0.0826537136121926	0	0	0	0.244437882324668	0	0	0	0	0	0.0989557709482028	0	0	0.0164130245981403	0	0	0	0	0	0	0	0.0261770580303381	0	0	0	0	0	0	0	0	0	0	0	0.0302128434056351	0	0	0.0219331755750223	0	0	0	0	0	0.0681828858476288	0	0	0.148109819213726	0	0.0255560761447436	0.0248042622674638	0	0	0	0	0	0	0.0247349061868683	0	0.000123456058602328	0	0	0	0	0	0	0
0	0.0270562449694872	0.0901194297382575	0.0332718804179449	0	0	0	0	0.0554059798677132	0.0151388760874933	0	0	0	0	0	0	0	0	0	0.0360700411601149	0.0249921405129707	0.0596325773065461	0.00789941458174554	0	0	0	0	0	0	0	0.0755668843886166	0	0.0563613307951539	0	0	0	0	0	0.0346285086118308	0.0668899413016641	0	0	0	0	0	0	0	0	0	0	0	0	0	0	0	0	0	0	0	0	0	0	0.114441586550572	0	0	0	0.151061009381967	0	0.00862305141280128	0	0	0.0895835027416596	0.0532576001734611	0	0	0	0	0	0	0	0	0	0	0	0	0
0	0	0	0	0	0	0	0	0	0	0	0	0	0.0599595136620182	0	0	0	0.107780396903143	0	0	0	0	0	0	0	0.0746224132384444	0	0.0243534606107104	0	0	0	0	0	0	0	0.0988073521609385	0	0	0.0375008469502712	0	0	0	0	0	0	0	0	0	1.75458969415032e-08	0	0	0	0	0	0	0	0	0	0	0	0	0	0.12166836814379	0	0	0	0	0	0	0	0	0	0	0	0	0	0	0	0.194931542048168	0.280376088736619	0	0	0	0	0	0
0	0.0207501329272216	0.0762729152990275	0	0	0	0	0	0.0195431994900082	0	0	0	0	0	0	0	0	0.118185641852525	0	0	0	0	0	0	0.212869084598581	0.0419158906942398	0	0.0244980742280194	0	0	0	0	0	0	0	0	0	0	0	0	0	0	0	0	0	0.0152846496336465	0	0	0	0	0	0	0	0	0.0162663765600101	0	0	0	0	0	0	0.0346602342560135	0.0625088404160136	0	0	0	0	0	0	0	0	0	0	0	0	0	0.12540123155626	0	0	0	0	0	0.161678208901841	0.0166807642635897	0	0.0534847553230029
0	0.0471302096123777	0.169638466572307	0	0	0.060314208444279	0	0	0	0	0.0778209207238552	0	0	0.0521182712142794	0	0.0249614208450383	0	0	0	0	0	0	0.0135111591803568	0	0	0	0	0	0	0	0	0	0	0	0	0	0	0	0	0	0	0	0	0	0	0	0	0	0	0	0	0	0	0	0	0	0	0	0	0	0	0.00641010558471977	0.096043832721242	0	0	0	0.0872232276417636	0	0.0217445924378808	0	0.0686631549557184	0	0.0311299868347299	0.0437199701321123	0	0	0	0	0	0	0.19957047309934	0	0	0	0	0
0	0	0	0	2.88290827115903e-08	0	0	0	0	0	0	0	0	0	0	0	0.0469324438860764	0.042388732042638	0.0680762367342461	0	0	0.170235263707166	0	0	0	0	0	0	0	0	0	0	0	0	0	0	0	0	0	0.0336741713173924	0	0.0473618123141316	0	0	0	0.00971249317765927	0.0341911834608839	0	0	0	0.0434761979034649	0	0	0	0	0	0	0	0	0	0	0.00656205762064628	0.110494584783784	0.0691422079042563	0	0	0	0	0	0.0523000172923366	0.0301246344120803	0	0	0	0.0496564245430286	0	0.00796189769350426	0	0	0	0.0598671642306397	0	0	0.117842448146982	0	0
0	0	0	0	0	0	0	0	0	0	0	0	0	0	0	0	0	0.174918302978105	0	0	0	0.0131953855766298	0.057932850164426	0	0	0	0	0	0	0	0	0	0	0	0.0483597889154696	0	0	0.124639281936345	0.0727436446849133	0.136987085440102	0	0	0	0	0	0	0	0	0	2.50685046040441e-08	0.0621747107219238	0	0	0.0369102102072916	0	0	0	0	0	0	0	0	0.0752117251582148	0	0	0	0	0.0592670924455138	0	0	0	0	0	0	0	0	0	0	0	0	0	0	0	0	0	0.13765989670256
0	0	0	0	0	0	0	0.0427510969164158	0.0748466975447206	0	0	0	0	0	0	0	0	0	0	0	0	0	0	0	0	0	0	0	0.0434667131691044	0	0	0	0	0.0356083931160136	0	0.0260459743161006	0	0.107676233689507	0	0	0	0	0	0	0	0	0	0	0	0.405124364682941	0	0	0	0	0	0	0	0	0	0.12370505443272	0	0	0	0	0	0	0	0	0.0152433618784042	0	0	0	0	0	0.0135898994548416	0	0	0	0.111942210799231	0	0	0	0	0	0	0
0.0625991875545924	0	0	0	0	0	0	0	0	0	0	0	0	0	0	0	0	0.0779367274184288	0	0	0	0	0.0698308770964101	0	0	0	0.0157176650641934	0	0	0	0	0	0	0	0.00847864736732168	0	0	0	0	0.0777382122552833	0	0	0	0	0	0	0	0	0	2.07007228106604e-08	0	0	0	0.237592925062781	0	0	0	0	0	0	0.0575310978282519	0.090042877484811	0	0	0	0	0.0438070334959862	0	0	0	0	0	0	0	0	0	0	0	0	0.176896751140474	0	0	0	0.0494268876207831	0	0.0324010899099601
0	0	0	0	0.158283714666008	0	0	0.0230180834219324	0	0	0	0	0	0	0	0	0	0.0263765327056367	0	0	0	0.120993865080251	0.0121163363798616	0	0.239239581339735	0.0467945785805292	0	0.0223671013227613	0	0	0	0	0	0	0	0	0	0	0	0	0	0.0612758174797594	0	0	0	0	0	0	0	0	0	0	0	0	0	0	0	0	0	0	0	0.0206375446616964	0	0	0	0	0	0	0	0.0145617935465439	0.0802466643031981	0	0	0.0178866939060808	0.156201692606007	0	0	0	0	0	0	0	0	0	0	0
0.00520288453442285	0.037231198094503	0	0	1.84093569951555e-08	0	0	0	0	0	0	0	0	0.0325638772123416	0	0.058963586478056	0.0492899965910092	0	0	0	0.0888240497078606	0.0642327159474711	0	0	0	0	0	0.0970459745868343	0	0	0	0	0	0	0.0104428582287106	0.0121256458504685	0	0	0	0	0.0344879924113057	0	0	0	0	0	0	0	0	0	0	0.163821931121423	0	0	0.130909774537743	0	0.0160888948886114	0	0	0	0	0	0	0.0349919346110991	0	0	0	0.104422619855029	0	0	0	0	0	0	0	0	0.0593540469337546	0	0	0	0	0	0	0	0	0
0	0	0	0	1.49440851981034e-08	0	0	0	0.0390940465159282	0	0	0	0	0.0260166871051581	0	0	0	0.0608213220681312	0.0065715323969808	0	0.0793246126577802	0	0	0.0151775277884881	0	0	0	0	0	0	0	0	0	0	0	0	0	0	0	0	0	0	0	0	0	0	0.0600519424576373	0	0	0	0.0755844197634284	0	0	0.0177053700213144	0	0	0	0	0	0.016826078200541	0	0	0	0.0226127133594484	0	0	0	0.264118703724514	0.00931891070346589	0	0	0	0	0	0	0	0	0	0	0	0.264494406322291	0	0	0.0422817119708081	0	0
0	0	0	0	2.71536480102515e-08	0	0.0923416967969783	0	0	0	0	0	0.00738572440740942	0	0	0	0	0.184269935141033	0	0	0	0	0	0	0	0	0	0	0	0.0808195851958005	0	0	0	0	0	0	0	0	0	0	0	0	0	0	0	0	0.104711771527746	0	0	0	0	0.129283356686746	0	0	0	0	0	0	0	0	0	0.0558100238074166	0.025978866145098	0.0987908339674236	0	0	0	0	0.0217027365962177	0	0	0	0	0	0	0	0.00701582476704957	0	0	0.133769413921631	0	0	0	0	0	0.0581202038858021
0	0	0	0	2.51786897677796e-08	0	0	0	0.0159283476914885	0	0	0	0.0127007460800611	0.0306549801999444	0	0	0	0.106831170993193	0	0	0	0.0161481259375575	0	0	0	0	0	0	0	0	0	0	0	0	0	0	0	0	0	0	0	0	0	0.0880671353887928	0	0	0.0530581201736218	0	0	0	0	0.0446362366829846	0	0	0	0	0	0	0	0.0758631854495971	0	0	0	0	0.0350619343016089	0	0.191317430040226	0	0	0	0	0	0	0	0	0	0	0	0.0951952344786726	0.0377094453417633	0	0	0	0.1968278820618	0	0
0	0	0	0	0.220845029580417	0	0	0	0	0	0	0	0.0529767897277255	0	0	0	0	0	0	0	0	0.140415479405275	0	0	0	0	0	0	0.108233927477762	0	0	0.0840411708864403	0	0	0	0	0	0	0	0.223832771302141	0	0	0	0	0	0	0	0	0	0	0	0	0	0	0	0	0	0	0	0	0	0	0	0	0	0	0	0	0	0	0	0	0.0326571654228236	0	0	0	0	0	0	0.0267400778736284	0	0	0	0.110257588323788	0	0
0	0	0.0786506835963485	0	0	0	0	0.0679034353739389	0.0839441777583585	0	0	0	0	0	0	0	0	0.0445460068755395	0	0	0	0	0.0851263749602954	0	0	0	0.0262464538861617	0	0	0	0	0.143952589599198	0	0	0	0	0	0	0	0	0.0281700995949515	0.0114682881776581	0	0	0	0	0	0	0	0	0	0	0	0	0	0	0	0	0	0	0	0	0	0	0	0	0	0	0	0.0160591083941351	0.0486406085853988	0	0	0	0	0	0	0	0	0	0.365292173198016	0	0	0	0	0
0	0.0112088500822201	2.44365455075639e-08	0	0	0	0	0	0	0	0	0	0	0	0	0	0	0.0468386867417489	0.0720250436402014	0	0	0.0122698201878825	0	0.0305234997209397	0	0	0	0	0	0	0.161051817549242	0	0	0	0.0239436859101847	0	0.0660269742591788	0.0599786506111174	0	0	0	0	0	0	0	0	0	0	0	0	0	0.0332040762824451	0	0	0	0	0	0	0	0	0	0	0	0.0823893035076399	0	0	0	0	0	0	0	0	0	0	0	0	0	0	0	0	0.400539567070654	0	0	0	0	0
0	0	0	0	0	0.0232178292687713	0	0	0.0428167139873382	0	0	0	0	0	0	0	0	0	0	0	0	0	0.0170720115125608	0	0	0.103715504110523	0	0	0	0	0	0	0	0	0	0.0322377325763702	0	0.0568224901896235	0	0	0	0	0	0	0	0	0.236158583449928	0	0	0.165650430664717	0	0	0	0.174848705833789	0	0	0	0.0358841007177742	0	0	0	0.0316783244262673	0	0	0	0	0	0	0.0338452730002745	0	0	0	0	0	0	0	0	0	0	0.0460523002620632	0	0	0	0	0	0
0	0	0	0	0	0	0	0	0	0	0	0	0	0	0	0	0.0463140372963746	0.0348846506000717	0	0	0	0.0635313103886912	0	0.034413743337042	0	0	0	0	0	0	0	0	0	0.072064638016921	0	0	0	0.0434551402696933	0.188748967941456	0.139713741513422	0.0584153152873412	0	0	0	0	0	0	0	0	2.61853259031252e-08	0	0	0	0	0	0	0	0	0	0	0	0.0204874752273468	0	0	0	0	0.0976884380645128	0	0.0234976553334692	0	0	0	0.0790925875070028	0	0	0	0	0	0.0781834289489509	0	0	0	0	0.0195088440823785	0	0
0	0.0132400179164757	0	0	0	0	0	0	0	0	0	0	0	0.025290959294257	0	0	0	0	0	0	0	0.138572716858268	0	0.0256361230568144	0	0	0	0	0	0.0327955777541854	0	0.118170521825959	0	0	0	0	0	0	0.403755136903255	0	0	0	0	0	0	0	0	0	0	2.588034090719e-08	0	0	0	0	0	0	0.0981030963976665	0	0	0	0	0.00986625069359198	0	0.0705936505576514	0	0	0	0	0	0	0.0184007403589238	0.0455751825026113	0	0	0	0	0	0	0	0	0	0	0	0	0	0
0	0.0659280570437703	0	0	2.2493133961599e-08	0.0183553213418247	0	0.0227532819560219	0	0.0188970494325428	0	0	0	0	0	0	0	0	0	0	0	0.181905019106915	0.0108206070267561	0	0	0	0.0105099690578576	0	0	0	0	0.0245408009671275	0	0	0.0257792662084226	0	0	0	0	0	0	0	0.0887277705182866	0	0	0	0	0	0	0	0	0	0	0	0	0.037874222752614	0	0	0	0.164282651150159	0	0.0835988842489232	0	0.0615220782518813	0	0	0	0	0.0662554708262262	0	0	0	0	0	0	0	0	0	0	0	0.0627500739899374	0	0.0287720270196577	0.0267274266079426	0	0
0	0.0150714498567111	0	0	1.93100956962617e-08	0	0	0	0	0.0403208404544589	0	0	0	0	0	0	0	0	0	0	0	0.154539907352937	0	0	0	0	0.105694262155809	0	0	0	0	0	0	0.152064040360235	0.027865926870574	0	0	0	0	0	0	0	0	0	0	0	0	0	0	0	0	0	0	0	0.0529813214227105	0.0564983808232298	0	0	0	0	0	0.0428571321557754	0	0.0423376362348596	0	0	0.214349514994379	0	0.0315262077597766	0	0	0.0443962451296744	0	0	0	0	0	0	0	0	0	0	0	0.0194971151187745	0	0
0	0	0	0	4.54006319774832e-08	0	0	0	0	0	0	0	0	0.0171563253466104	0	0	0	0.0764617444337768	0	0	0	0.0353307850562977	0	0.0179057804834712	0	0.203750351043373	0	0	0	0	0	0	0	0	0.0192340121078111	0	0	0	0	0	0.0185778533527023	0	0	0.0675403275965482	0	0	0	0	0	0	0	0	0	0	0	0	0	0	0	0.0424949805635519	0	0.0065090320161532	0	0.183678798568829	0	0	0	0	0.0130808424014374	0	0	0	0.107154822350505	0.0626475012903666	0.128476797987934	0	0	0	0	0	0	0	0	0	0	0
0	0.0110855811448373	0	0	0	0	0	0	0	0	0	0	0	0	0	0	0	0.0215690208767479	0.0502421906519799	0	0	0.0615835998411417	0	0	0	0.0663296632176446	0	0	0.026800502936596	0	0	0	0	0	0	0	0	0	0	0.1918006551807	0.0508813215940503	0	0	0	0	0	0	0	0	1.58107122574003e-08	0	0	0.0475234313313626	0	0	0	0	0	0	0	0	0	0.0125614606491445	0	0	0	0	0.10706837452205	0.0622226805467624	0	0	0	0	0	0	0	0	0	0	0	0.274716422347545	0	0	0.0156150793487254	0	0
0	0	0	0	0	0	0	0	0.0545200902243333	0	0	0	0	0.0142732167625473	0	0	0	0	0	0	0	0.0422915204154301	0.122063580483637	0.00716585196791486	0	0	0	0	0	0	0	0	0	0	0	0	0	0	0	0.0426557622634004	0	0	0	0	0	0	0.0288075561433609	0	0	0.211986901915667	0	0	0	0.0159216718651874	0	0	0	0	0	0	0	0	0	0	0	0	0	0.0954896620327431	0.0354723904846937	0	0	0	0.0398786333723613	0	0	0	0	0	0	0.185939304998318	0.034561502992841	0	0	0.00929755982582759	0.0596747942517365	0
0	0	0	0	1.92646409761917e-08	0	0.0364875106228544	0	0.0815415207932799	0	0	0	0	0	0	0	0	0	0.0292660173333539	0	0	0.232463617337123	0	0	0	0	0.0503549260582591	0	0	0	0	0	0	0.0847505151566007	0	0	0	0	0	0	0	0	0	0	0	0	0	0	0	0	0	0	0	0	0	0	0	0	0	0.123617320134659	0	0.0426970948611475	0	0.00928420049317745	0	0	0.0227734599263838	0	0	0	0	0	0	0.023042179045514	0	0	0	0	0	0	0.140427956922502	0	0	0	0.0514260635155195	0.0718675985349846
0	0	0	0	0	0	0.0555713126421897	0	0	0.0674922684433234	0	0	0	0	0	0	0	0.158711364862773	0	0	0	0.0520225862432386	0	0	0	0.18094923901959	0	0	0	0	0	0	0	0	0	0	0	0	0	0	0	0	0	0	0	0	0	0	0	3.35925958523032e-08	0	0	0	0	0	0	0	0	0	0	0	0.0245348992011237	0	0.126853279381997	0	0	0	0	0	0	0	0	0.155209407039004	0	0	0	0	0	0	0	0	0	0.178655609574164	0	0	0
0.00819100373386051	0	0	0	0	0	0	0	0.0328169272818573	0	0.0649964321603329	0	0	0	0	0	0	0	0.0369531772510404	0	0	0.0520569433852989	0	0	0.0228525005243687	0.0433835841477899	0.170666497939077	0.0539041447262942	0	0	0	0	0	0.0648544759387878	0.0400267223997926	0	0	0	0	0.13738261344518	0	0	0	0	0	0.059827343165094	0	0	0	2.22419234650075e-08	0	0	0	0	0	0	0	0	0	0.0809872196383621	0	0	0	0.0308486932520558	0	0	0	0	0	0	0.0710357816267326	0	0.029215917142152	0	0	0	0	0	0	0	0	0	0	0	0	0
0	0	0	0	0	0	0	0	0.0449666087026949	0	0	0	0.0284730750530529	0	0	0	0	0	0	0	0	0.149430126973252	0.0293835097000927	0	0	0	0	0	0.104236876548978	0	0	0.0653820641014197	0	0	0	0.0432111546934453	0	0	0.0968706806251366	0.283724448682179	0	0	0	0	0	0	0.0758970279692935	0	0	3.12262680465417e-08	0	0	0	0	0	0	0	0	0	0	0	0	0	0.0726338192660446	0	0	0	0	0	0	0	0	0	0	0	0	0	0	0	0	0	0	0	0.0057905764581438	0	0
0.0292840890210887	0	0	0	0	0	0.074108774814915	0	0	0	0.0489008477465354	0	0.0472905193902098	0.0136041144679445	0	0	0	0	0	0	0.0213847039718602	0	0	0.0205178039616238	0	0.0939593247685592	0	0	0.0192624857278883	0	0	0	0	0	0	0	0	0	0	0	0	0	0	0	0	0.0777723706202687	0	0	0	2.82613893404648e-08	0	0	0	0	0	0	0	0	0.0222901408517914	0	0	0	0	0.107954212557262	0	0	0	0	0.0309302675552017	0	0.0684651182069231	0.289981879977305	0	0	0	0	0	0	0	0	0	0	0	0	0	0.0342933180992336
0	0.0915912608877966	2.56195123671252e-08	0	0	0	0	0.0403500777981107	0.0147790165742093	0	0	0	0	0	0	0	0.0166922798116234	0	0	0.0506558690834462	0	0.0791696648056119	0.0180176425508714	0	0	0	0.100584118391451	0.0706250011321914	0	0	0	0	0	0	0.0174158261190442	0	0	0	0	0	0	0	0.0345178520913203	0	0	0	0.0843005023447375	0	0	0	0	0	0	0	0	0	0	0	0	0	0	0	0	0	0	0	0	0.148706625347628	0.0641322453337881	0	0	0	0	0.0399350023621346	0	0	0	0	0	0	0.128526989746523	0	0	0	0	0
0	0	0	0	0	0	0	0	0.120678834385467	0	0	0	0	0	0	0	0	0	0	0.0266313597664315	0	0.222715232415825	0	0	0	0.045886610409409	0	0	0	0	0	0	0	0	0	0	0	0	0	0	0	0.0182807990535823	0	0	0	0	0.0688836928009113	0	0	2.07093831692328e-08	0	0	0	0	0	0	0	0	0	0.0841308855495384	0	0	0	0.0125322195886254	0	0	0.0613003290856707	0.0321308204370258	0	0	0	0	0	0.173942344963493	0	0	0.111978496199538	0	0	0	0	0	0	0.0209083546351001	0	0
0	0	0	0	0	0	0.0684681951125794	0	0	0	0.0625115111527621	0	0	0	0	0	0.0445169836741378	0	0.0727913955796411	0	0.0198645611202301	0	0	0.0218058294816488	0	0	0	0	0.0190037438094987	0	0	0	0	0	0.0611870689509954	0	0	0	0	0.151744475128775	0	0	0	0	0	0.0318388177586077	0	0	0	1.85839761595089e-08	0	0	0	0	0	0	0	0	0	0	0.0888156406470729	0	0	0.0728249507814022	0	0	0	0	0	0.00638188076015445	0	0	0	0	0.0671621527366144	0.0578079306981494	0	0	0	0	0	0	0	0	0.153274844023754	0
0	0	0	0	1.79785578667694e-08	0	0	0	0	0.0530865433478781	0	0	0.0404310084958204	0	0	0	0	0.0976333873763611	0	0	0	0	0	0	0	0	0	0	0	0	0	0	0	0	0.0188661260428004	0	0	0.015544853272175	0	0	0	0	0.0748368121484176	0.105890519491274	0	0	0	0	0	0	0	0	0	0	0	0	0	0	0	0.0563099728870321	0.021847146739394	0	0	0	0	0	0	0.194070130431981	0.0104197609552057	0	0.0849594164357086	0	0	0	0	0	0	0	0	0.226104304397395	0	0	0	0	0	0
0	0	0	0	1.9726002990152e-08	0	0	0	0.0378410436564197	0	0	0	0	0	0	0	0	0.086646590646063	0	0	0	0	0	0	0	0	0	0	0	0	0	0	0	0	0	0	0	0.0464850620443091	0	0	0	0.0409829792112477	0	0	0.0318399860622881	0	0	0	0	0	0	0.0773905363431901	0	0	0	0	0	0	0	0	0	0.0199878294514041	0	0.0406053115645467	0	0	0.0302463291006532	0	0.0592230095427124	0	0	0	0	0.0181305999916125	0	0	0	0	0.138526054405716	0.168905356410848	0.0820538397548195	0	0	0	0.121135452088167	0
0	0	0	0	0	0	0	0.0998404996899898	0	0	0	0.0700947584832142	0	0	0	0	0	0	0	0	0	0	0	0	0	0	0.0650748409845532	0	0	0	0	0	0	0.0275309698969468	0	0	0	0.205184734972841	0	0	0	0	0	0	0.139770625758568	0.0146684861996539	0	0	0	0	0	0	0	0	0.018570769455449	0	0	0	0	0	0	0	0	0	0	0	0	0	0	0	0	0	0	0	0	0	0	0	0	0	0.359264314558784	0	0	0	0	0
0	0.0364959266685548	0	0	0	0	0	0	0	0	0	0	0	0	0	0	0	0	0	0	0	0	0.041603450959638	0	0	0	0.0526470890837454	0	0	0	0	0	0	0	0	0	0	0	0	0	0	0	0	0	0	0.0467012021068968	0	0	0	0	0	0	0	0	0	0	0	0	0	0	0	0	0.0942761587499157	0	0	0	0.263276879198877	0	0.0199996759529074	0	0	0	0.0472135531395987	0	0	0	0	0	0	0	0.267488433874724	0	0	0.0122520852383409	0	0.118045545026802
0	0	0	0	2.20125713021029e-08	0	0	0	0	0.0511361658296906	0	0	0	0	0	0	0	0	0	0	0.0423723424308206	0.0862847146154125	0.0513780445172016	0	0	0	0	0.0368588685436844	0	0	0.0643007695724085	0	0	0.0924926637107205	0	0	0	0	0	0	0	0	0	0	0.277358699772631	0.0399909711800619	0	0	0	0	0	0.113402569567866	0	0	0	0	0	0	0	0	0	0	0.144424168246932	0	0	0	0	0	0	0	0	0	0	0	0	0	0	0	0	0	0	0	0	0	0	0
0	0	0	0	0	0	0	0	0	0	0	0	0	0	0	0	0	0.0828993760140095	0.0531254965605347	0	0	0.106007787149908	0	0	0	0	0	0	0	0	0	0	0	0	0	0	0	0	0	0.0438381897181526	0	0	0.0246920326621895	0	0	0	0.0794237127849727	0	0	0	0	0	0	0	0	0	0	0	0	0.0823864588590038	0	0	0	0	0	0	0	0.113212903691697	0	0	0	0	0.0807554779532108	0	0	0.111832782627536	0	0	0.221825781978785	0	0	0	0	0	0	0
0	0	0	0	0	0	0.026060596979273	0	0	0	0	0	0.0124018797398621	0	0	0	0	0	0	0	0.0881145160025897	0.0730729899155986	0.0789602702600313	0	0	0	0	0	0	0	0	0	0	0	0	0	0	0.0318235527672367	0.0295325477392705	0	0	0	0	0	0	0	0	0	0	0.113723373074474	0	0	0	0	0	0	0	0	0	0.100816637279086	0	0.0623573161471503	0.118954977204781	0.0964666918744509	0	0	0	0	0	0	0.11529901490333	0.023558430663501	0	0	0.0288572054493648	0	0	0	0	0	0	0	0	0	0	0
0	0.0165362353658726	0	0	0	0	0	0	0	0	0	0	0	0.027586830599871	0	0	0	0	0	0	0	0	0	0.0522657380257592	0	0	0	0	0	0	0	0.0809768075056354	0	0	0.0544378466630585	0	0	0	0.0357661350075866	0.0252830738190763	0	0.00948405747337642	0	0	0	0	0	2.18508010958216e-08	0	0	0	0.0967155549676343	0	0	0	0	0	0	0	0	0	0.0766999526523861	0	0.0172100481371973	0	0	0	0.149185309829374	0	0.0108287464845959	0	0	0.0107985555558247	0	0	0	0	0	0	0	0.118535168867408	0	0.0702704339600621	0.147419483234481	0	0
0	0.0097058363325192	0	0	0	0	0	0	0	0	0	0	0.00471735010625324	0	0	0	0	0	0	0	0	0	0	0	0	0.0247711315952508	0	0	0	0	0	0	0	0	0.0233723613923751	0	0	0	0.212202565140749	0.135979612628634	0	0	0	0	0	0	0	0	0	0.0793617056509794	0	0	0	0	0.0894455285746517	0	0	0	0	0	0	0	0	0	0	0	0	0	0	0	0	0	0	0	0	0	0	0	0.303868040875216	0.0623772330831408	0.054198634620231	0	0	0	0	0
0	0	0	0	0	0	0	0.0282115822631222	0	0	0	0	0.0548905980683998	0	0	0	0	0.0346351978840104	0	0	0	0.10754691266814	0.0624296938494892	0.0266537717415534	0	0	0	0.057178717116343	0	0	0	0.118625713451593	0	0	0	0	0	0	0	0	0	0	0	0	0	0	0	0	0	0	0	0	0	0	0.0472958181292096	0	0	0	0	0	0	0	0.0835822715545206	0	0	0	0	0	0	0	0	0	0	0	0.037891510460901	0	0.0991351209769377	0	0	0	0.24192309183578	0	0	0	0	0
0	0	0	0	0	0	0	0	0.0286342655622356	0	0	0	0	0	0	0	0	0.107588943653243	0	0	0	0.174036514287717	0.0137654797793671	0	0	0	0.024161715379364	0	0	0	0	0	0	0	0	0	0	0	0	0.0195883092493276	0	0	0	0	0	0	0	0	0	0	0	0.0752398503015465	0	0	0	0	0	0.0169535674435607	0	0	0.0765637694868259	0	0	0	0	0	0	0	0	0	0	0	0	0	0	0	0	0	0	0	0.463467584856812	0	0	0	0	0
0	0	0	0	0	0	0	0	0.111542830079695	0.0985111609512917	0	0	0	0	0	0	0	0.0445472321517596	0	0.0161797283634035	0	0	0	0.0246226938055665	0	0.202494512163187	0	0	0	0	0.111122703424575	0	0	0	0.0114064302886417	0.0190672366510578	0	0	0	0	0	0	0.0740270643492107	0	0	0	0	0	0	2.37322619050809e-08	0	0	0	0	0	0	0	0	0	0	0	0.0218344371043401	0.09253636402358	0.0497254591074512	0	0	0	0	0	0.0219269203388455	0	0	0	0.0765867705054873	0	0	0	0	0	0	0	0	0.0238684329596457	0	0	0
0	0	0	0	0	0	0.0761557577567257	0	0	0	0.0756439052979835	0	0	0	0	0	0	0	0	0	0	0	0.0304226745116284	0.0265630920367977	0	0	0	0	0.065200575123136	0	0	0	0	0	0.0283141224953575	0.01824655583332	0	0	0	0	0	0	0	0	0	0	0	0	0	2.87993074116401e-08	0	0.14072935202286	0.0630674764658301	0	0	0	0	0	0	0	0	0	0.185662095469733	0.17288616759323	0	0	0	0	0	0	0	0	0	0	0	0	0	0	0	0	0.0393716588322166	0	0	0.0777365377618745	0	0
0	0	0	0	0	0	0	0	0	0	0	0	0	0	0	0	0	0	0	0	0	0.104791624938483	0.0810221892139049	0	0	0	0	0	0	0	0	0.157343053624793	0	0.0248980480279464	0	0	0	0	0	0.0407613128583658	0	0	0	0	0	0	0	0	0	2.15370499742217e-08	0	0	0	0.129552799097919	0	0	0	0.0201847383012944	0	0	0	0	0.0837085033070802	0	0	0	0.0401289909045742	0	0.0216207286117329	0	0.0991322214071011	0	0	0	0	0	0	0	0	0.147798326399068	0	0	0	0	0	0.0490574417706862
0	0	2.81517855238349e-08	0.076550036705021	0	0	0	0	0.0827007674844381	0.0363513868130055	0	0	0.0196049040689359	0	0	0	0	0	0.018311376991589	0.0158376416771079	0	0	0	0	0	0	0	0	0	0	0	0	0	0	0	0	0	0	0.234277155445747	0	0	0	0	0	0	0	0.111906249287033	0	0	0	0	0	0	0	0	0	0	0	0	0.0416880665257976	0	0	0	0.0288293838985683	0	0	0	0	0	0	0	0	0	0	0.0493238270197511	0	0	0	0	0	0	0	0	0	0	0.28461917593122
0	0.0139932116078915	0.329316939511261	0	0	0	0	0	0	0	0	0	0	0.0502907552022588	0	0	0	0.0742878385648247	0	0.0570483516168598	0	0	0	0	0	0	0.157290458849806	0	0	0	0	0	0	0	0	0	0	0	0.0825086534011774	0	0.0123888267226067	0	0	0.0243367783839844	0	0	0	0	0	0	0	0	0	0	0	0	0	0	0	0	0	0.0388699577744579	0	0.0342209898741828	0	0	0.0606949109462955	0	0	0	0.0381448843153556	0	0.0126722837853233	0	0.0139351594437152	0	0	0	0	0	0	0	0	0	0	0
0	0	0	0	0	0	0	0	0	0	0	0	0	0	0	0	0	0	0	0	0	0.0569162301390422	0	0.0749640963772707	0	0	0	0	0	0	0.138766882413399	0	0	0	0	0	0	0	0	0	0	0	0.131709798985441	0	0	0	0	0	0	0	0	0	0	0	0.194812080865744	0	0	0	0	0	0	0	0	0	0	0	0	0	0	0	0.20733389089264	0	0	0	0.195496996767777	0	0	0	0	0	2.35586865862249e-08	0	0	0	0	0
0	0	0	0	0	0	0	0	0.0216338171884183	0	0	0	0	0.035307042341932	0	0	0	0	0	0	0	0	0	0	0	0	0	0.0702549814149713	0	0.0912958853922837	0	0.0750171860835753	0	0	0	0	0	0	0	0	0.0496352945949135	0	0	0	0.137932120556786	0	0	0	0	1.24368112857822e-08	0	0.057041253744825	0	0.154564705253572	0	0	0	0	0	0	0.0415605924285724	0	0	0	0	0	0.0553867874357108	0	0	0	0	0	0	0	0	0	0	0	0.0672244317010699	0	0	0	0	0	0	0.143145889426559
0.066429861498773	0.00741215963696295	0	0	0	0	0	0	0.0215701547587139	0	0	0	0	0	0	0	0	0.120656898064671	0.0270434670994182	0	0	0	0.0918194400049127	0	0	0.0264871261125843	0	0.0210589676073642	0.0212806034454123	0	0	0	0	0	0	0	0	0	0	0.116394966518995	0	0	0.0520988825509663	0	0	0	0	0	0	3.04910341816073e-08	0	0	0	0	0	0	0	0	0.0536761628039924	0	0	0.00639369270860554	0	0	0	0	0	0	0.030979539405441	0	0.0999350416913097	0	0	0	0	0	0	0	0.199797462103567	0.0369655434972768	0	0	0	0	0	0
0	0	0	0	0	0	0	0.0459478148730352	0	0.0542876723893331	0	0	0	0	0	0	0.0991733072958661	0	0	0	0	0.0886932338778803	0.0312004318840148	0	0	0	0.268601257283164	0	0	0	0	0	0	0.134495939811934	0.101551439303364	0	0	0	0	0	0	0	0	0	0	0	0	0	0	3.09021042632915e-08	0	0	0	0	0	0	0	0	0	0	0	0.0476323168779262	0	0.0238331331161674	0	0	0	0	0	0	0	0	0.104583422385211	0	0	0	0	0	0	0	0	0	0	0	0	0
0	0	0	0	0	0	0	0.0540140934949398	0	0.128249163164382	0	0	0	0	0	0	0	0	0	0	0	0.0671531823680818	0.0441536699005476	0	0	0.0402507186662041	0	0	0	0	0	0	0	0	0	0	0	0	0	0.118327931393375	0	0	0.0737414688641935	0	0	0	0	0	0	2.48571709479369e-08	0	0	0	0	0	0	0	0	0	0.0396728008585743	0	0	0.0166197994913463	0.156058648048993	0	0	0	0	0.0456338019635745	0	0	0	0.0204932322642118	0.100426475489834	0	0	0	0	0	0	0	0	0	0.09520498917457	0	0
0	0	0	0.0609944050523309	0	0	0.0892900601862641	0.049370026505423	0	0	0	0	0.0118478792013907	0	0	0	0.053381812687929	0	0	0	0	0.108160599931311	0.00899354391194048	0	0	0	0	0	0	0	0	0	0	0	0	0.0748190749633546	0	0	0	0.0184474010432467	0.0921007270620167	0.0380960275275482	0.0909175104288906	0	0	0	0.0556504041550562	0	0.0856579490319551	0.042406029404593	0	0	0	0	0	0	0	0	0	0	0	0	0	0.0829727359429612	0	0	0	0	0	0	0	0	0	0	0	0	0	0	0	0	0	0	0.036893812963789	0	0	0
0	0	0	0	0	0	0	0	0	0.0316801544300871	0.0934290457741832	0	0	0	0	0	0	0	0	0	0	0	0.109199878117778	0.0290016739708887	0	0	0	0	0	0	0	0	0	0	0	0	0	0	0	0.142077478442586	0	0	0	0	0	0.0524572810519335	0	0	0	0	0	0	0	0	0	0	0	0	0	0.106838891046433	0	0.0347442469109901	0.0449689095577279	0	0.0487658842582756	0	0	0	0.0147720335570572	0	0	0	0	0	0	0	0	0	0	0	0.269943514227494	0	0	0.0221210086545646	0	0
0	0	0.320565553873912	0.0531610487101078	0	0	0	0	0	0.068585046412582	0	0	0	0	0	0	0	0	0	0.0368058544945625	0	0	0	0.0154334267284137	0	0	0	0	0.0614218575226194	0	0	0	0	0	0	0	0	0	0.0355611407838517	0	0	0	0	0	0.102329545612985	0	0.0869326756061767	0	0	0	0	0	0	0	0	0	0	0	0	0	0	0	0	0.134036872193406	0	0	0	0	0	0.0170075425940246	0	0	0	0	0	0	0	0	0	0	0	0	0.0336671263843133	0.0344923090830454	0	0
0	0	0	0	2.82021577584702e-08	0.0263943812232334	0	0	0	0	0	0	0	0	0	0	0	0	0	0	0	0.0952194795232243	0	0	0	0	0	0	0	0	0	0.132476885102216	0	0	0.0116567600052735	0	0	0	0	0	0	0	0.0980383729488362	0	0	0	0	0	0	0	0	0.0309986974980527	0	0	0	0	0	0	0	0.12207780304801	0	0	0	0.211470305952087	0	0	0	0	0	0	0	0	0.022560536191486	0	0	0	0	0	0	0	0.033287360939133	0	0	0.00701207365849331	0	0.208807315707795
0	0	0	0.0306724373318317	0	0	0	0	0	0	0	0	0	0	0	0	0.0295811529281885	0	0	0	0.0190960951959753	0.340396825676381	0.0267000368089619	0	0	0	0	0	0	0	0.0103090637714512	0	0	0	0	0	0	0	0.230850935048046	0	0	0	0	0	0	0	0	0	0	0	0	0	0	0	0	0	0	0.0171214445857953	0	0	0.1533147601519	0	0	0	0	0	0	0.0252035390405015	0.0185772212293783	0	0	0	0	0	0	0	0	0	0.011314212267026	0	0	0	0	0	0	0.0868622759645634
0	0	0.146398950022984	0.192835917738539	0	0	0	0	0	0	0	0	0	0	0	0	0	0	0	0	0	0	0	0	0	0.0163706847126506	0	0	0	0	0	0	0	0.172434125403125	0	0	0	0	0	0	0	0	0	0	0	0	0.0980953707772694	0	0	0	0	0	0	0	0	0	0	0	0	0	0	0	0	0.0808996697215985	0	0	0	0	0.0477260228980751	0	0	0	0	0	0	0	0	0	0	0.143204695480267	0.102034563245491	0	0	0	0	0
0.0231213839743049	0.0241742922614848	1.83207351521695e-08	0	0	0	0	0.0272555274554052	0	0	0	0	0	0	0	0.0325212692656714	0	0	0	0	0	0	0	0	0	0.0228894754710266	0	0.0714418039649493	0	0	0	0	0	0	0	0	0	0	0.108989571672287	0.0245940979900103	0	0	0	0	0	0	0.178841436132021	0	0	0	0	0	0	0	0	0	0	0	0	0	0.0276010448687803	0	0	0	0	0	0	0.0290201470719768	0	0	0	0	0	0	0	0	0	0	0	0	0.310871124301562	0	0.0290748254214265	0.0606284124860068	0	0.0289755693423505
0	0	2.50717345663556e-08	0	0	0	0	0	0.0290207885815949	0.0681412649127114	0.15303422162727	0	0	0	0	0	0.0706502270513666	0	0	0	0	0.219274865373796	0.0719123790613167	0	0	0	0	0	0	0	0	0	0	0	0	0	0	0	0	0	0	0	0.188712045338227	0	0	0	0	0	0	0	0	0	0	0	0.0142202194731288	0	0	0	0	0	0	0	0	0	0	0	0	0	0	0	0	0	0	0.0918541778322508	0	0	0.0542176712755654	0	0	0.0389621144010385	0	0	0	0	0	0
0.08623767474197	0	0	0	0	0	0	0	0	0	0	0	0	0	0	0	0	0	0.02864383974735	0	0.0165571880339009	0.191338854325814	0.137025727731238	0	0	0	0	0	0	0	0	0	0	0.0909807729061451	0	0.0186041752502686	0	0	0	0	0	0	0	0	0	0.154672413108866	0	0	0	0	0	0	0	0	0	0	0	0	0	0	0	0	0.142162878397181	0.0145093478277655	0	0	0	0.119267108250859	0	0	0	0	0	0	0	0	0	0	0	0	1.9678641384871e-08	0	0	0	0	0
0	0.0111102515560922	0	0	2.32282638971592e-08	0	0.0110910945689074	0	0.0226644525447927	0	0	0	0	0	0	0	0.141810202277563	0	0	0	0	0.0300146429565955	0.0756516589332062	0.0364991126955282	0	0	0	0	0	0	0	0	0	0.12616686848888	0	0	0	0	0	0.211770876878258	0	0	0	0	0	0.0241192701825463	0	0	0	0	0	0	0	0	0	0	0	0	0	0.0585679235270969	0	0.0379331571648288	0	0.133300013840538	0	0	0	0	0	0	0	0	0	0	0.0793004511569032	0	0	0	0	0	0	0	0	0	0	0
0.0125340016821124	0	0	0	0	0	0	0	0	0	0	0	0	0.0388029997387472	0	0	0	0.0285414327072601	0	0	0	0	0	0	0	0.0670702108671415	0	0	0.0398568556653203	0	0	0	0	0	0	0	0	0	0	0.160371629109452	0	0	0	0	0	0	0	0	0	0	0	0	0	0	0.0301617182857345	0	0	0	0	0	0.134375155634043	0	0.0255264280819968	0	0	0	0	0.0501070426462885	0.0185779762533866	0	0	0	0	0	0	0	0	0	0	0	0.378603062893442	0	0	0.0154714864350755	0	0
0	0	0	0.0383432281415266	1.87476821925111e-08	0	0	0	0	0	0	0	0	0	0	0	0	0.063961356029468	0	0	0	0	0	0	0	0	0	0	0	0	0	0	0	0	0	0	0	0.0492758912806864	0.0968748061024002	0	0	0	0	0	0	0	0	0	0	0	0	0	0	0	0	0	0	0	0	0	0.110176024581911	0.00710730435386988	0	0	0	0	0	0.0330284756482237	0.0162780269910326	0	0	0	0	0	0.135096587342431	0.16724028922094	0	0	0.0535131404947867	0.0655149372549118	0	0	0	0.0496950957578063	0.0235465197164022	0.0903482983359221
0	0	0	0	0	0	0	0	0	0.0132658418802464	0	0	0	0.0130171356252073	0	0	0	0	0	0	0	0.160730275489594	0.0348595598550281	0	0	0	0.0786405780741913	0	0	0	0	0.125744593322894	0	0	0	0	0	0	0	0	0	0	0	0	0	0	0	0	0	0	0	0.174720959385503	0	0	0	0	0	0	0	0	0	0	0	0.0795098422227765	0	0	0	0	0.00729704495612894	0	0	0	0	0	0	0	0.0277428392829207	0	0.205100115371122	0.0793712145343875	0	0	0	0	0	0
0.023508775497376	0	1.48490407201237e-08	0	0	0	0	0	0	0	0	0	0	0	0	0	0	0.0933253766817811	0	0	0.0600016510041532	0.111053362930268	0.0236993009173242	0	0	0	0	0	0	0	0	0	0	0	0	0	0	0	0.251341058063768	0	0	0	0.0809020884794685	0.0946224353526665	0	0	0.0411630460338561	0	0	0	0	0	0	0	0.0758040178417244	0	0	0	0	0	0	0	0	0	0	0	0	0	0	0	0	0	0.0663559224836365	0	0	0	0	0	0	0.059733505309583	0.0184894445553539	0	0	0	0	0
0	0	0.00209248514625472	0.0337174815267888	0	0	0	0.0650915712828324	0	0	0	0	0.0464986520629727	0	0	0	0.0364570506060743	0	0	0	0	0.0470319014087781	0	0.0249324395156964	0	0	0	0.102580632867569	0	0	0	0	0	0	0.0152269097706734	0.0122707164533033	0	0	0.0920202361021469	0	0	0.0414643957865203	0	0	0	0	0.224098235191858	0	0	0	0	0.0188548888481689	0	0	0	0	0	0.0570123945746304	0	0	0	0	0.0444340869816612	0.0737923720129871	0	0	0	0	0	0.0215562665593535	0	0	0	0	0	0	0	0	0.0408672833017307	0	0	0	0	0	0	0
0	0	0	0	0.00149465013805939	0	0	0	0	0	0	0	0	0	0	0	0	0	0	0	0	0.0685358731452409	0	0	0	0.0580072666052936	0	0	0.0499818402769267	0	0	0	0	0	0	0	0.0750918084669771	0	0	0	0	0	0	0	0	0	0	0	0	0	0	0.123828781723322	0	0	0	0	0	0.0501917663907765	0.0063680798957801	0.0577397712140908	0	0	0.0656946663753706	0.122799299805503	0	0	0.0449065714311911	0.0305921993794888	0.0262213055714869	0.0567850005977875	0	0	0	0	0	0	0	0	0	0.108722187165547	0	0	0	0	0	0.0530389318171584
0	0	0	0	3.11059618760506e-08	0	0	0	0	0.0520455750335619	0	0	0	0	0	0	0	0	0	0	0	0.160968821678724	0.0443721328506423	0	0	0	0	0	0	0	0.0574393747150439	0	0	0	0	0	0	0.035254824739948	0	0.0196024259543141	0.0440277578294963	0.0313605053489817	0.170399548398244	0	0	0	0	0	0	0	0	0	0	0	0	0	0	0	0	0	0	0	0.062223044246994	0.106378507114741	0	0	0	0.0685514473722829	0	0	0	0	0.0257885929592733	0.121587410651791	0	0	0	0	0	0	0	0	0	0	0	0
0	0	0	0	0	0.0243863342293332	0	0	0	0	0	0	0.0140943931585548	0.00903045036848308	0	0	0	0	0	0	0	0	0	0	0	0	0	0	0	0	0	0	0	0	0	0	0.0621584610069353	0	0.0199820100672386	0.0854722184196659	0	0	0	0	0.0435892171699342	0	0	0	0	0	0	0	0	0	0	0	0	0	0	0	0	0	0	0	0	0	0	0	0	0	0	0	0.0979202790609974	0	0	0	0	0	0.425658293638066	0.125705071906885	0	0	0	0.0920032709739065	0	0
0	0	0	0	0	0	0	0.02245936111152	0.0447460160563435	0	0	0	0	0	0	0	0.051128262321674	0.0428587919720104	0	0	0	0.0610255122051707	0	0.0211954472552747	0	0	0	0	0.037571726034709	0	0	0	0	0	0	0	0	0	0	0	0	0	0	0	0	0	0	0	0	0	0	0	0	0	0	0	0	0	0	0	0	0	0	0.0717496622947426	0	0	0	0	0	0	0	0	0	0.0155330733327209	0	0	0	0.0381040569888577	1.61183378053082e-08	0	0.451369158703146	0	0	0	0	0.142258915605492
0	0.0748324443468773	0.0790579847272785	0	2.44618395361696e-08	0	0	0	0	0	0.0799136270491871	0	0	0	0	0	0.0550726193776651	0	0.024742482766239	0	0	0.112310421303713	0	0	0	0	0	0	0	0	0	0	0	0	0	0	0	0.0506781847899916	0	0	0	0	0	0	0	0	0	0	0	0	0	0	0	0	0	0	0	0	0	0.0315424978002104	0	0	0.0433643406650531	0.111160807470466	0	0	0	0	0	0	0	0	0	0.0172767177190031	0.0200147726042317	0	0	0	0	0	0.300033074918245	0	0	0	0	0
0	0	0	0	0	0	0	0	0.0331444086028746	0	0	0	0.0213082429027217	0	0	0	0	0	0.0528932048196863	0	0	0	0	0	0	0.140020480375382	0	0.0434425741239807	0	0	0	0	0	0	0	0	0	0	0	0	0	0	0	0	0	0.0181873461749076	0	0	0	0	0	0	0	0	0	0	0	0	0	0.0445265336661293	0	0	0.145663282600386	0.108382577154644	0	0	0	0	0	0	0	0	0	0	0	0	0.0506062426386278	0	0	0	0.34182510694066	0	0	0	0	0
0	0	0	0	2.7709935405215e-08	0	0	0	0	0.0171473063428888	0	0	0	0	0	0	0	0	0	0	0	0.167443145458093	0.0374117787686233	0	0	0	0.0159095432381984	0.0489536000954455	0	0	0	0.1270447320307	0	0	0	0	0	0	0	0.123863125800794	0	0.072637611168081	0	0	0	0	0	0	0	0	0.028839094317934	0	0	0	0	0	0	0	0	0	0	0	0	0	0	0	0	0.0831753998983109	0	0	0.0198457042119523	0	0.0561868985620213	0	0	0	0	0	0	0	0	0	0	0.0737675732052911	0	0.12777445919173
0	0	2.23267804231982e-08	0	0	0	0	0	0	0.059657013304314	0	0	0.0147971528762279	0	0	0	0	0	0	0	0	0.0421376731789758	0	0	0	0	0	0	0	0	0	0	0	0	0	0	0	0.0215901608690201	0	0	0	0.0244941198948178	0.145662720348854	0	0	0	0	0	0	0	0	0	0.0588185193497035	0	0	0	0	0	0	0	0	0	0.0849082998602019	0	0	0	0	0	0.0177218969608841	0	0	0	0.0300713422675271	0	0	0	0.010492675460737	0	0	0	0.460764116421891	0	0	0.0288842868800654	0	0
0	0	0	0	0	0	0	0	0	0	0.0275573540354889	0	0.00510845234355738	0	0	0	0	0	0	0	0	0.0134221652536724	0.0121834511168582	0	0	0.0134102325300767	0	0	0	0	0	0	0	0	0	0	0	0	0.282448838214777	0	0	0	0	0	0	0	0.0458536093370545	0	0	2.00968036901865e-08	0	0	0	0	0	0	0	0	0	0	0	0	0.0149370292230301	0.0323618438242518	0	0	0.0371772706649611	0.209512403971931	0	0	0.0145658628796191	0	0	0	0	0.154176051768828	0	0	0	0	0.137285414739091	0	0	0	0	0
0	0.0239689784967419	0	0	0	0	0	0	0	0	0	0	0	0.0264867361255091	0	0	0.0829376861575464	0	0.0244830959618528	0	0.0189265403357667	0	0.0101575270383964	0	0	0	0	0.0746041389623661	0.0497683380758874	0	0	0.0678543040197338	0	0	0	0	0	0	0	0	0	0.0296989117327599	0	0	0.0914179431044249	0	0	0	0	1.8377691371042e-08	0	0	0	0	0	0	0	0	0	0	0	0	0.0246781465825935	0	0	0	0.126917564283674	0	0	0	0.0495258084227771	0	0.0236479202483394	0	0	0.11746597693454	0	0	0	0	0.157460365139399	0	0	0	0	0
0	0	0.0604108131517762	0	0	0.038350127679901	0	0	0	0	0.0485235076711011	0	0	0.00810720239994908	0	0	0	0	0	0	0	0.0653264538608458	0.0626201799167491	0	0	0	0	0	0.0703250066811252	0	0	0.133920531423213	0	0	0	0	0	0	0	0.0307775606116876	0	0	0	0	0	0	0	0	0	0	0	0	0	0.122749470213523	0	0	0	0	0	0	0	0	0	0	0	0	0	0	0	0	0	0	0.098913937724437	0	0	0	0	0	0	0	0.17701490187193	0	0	0.0829603067937617	0	0
0	0	1.33627992280831e-08	0.0876924295757703	0	0	0	0.0612356969592021	0.071971589260749	0.0119075279950206	0	0	0	0	0	0	0	0.0440620171520087	0	0	0	0	0	0.0345174307531537	0	0	0	0	0.0414273928042913	0	0	0.104713008560363	0	0.0619961690915013	0	0	0	0	0	0	0	0	0	0.0326644315656876	0	0	0	0	0	0	0	0	0	0	0	0	0	0	0	0	0.0607562508472285	0	0	0	0	0	0	0	0	0	0	0	0.0318354583981063	0	0	0	0	0	0.113618408600008	0.203582062303986	0	0	0	0.0380201127701239	0	0
0	0	0	0	2.01535916761222e-08	0	0	0	0	0	0	0	0	0	0	0	0	0	0	0	0	0.105536687391787	0	0	0	0	0	0	0.0412585726759019	0	0	0	0	0	0	0.0499947312323087	0	0	0	0.100486059489061	0	0	0	0	0	0	0.0275523256442878	0	0	0	0	0	0	0	0.0128814830893997	0	0	0.0246971455972062	0	0	0.025449064505831	0	0	0	0	0	0	0	0	0	0	0	0.0574868312283738	0.180548399371677	0	0	0	0	0	0	0	0	0.0824761355243215	0.0306648369767748	0	0.260967707119478
0	0	0	0	2.0961982593839e-08	0	0.0755474317594809	0	0	0.0132998472750884	0	0	0	0	0	0	0	0	0	0	0	0.030464835534305	0.0177890433141501	0	0	0	0	0.153736048715621	0	0	0	0.142086050177962	0	0.0979227655953428	0.0559398615633993	0	0	0	0	0.0654837422551245	0.00820132210663547	0	0	0	0	0.0162065270144255	0	0	0	0	0	0	0	0.037470446482652	0	0	0	0	0	0.0476087076776556	0	0.0501755799448936	0	0	0	0.0198349025752572	0.0410682136492176	0	0	0	0	0	0	0	0	0	0	0	0	0	0	2.10068809524217e-08	0	0.0906408671990451	0	0.0365237651908799
0	0.0380631184455113	0	0	0	0.0214684563394252	0	0	0.121412301461257	0.0569828111469066	0.14322538059816	0	0	0	0	0	0	0.0197064945032506	0	0.0204758672949206	0	0.113749984159122	0	0	0	0	0	0	0	0	0	0	0	0	0	0.0145203907138477	0	0	0	0	0	0	0	0	0	0	0	0.181746796469952	0	0	0	0.122665571718234	0	0	0	0	0	0	0	0.0451477317939577	0	0	0.100835095355456	0	0	0	0	0	0	0	0	0	0	0	0	0	0	0	0	0	0	0	0	0	0	0
0	0.0106610462281389	0	0	0	0	0	0	0.0125553530986319	0	0	0.0505284307530414	0	0	0.172305620947476	0	0	0	0	0	0	0	0	0	0	0	0	0	0	0	0	0	0	0	0	0	0	0	0	0	0	0	0	0	0	0	0.0337742907948508	0	0	0.233419195451365	0	0.184506852531781	0	0	0	0	0.0497251113282279	0	0	0.0941161416385247	0	0	0	0	0	0	0	0	0.0235927888284077	0	0.063154121123827	0	0	0	0	0	0	0	0	0	0	0	0.0489919923322924	0.0226690549434346	0	0
0	0	0.00921519931752109	0	0	0	0	0	0	0.0266190269357	0	0	0	0	0	0	0	0.0162818576286707	0	0	0	0.184299267924553	0.0113409694052348	0	0	0	0	0	0	0	0.0721916091634543	0	0	0	0	0	0	0	0	0	0.0323376472061856	0	0	0	0	0.10805396979156	0	0	0	0	0	0	0	0	0	0	0	0	0	0.239696628240546	0	0	0.107234206501043	0	0	0	0	0	0.0922781534391368	0	0	0	0	0	0	0	0	0	0	0	0	0	0	0	0	0.100451464446395
0	0	0	0	0	0	0	0	0	0	0	0	0	0	0	0	0	0	0	0	0	0.0228185089391883	0	0	0	0	0	0.0363614886343454	0	0	0	0	0	0	0	0.0415173434556846	0	0	0.276463827386962	0	0	0	0	0	0	0	0	0	0	0	0	0	0	0	0	0	0	0	0	0	0	0.0284211734231147	0.0252707999723261	0	0	0	0	0	0	0.0413086674202776	0.0396987532559387	0	0	0	0	0	0	0	0.460444999563388	0	0	0	0	0.0276944379487748	0	0
0	0	0	0	0	0	0	0.0970167096480841	0	0	0	0	0	0	0	0	0	0	0	0	0.0794744555345205	0.286306942625752	0	0	0	0	0	0.0534196177468561	0	0.0188603208146307	0	0	0	0	0	0	0	0	0	0	0.26141826571605	0	0	0	0	0	0	0	0	0	0	0	0	0	0	0	0	0	0	0	0	0.0229566414629698	0	0.0255200189743523	0	0	0	0	0	0	0	0	0	0	0	0	0.0367406445854415	0	2.74412520881447e-08	0.118286355450091	0	0	0	0	0	0
0.0280431714128764	0.100756902510621	0	0	0.00177642591120555	0.0110820996206355	0	0	0	0.0898563950777946	0	0	0	0	0	0	0	0	0	0	0.0308173973490386	0.0558980093161279	0.0355048517885951	0	0	0	0	0	0	0	0	0	0	0	0	0	0	0	0	0	0	0	0	0	0	0	0	0	0	0	0	0	0	0	0	0	0	0	0	0.0537249152525085	0.0790720598611852	0	0	0.0321043611889206	0	0	0	0	0.0612786624660765	0	0	0	0.132389864261881	0	0	0	0	0	0	0	0.243549485400497	0	0.0441453985820369	0	0	0
0.0221943347284338	0	0	0	0	0	0	0	0	0	0	0	0	0	0	0	0.0642055943485569	0.0280998392684143	0	0	0.155079236812299	0.0426040813967817	0	0	0	0	0	0	0.0667629071494046	0	0	0	0.238880313350396	0	0	0	0	0	0	0	0	0	0	0	0	0	0.0579954413638506	0	0	0	0	0	0	0	0	0	0	0	0	0	0.0175605988319917	0	0.0567249783805256	0.0813362757798743	0	0	0	0	0	0	0.0325905309331495	0	0	0	0	0	0	0	0	0.048365456619789	0	0	0	0	0	0.0876004110365333
0	0	0	0	0	0	0.0673347473353935	0	0.103422602981549	0	0	0	0.0395524739728764	0	0	0	0	0	0	0	0	0.124178946730257	0	0	0	0.0704649055774529	0	0	0	0	0	0	0	0	0	0	0	0	0	0	0	0	0	0	0	0	0	0	0	2.37555820202404e-08	0	0	0	0	0.013410103649317	0	0	0	0	0.019746374039667	0.0774722457533563	0	0.0316812297853358	0.0669970491398537	0	0	0	0	0.00803326594549164	0	0	0	0	0	0	0	0	0	0	0.0944313084876818	0.240886548620207	0	0	0	0	0.0423881742259796
0	0	0	0	1.7020599455352e-08	0	0	0	0	0	0	0	0	0	0	0	0	0	0	0	0.0479512867220505	0.127455497901965	0.0117960315501411	0	0	0	0.0615448216277242	0	0	0	0	0	0	0	0	0	0	0	0	0	0	0	0	0	0	0	0	0	0	0	0	0.248158338183239	0	0	0	0	0	0.00383039765273945	0.0348250452121296	0	0	0.122508572719526	0	0.0743870121846245	0	0	0	0	0.0227434986294354	0.0283638466185224	0.123056401809514	0	0.0180431501009573	0	0	0	0.0753360820668328	0	0	0	0	0	0	0	0	0
