"SBS1"	"SBS2"	"SBS3"	"SBS4"	"SBS5"	"SBS6"	"SBS7a"	"SBS7b"	"SBS7c"	"SBS7d"	"SBS8"	"SBS9"	"SBS10a"	"SBS10b"	"SBS10c"	"SBS10d"	"SBS11"	"SBS12"	"SBS13"	"SBS14"	"SBS15"	"SBS16"	"SBS17a"	"SBS17b"	"SBS18"	"SBS19"	"SBS20"	"SBS21"	"SBS22a"	"SBS22b"	"SBS23"	"SBS24"	"SBS25"	"SBS26"	"SBS27"	"SBS28"	"SBS29"	"SBS30"	"SBS31"	"SBS32"	"SBS33"	"SBS34"	"SBS35"	"SBS36"	"SBS37"	"SBS38"	"SBS39"	"SBS40a"	"SBS40b"	"SBS40c"	"SBS41"	"SBS42"	"SBS43"	"SBS44"	"SBS45"	"SBS46"	"SBS47"	"SBS48"	"SBS49"	"SBS50"	"SBS51"	"SBS52"	"SBS53"	"SBS54"	"SBS55"	"SBS56"	"SBS57"	"SBS58"	"SBS59"	"SBS60"	"SBS84"	"SBS85"	"SBS86"	"SBS87"	"SBS88"	"SBS89"	"SBS90"	"SBS91"	"SBS92"	"SBS93"	"SBS94"	"SBS95"	"SBS96"	"SBS97"	"SBS98"	"SBS99"
0	0	0	0	0	0	0	0	0	0.0607136363026462	0	0	0	0.224037379409722	0	0	0	0	0.185362732263532	0	0	0	0	0.253562768345669	0	0	0	0	0	0	0	0	0	0	0	0.276323483678431	0	0	0	0	0	0	0	0	0	0	0	0	0	0	0	0	0	0	0	0	0	0	0	0	0	0	0	0	0	0	0	0	0	0	0	0	0	0	0	0	0	0	0	0	0	0	0	0	0	0
0	0	0	0	0	0	0	0	0	0.221905335536221	0	0	0	0.153680685020578	0	0	0	0	0.202857271337046	0	0	0	0	0.257488194030259	0	0	0	0	0	0	0	0	0	0	0	0.164068514075896	0	0	0	0	0	0	0	0	0	0	0	0	0	0	0	0	0	0	0	0	0	0	0	0	0	0	0	0	0	0	0	0	0	0	0	0	0	0	0	0	0	0	0	0	0	0	0	0	0	0
0	0	0	0	0	0	0	0	0	0.152401435256914	0	0	0	0.215296930490577	0	0	0	0	0.215893445843363	0	0	0	0	0.242148149468905	0	0	0	0	0	0	0	0	0	0	0	0.17426003894024	0	0	0	0	0	0	0	0	0	0	0	0	0	0	0	0	0	0	0	0	0	0	0	0	0	0	0	0	0	0	0	0	0	0	0	0	0	0	0	0	0	0	0	0	0	0	0	0	0	0
0	0	0	0	0	0	0	0	0	0.201647595028082	0	0	0	0.216185956070885	0	0	0	0	0.180895353584226	0	0	0	0	0.201787178697413	0	0	0	0	0	0	0	0	0	0	0	0.199483916619393	0	0	0	0	0	0	0	0	0	0	0	0	0	0	0	0	0	0	0	0	0	0	0	0	0	0	0	0	0	0	0	0	0	0	0	0	0	0	0	0	0	0	0	0	0	0	0	0	0	0
0	0	0	0	0	0	0	0	0	0.224729525749994	0	0	0	0.197696000123143	0	0	0	0	0.199839754802123	0	0	0	0	0.198093902139996	0	0	0	0	0	0	0	0	0	0	0	0.179640817184745	0	0	0	0	0	0	0	0	0	0	0	0	0	0	0	0	0	0	0	0	0	0	0	0	0	0	0	0	0	0	0	0	0	0	0	0	0	0	0	0	0	0	0	0	0	0	0	0	0	0
0	0	0	0	0	0	0	0	0	0.201722762016081	0	0	0	0.184841538936852	0	0	0	0	0.207259754658527	0	0	0	0	0.19582666445398	0	0	0	0	0	0	0	0	0	0	0	0.21034927993456	0	0	0	0	0	0	0	0	0	0	0	0	0	0	0	0	0	0	0	0	0	0	0	0	0	0	0	0	0	0	0	0	0	0	0	0	0	0	0	0	0	0	0	0	0	0	0	0	0	0
0	0	0	0	0	0	0	0	0	0.167642728052548	0	0	0	0.226279520721142	0	0	0	0	0.191013446411291	0	0	0	0	0.231233777503608	0	0	0	0	0	0	0	0	0	0	0	0.18383052731141	0	0	0	0	0	0	0	0	0	0	0	0	0	0	0	0	0	0	0	0	0	0	0	0	0	0	0	0	0	0	0	0	0	0	0	0	0	0	0	0	0	0	0	0	0	0	0	0	0	0
0	0	0	0	0	0	0	0	0	0.197164105296944	0	0	0	0.180636548712197	0	0	0	0	0.207484074008401	0	0	0	0	0.209601022575626	0	0	0	0	0	0	0	0	0	0	0	0.205114249406832	0	0	0	0	0	0	0	0	0	0	0	0	0	0	0	0	0	0	0	0	0	0	0	0	0	0	0	0	0	0	0	0	0	0	0	0	0	0	0	0	0	0	0	0	0	0	0	0	0	0
0	0	0	0	0	0	0	0	0	0.217519814366374	0	0	0	0.152591747096685	0	0	0	0	0.194546543444659	0	0	0	0	0.203429548714487	0	0	0	0	0	0	0	0	0	0	0	0.231912346377795	0	0	0	0	0	0	0	0	0	0	0	0	0	0	0	0	0	0	0	0	0	0	0	0	0	0	0	0	0	0	0	0	0	0	0	0	0	0	0	0	0	0	0	0	0	0	0	0	0	0
0	0	0	0	0	0	0	0	0	0.146059331494846	0	0	0	0.157819391886473	0	0	0	0	0.228501573666163	0	0	0	0	0.194957599834791	0	0	0	0	0	0	0	0	0	0	0	0.272662103117727	0	0	0	0	0	0	0	0	0	0	0	0	0	0	0	0	0	0	0	0	0	0	0	0	0	0	0	0	0	0	0	0	0	0	0	0	0	0	0	0	0	0	0	0	0	0	0	0	0	0
0	0	0	0	0	0	0	0	0	0.184736898300649	0	0	0	0.14912431329283	0	0	0	0	0.202929359387007	0	0	0	0	0.280332925990307	0	0	0	0	0	0	0	0	0	0	0	0.182876503029206	0	0	0	0	0	0	0	0	0	0	0	0	0	0	0	0	0	0	0	0	0	0	0	0	0	0	0	0	0	0	0	0	0	0	0	0	0	0	0	0	0	0	0	0	0	0	0	0	0	0
0	0	0	0	0	0	0	0	0	0.195076776254071	0	0	0	0.176917328000647	0	0	0	0	0.210038543651944	0	0	0	0	0.169622018074959	0	0	0	0	0	0	0	0	0	0	0	0.24834533401838	0	0	0	0	0	0	0	0	0	0	0	0	0	0	0	0	0	0	0	0	0	0	0	0	0	0	0	0	0	0	0	0	0	0	0	0	0	0	0	0	0	0	0	0	0	0	0	0	0	0
0	0	0	0	0	0	0	0	0	0.177549483278233	0	0	0	0.220592325218227	0	0	0	0	0.193998950831402	0	0	0	0	0.249602738744594	0	0	0	0	0	0	0	0	0	0	0	0.158256501927544	0	0	0	0	0	0	0	0	0	0	0	0	0	0	0	0	0	0	0	0	0	0	0	0	0	0	0	0	0	0	0	0	0	0	0	0	0	0	0	0	0	0	0	0	0	0	0	0	0	0
0	0	0	0	0	0	0	0	0	0.202202119627676	0	0	0	0.201333322373083	0	0	0	0	0.190824469903966	0	0	0	0	0.198329027213058	0	0	0	0	0	0	0	0	0	0	0	0.207311060882216	0	0	0	0	0	0	0	0	0	0	0	0	0	0	0	0	0	0	0	0	0	0	0	0	0	0	0	0	0	0	0	0	0	0	0	0	0	0	0	0	0	0	0	0	0	0	0	0	0	0
0	0	0	0	0	0	0	0	0	0.173846603844097	0	0	0	0.207978871365885	0	0	0	0	0.210480212195033	0	0	0	0	0.202970066766409	0	0	0	0	0	0	0	0	0	0	0	0.204724245828577	0	0	0	0	0	0	0	0	0	0	0	0	0	0	0	0	0	0	0	0	0	0	0	0	0	0	0	0	0	0	0	0	0	0	0	0	0	0	0	0	0	0	0	0	0	0	0	0	0	0
0	0	0	0	0	0	0	0	0	0.18855753856402	0	0	0	0.200409602589341	0	0	0	0	0.231703800652908	0	0	0	0	0.151716839155155	0	0	0	0	0	0	0	0	0	0	0	0.227612219038576	0	0	0	0	0	0	0	0	0	0	0	0	0	0	0	0	0	0	0	0	0	0	0	0	0	0	0	0	0	0	0	0	0	0	0	0	0	0	0	0	0	0	0	0	0	0	0	0	0	0
0	0	0	0	0	0	0	0	0	0.215858616731231	0	0	0	0.190565687333898	0	0	0	0	0.216432491432227	0	0	0	0	0.232111474617456	0	0	0	0	0	0	0	0	0	0	0	0.145031729885188	0	0	0	0	0	0	0	0	0	0	0	0	0	0	0	0	0	0	0	0	0	0	0	0	0	0	0	0	0	0	0	0	0	0	0	0	0	0	0	0	0	0	0	0	0	0	0	0	0	0
0	0	0	0	0	0	0	0	0	0.201154598204987	0	0	0	0.211906070460427	0	0	0	0	0.194473305045367	0	0	0	0	0.196453783384404	0	0	0	0	0	0	0	0	0	0	0	0.196012242904816	0	0	0	0	0	0	0	0	0	0	0	0	0	0	0	0	0	0	0	0	0	0	0	0	0	0	0	0	0	0	0	0	0	0	0	0	0	0	0	0	0	0	0	0	0	0	0	0	0	0
0	0	0	0	0	0	0	0	0	0.175703384061431	0	0	0	0.276275942429525	0	0	0	0	0.17417216550413	0	0	0	0	0.226227745192571	0	0	0	0	0	0	0	0	0	0	0	0.147620762812343	0	0	0	0	0	0	0	0	0	0	0	0	0	0	0	0	0	0	0	0	0	0	0	0	0	0	0	0	0	0	0	0	0	0	0	0	0	0	0	0	0	0	0	0	0	0	0	0	0	0
0	0	0	0	0	0	0	0	0	0.16305097032184	0	0	0	0.207812404110919	0	0	0	0	0.211532915418833	0	0	0	0	0.277327473277648	0	0	0	0	0	0	0	0	0	0	0	0.140276236870759	0	0	0	0	0	0	0	0	0	0	0	0	0	0	0	0	0	0	0	0	0	0	0	0	0	0	0	0	0	0	0	0	0	0	0	0	0	0	0	0	0	0	0	0	0	0	0	0	0	0
0	0	0	0	0	0	0	0	0	0.139613709051023	0	0	0	0.194298395334907	0	0	0	0	0.222380630643956	0	0	0	0	0.286245093289158	0	0	0	0	0	0	0	0	0	0	0	0.157462171680956	0	0	0	0	0	0	0	0	0	0	0	0	0	0	0	0	0	0	0	0	0	0	0	0	0	0	0	0	0	0	0	0	0	0	0	0	0	0	0	0	0	0	0	0	0	0	0	0	0	0
0	0	0	0	0	0	0	0	0	0.189170936359891	0	0	0	0.207300059798635	0	0	0	0	0.205789355134805	0	0	0	0	0.213363468123647	0	0	0	0	0	0	0	0	0	0	0	0.184376180583022	0	0	0	0	0	0	0	0	0	0	0	0	0	0	0	0	0	0	0	0	0	0	0	0	0	0	0	0	0	0	0	0	0	0	0	0	0	0	0	0	0	0	0	0	0	0	0	0	0	0
0	0	0	0	0	0	0	0	0	0.0555715615392066	0	0	0	0.279503866075388	0	0	0	0	0.168533331040652	0	0	0	0	0.395672487614402	0	0	0	0	0	0	0	0	0	0	0	0.100718753730351	0	0	0	0	0	0	0	0	0	0	0	0	0	0	0	0	0	0	0	0	0	0	0	0	0	0	0	0	0	0	0	0	0	0	0	0	0	0	0	0	0	0	0	0	0	0	0	0	0	0
0	0	0	0	0	0	0	0	0	0.245309721107639	0	0	0	0.163001159403681	0	0	0	0	0.184028369802479	0	0	0	0	0.124302699457894	0	0	0	0	0	0	0	0	0	0	0	0.283358050228308	0	0	0	0	0	0	0	0	0	0	0	0	0	0	0	0	0	0	0	0	0	0	0	0	0	0	0	0	0	0	0	0	0	0	0	0	0	0	0	0	0	0	0	0	0	0	0	0	0	0
0	0	0	0	0	0	0	0	0	0.184231974732179	0	0	0	0.205784211357406	0	0	0	0	0.195277126001049	0	0	0	0	0.146608936759939	0	0	0	0	0	0	0	0	0	0	0	0.268097751149427	0	0	0	0	0	0	0	0	0	0	0	0	0	0	0	0	0	0	0	0	0	0	0	0	0	0	0	0	0	0	0	0	0	0	0	0	0	0	0	0	0	0	0	0	0	0	0	0	0	0
0	0	0	0	0	0	0	0	0	0.219834145637973	0	0	0	0.17982053996868	0	0	0	0	0.204105020098048	0	0	0	0	0.269445431277936	0	0	0	0	0	0	0	0	0	0	0	0.126794863017364	0	0	0	0	0	0	0	0	0	0	0	0	0	0	0	0	0	0	0	0	0	0	0	0	0	0	0	0	0	0	0	0	0	0	0	0	0	0	0	0	0	0	0	0	0	0	0	0	0	0
0	0	0	0	0	0	0	0	0	0.196691727512362	0	0	0	0.225107472113212	0	0	0	0	0.18897441753443	0	0	0	0	0.215499221852632	0	0	0	0	0	0	0	0	0	0	0	0.173727160987364	0	0	0	0	0	0	0	0	0	0	0	0	0	0	0	0	0	0	0	0	0	0	0	0	0	0	0	0	0	0	0	0	0	0	0	0	0	0	0	0	0	0	0	0	0	0	0	0	0	0
0	0	0	0	0	0	0	0	0	0.195972974639157	0	0	0	0.200669547532424	0	0	0	0	0.227736194601055	0	0	0	0	0.164001833105233	0	0	0	0	0	0	0	0	0	0	0	0.211619450122133	0	0	0	0	0	0	0	0	0	0	0	0	0	0	0	0	0	0	0	0	0	0	0	0	0	0	0	0	0	0	0	0	0	0	0	0	0	0	0	0	0	0	0	0	0	0	0	0	0	0
0	0	0	0	0	0	0	0	0	0.203106251072314	0	0	0	0.203986046066558	0	0	0	0	0.14524146174291	0	0	0	0	0.222098048637593	0	0	0	0	0	0	0	0	0	0	0	0.225568192480626	0	0	0	0	0	0	0	0	0	0	0	0	0	0	0	0	0	0	0	0	0	0	0	0	0	0	0	0	0	0	0	0	0	0	0	0	0	0	0	0	0	0	0	0	0	0	0	0	0	0
0	0	0	0	0	0	0	0	0	0.166913723531105	0	0	0	0.252362437784291	0	0	0	0	0.166113469414131	0	0	0	0	0.141642984936118	0	0	0	0	0	0	0	0	0	0	0	0.272967384334356	0	0	0	0	0	0	0	0	0	0	0	0	0	0	0	0	0	0	0	0	0	0	0	0	0	0	0	0	0	0	0	0	0	0	0	0	0	0	0	0	0	0	0	0	0	0	0	0	0	0
0	0	0	0	0	0	0	0	0	0.234710433696141	0	0	0	0.180560380624148	0	0	0	0	0.162988230808205	0	0	0	0	0.221215331967494	0	0	0	0	0	0	0	0	0	0	0	0.200525622904013	0	0	0	0	0	0	0	0	0	0	0	0	0	0	0	0	0	0	0	0	0	0	0	0	0	0	0	0	0	0	0	0	0	0	0	0	0	0	0	0	0	0	0	0	0	0	0	0	0	0
0	0	0	0	0	0	0	0	0	0.172528994591575	0	0	0	0.176640075958425	0	0	0	0	0.174130217013504	0	0	0	0	0.272937005511519	0	0	0	0	0	0	0	0	0	0	0	0.203763706924977	0	0	0	0	0	0	0	0	0	0	0	0	0	0	0	0	0	0	0	0	0	0	0	0	0	0	0	0	0	0	0	0	0	0	0	0	0	0	0	0	0	0	0	0	0	0	0	0	0	0
0	0	0	0	0	0	0	0	0	0.217698960403488	0	0	0	0.225897162486941	0	0	0	0	0.178307441168102	0	0	0	0	0.203252861020856	0	0	0	0	0	0	0	0	0	0	0	0.174843574920613	0	0	0	0	0	0	0	0	0	0	0	0	0	0	0	0	0	0	0	0	0	0	0	0	0	0	0	0	0	0	0	0	0	0	0	0	0	0	0	0	0	0	0	0	0	0	0	0	0	0
0	0	0	0	0	0	0	0	0	0.179039881416186	0	0	0	0.183581627250158	0	0	0	0	0.210897213362627	0	0	0	0	0.210450640859218	0	0	0	0	0	0	0	0	0	0	0	0.216030637111811	0	0	0	0	0	0	0	0	0	0	0	0	0	0	0	0	0	0	0	0	0	0	0	0	0	0	0	0	0	0	0	0	0	0	0	0	0	0	0	0	0	0	0	0	0	0	0	0	0	0
0	0	0	0	0	0	0	0	0	0.190823438822153	0	0	0	0.183033639628259	0	0	0	0	0.221911272049627	0	0	0	0	0.185824886585317	0	0	0	0	0	0	0	0	0	0	0	0.218406762914644	0	0	0	0	0	0	0	0	0	0	0	0	0	0	0	0	0	0	0	0	0	0	0	0	0	0	0	0	0	0	0	0	0	0	0	0	0	0	0	0	0	0	0	0	0	0	0	0	0	0
0	0	0	0	0	0	0	0	0	0.175851550950478	0	0	0	0.224118777003397	0	0	0	0	0.186589865019778	0	0	0	0	0.153159825686875	0	0	0	0	0	0	0	0	0	0	0	0.260279981339472	0	0	0	0	0	0	0	0	0	0	0	0	0	0	0	0	0	0	0	0	0	0	0	0	0	0	0	0	0	0	0	0	0	0	0	0	0	0	0	0	0	0	0	0	0	0	0	0	0	0
0	0	0	0	0	0	0	0	0	0.193138166188583	0	0	0	0.139020061237617	0	0	0	0	0.190620074511879	0	0	0	0	0.229966324186194	0	0	0	0	0	0	0	0	0	0	0	0.247255373875728	0	0	0	0	0	0	0	0	0	0	0	0	0	0	0	0	0	0	0	0	0	0	0	0	0	0	0	0	0	0	0	0	0	0	0	0	0	0	0	0	0	0	0	0	0	0	0	0	0	0
0	0	0	0	0	0	0	0	0	0.202909001073592	0	0	0	0.17467749222866	0	0	0	0	0.213487973295524	0	0	0	0	0.200719954151349	0	0	0	0	0	0	0	0	0	0	0	0.208205579250874	0	0	0	0	0	0	0	0	0	0	0	0	0	0	0	0	0	0	0	0	0	0	0	0	0	0	0	0	0	0	0	0	0	0	0	0	0	0	0	0	0	0	0	0	0	0	0	0	0	0
0	0	0	0	0	0	0	0	0	0.222154385064033	0	0	0	0.184155685049817	0	0	0	0	0.195313355841732	0	0	0	0	0.154086816353476	0	0	0	0	0	0	0	0	0	0	0	0.244289757690942	0	0	0	0	0	0	0	0	0	0	0	0	0	0	0	0	0	0	0	0	0	0	0	0	0	0	0	0	0	0	0	0	0	0	0	0	0	0	0	0	0	0	0	0	0	0	0	0	0	0
0	0	0	0	0	0	0	0	0	0.19508695021015	0	0	0	0.143781760564797	0	0	0	0	0.235995011665294	0	0	0	0	0.170746592284783	0	0	0	0	0	0	0	0	0	0	0	0.254389685274975	0	0	0	0	0	0	0	0	0	0	0	0	0	0	0	0	0	0	0	0	0	0	0	0	0	0	0	0	0	0	0	0	0	0	0	0	0	0	0	0	0	0	0	0	0	0	0	0	0	0
0	0	0	0	0	0	0	0	0	0.231850578261674	0	0	0	0.163016437944247	0	0	0	0	0.217066629267065	0	0	0	0	0.215742539942495	0	0	0	0	0	0	0	0	0	0	0	0.172323814584519	0	0	0	0	0	0	0	0	0	0	0	0	0	0	0	0	0	0	0	0	0	0	0	0	0	0	0	0	0	0	0	0	0	0	0	0	0	0	0	0	0	0	0	0	0	0	0	0	0	0
0	0	0	0	0	0	0	0	0	0.174630254240494	0	0	0	0.18329858646449	0	0	0	0	0.197829096292894	0	0	0	0	0.253249000457896	0	0	0	0	0	0	0	0	0	0	0	0.190993062544226	0	0	0	0	0	0	0	0	0	0	0	0	0	0	0	0	0	0	0	0	0	0	0	0	0	0	0	0	0	0	0	0	0	0	0	0	0	0	0	0	0	0	0	0	0	0	0	0	0	0
0	0	0	0	0	0	0	0	0	0.105018700194908	0	0	0	0.278036680951894	0	0	0	0	0.176271946383069	0	0	0	0	0.182130082138616	0	0	0	0	0	0	0	0	0	0	0	0.258542590331513	0	0	0	0	0	0	0	0	0	0	0	0	0	0	0	0	0	0	0	0	0	0	0	0	0	0	0	0	0	0	0	0	0	0	0	0	0	0	0	0	0	0	0	0	0	0	0	0	0	0
0	0	0	0	0	0	0	0	0	0.184722107969031	0	0	0	0.24668778217235	0	0	0	0	0.195076941496809	0	0	0	0	0.193576106180275	0	0	0	0	0	0	0	0	0	0	0	0.179937062181535	0	0	0	0	0	0	0	0	0	0	0	0	0	0	0	0	0	0	0	0	0	0	0	0	0	0	0	0	0	0	0	0	0	0	0	0	0	0	0	0	0	0	0	0	0	0	0	0	0	0
0	0	0	0	0	0	0	0	0	0.202180753924606	0	0	0	0.187507980599018	0	0	0	0	0.201223499395932	0	0	0	0	0.161537079444065	0	0	0	0	0	0	0	0	0	0	0	0.247550686636379	0	0	0	0	0	0	0	0	0	0	0	0	0	0	0	0	0	0	0	0	0	0	0	0	0	0	0	0	0	0	0	0	0	0	0	0	0	0	0	0	0	0	0	0	0	0	0	0	0	0
0	0	0	0	0	0	0	0	0	0.177063714637879	0	0	0	0.207341312343925	0	0	0	0	0.205118211124153	0	0	0	0	0.192086307024584	0	0	0	0	0	0	0	0	0	0	0	0.218390454869459	0	0	0	0	0	0	0	0	0	0	0	0	0	0	0	0	0	0	0	0	0	0	0	0	0	0	0	0	0	0	0	0	0	0	0	0	0	0	0	0	0	0	0	0	0	0	0	0	0	0
0	0	0	0	0	0	0	0	0	0.199506355294834	0	0	0	0.170214202350824	0	0	0	0	0.197446358667863	0	0	0	0	0.17833459229892	0	0	0	0	0	0	0	0	0	0	0	0.254498491387559	0	0	0	0	0	0	0	0	0	0	0	0	0	0	0	0	0	0	0	0	0	0	0	0	0	0	0	0	0	0	0	0	0	0	0	0	0	0	0	0	0	0	0	0	0	0	0	0	0	0
0	0	0	0	0	0	0	0	0	0.209752102669492	0	0	0	0.183039134976454	0	0	0	0	0.199740182907076	0	0	0	0	0.193626915328265	0	0	0	0	0	0	0	0	0	0	0	0.213841664118713	0	0	0	0	0	0	0	0	0	0	0	0	0	0	0	0	0	0	0	0	0	0	0	0	0	0	0	0	0	0	0	0	0	0	0	0	0	0	0	0	0	0	0	0	0	0	0	0	0	0
0	0	0	0	0	0	0	0	0	0.167240949030537	0	0	0	0.152639155767954	0	0	0	0	0.233861788589651	0	0	0	0	0.174611597050108	0	0	0	0	0	0	0	0	0	0	0	0.27164650956175	0	0	0	0	0	0	0	0	0	0	0	0	0	0	0	0	0	0	0	0	0	0	0	0	0	0	0	0	0	0	0	0	0	0	0	0	0	0	0	0	0	0	0	0	0	0	0	0	0	0
0	0	0	0	0	0	0	0	0	0.165347334165957	0	0	0	0.21762247799945	0	0	0	0	0.208067242842183	0	0	0	0	0.268914357219737	0	0	0	0	0	0	0	0	0	0	0	0.140048587772673	0	0	0	0	0	0	0	0	0	0	0	0	0	0	0	0	0	0	0	0	0	0	0	0	0	0	0	0	0	0	0	0	0	0	0	0	0	0	0	0	0	0	0	0	0	0	0	0	0	0
0	0	0	0	0	0	0	0	0	0.20722127130343	0	0	0	0.200360306725628	0	0	0	0	0.200488386256653	0	0	0	0	0.199976468946028	0	0	0	0	0	0	0	0	0	0	0	0.19195356676826	0	0	0	0	0	0	0	0	0	0	0	0	0	0	0	0	0	0	0	0	0	0	0	0	0	0	0	0	0	0	0	0	0	0	0	0	0	0	0	0	0	0	0	0	0	0	0	0	0	0
0	0	0	0	0	0	0	0	0	0.194074228134307	0	0	0	0.207905773632783	0	0	0	0	0.186333947930575	0	0	0	0	0.178841610249781	0	0	0	0	0	0	0	0	0	0	0	0.232844440052553	0	0	0	0	0	0	0	0	0	0	0	0	0	0	0	0	0	0	0	0	0	0	0	0	0	0	0	0	0	0	0	0	0	0	0	0	0	0	0	0	0	0	0	0	0	0	0	0	0	0
0	0	0	0	0	0	0	0	0	0.212660841173603	0	0	0	0.215853037971944	0	0	0	0	0.153822394815477	0	0	0	0	0.24950609671518	0	0	0	0	0	0	0	0	0	0	0	0.168157629323795	0	0	0	0	0	0	0	0	0	0	0	0	0	0	0	0	0	0	0	0	0	0	0	0	0	0	0	0	0	0	0	0	0	0	0	0	0	0	0	0	0	0	0	0	0	0	0	0	0	0
0	0	0	0	0	0	0	0	0	0.179720533752182	0	0	0	0.215005680491039	0	0	0	0	0.175546815820003	0	0	0	0	0.152961105360718	0	0	0	0	0	0	0	0	0	0	0	0.276765864576058	0	0	0	0	0	0	0	0	0	0	0	0	0	0	0	0	0	0	0	0	0	0	0	0	0	0	0	0	0	0	0	0	0	0	0	0	0	0	0	0	0	0	0	0	0	0	0	0	0	0
0	0	0	0	0	0	0	0	0	0.181900990342542	0	0	0	0.212050466092515	0	0	0	0	0.220652330100344	0	0	0	0	0.217818495926708	0	0	0	0	0	0	0	0	0	0	0	0.167577717537891	0	0	0	0	0	0	0	0	0	0	0	0	0	0	0	0	0	0	0	0	0	0	0	0	0	0	0	0	0	0	0	0	0	0	0	0	0	0	0	0	0	0	0	0	0	0	0	0	0	0
0	0	0	0	0	0	0	0	0	0.153101653758754	0	0	0	0.274510726514656	0	0	0	0	0.157338364928477	0	0	0	0	0.177240035194313	0	0	0	0	0	0	0	0	0	0	0	0.237809219603801	0	0	0	0	0	0	0	0	0	0	0	0	0	0	0	0	0	0	0	0	0	0	0	0	0	0	0	0	0	0	0	0	0	0	0	0	0	0	0	0	0	0	0	0	0	0	0	0	0	0
0	0	0	0	0	0	0	0	0	0.187663770967736	0	0	0	0.203819676514813	0	0	0	0	0.185942008240235	0	0	0	0	0.184056169666323	0	0	0	0	0	0	0	0	0	0	0	0.238518374610893	0	0	0	0	0	0	0	0	0	0	0	0	0	0	0	0	0	0	0	0	0	0	0	0	0	0	0	0	0	0	0	0	0	0	0	0	0	0	0	0	0	0	0	0	0	0	0	0	0	0
0	0	0	0	0	0	0	0	0	0.236380774817213	0	0	0	0.178726029158343	0	0	0	0	0.214672332994579	0	0	0	0	0.234036677421597	0	0	0	0	0	0	0	0	0	0	0	0.136184185608269	0	0	0	0	0	0	0	0	0	0	0	0	0	0	0	0	0	0	0	0	0	0	0	0	0	0	0	0	0	0	0	0	0	0	0	0	0	0	0	0	0	0	0	0	0	0	0	0	0	0
0	0	0	0	0	0	0	0	0	0.207505693062096	0	0	0	0.162099606034433	0	0	0	0	0.190301382602118	0	0	0	0	0.195482653709271	0	0	0	0	0	0	0	0	0	0	0	0.244610664592082	0	0	0	0	0	0	0	0	0	0	0	0	0	0	0	0	0	0	0	0	0	0	0	0	0	0	0	0	0	0	0	0	0	0	0	0	0	0	0	0	0	0	0	0	0	0	0	0	0	0
0	0	0	0	0	0	0	0	0	0.263382759346677	0	0	0	0.192118528533127	0	0	0	0	0.174445044364445	0	0	0	0	0.233892298370917	0	0	0	0	0	0	0	0	0	0	0	0.136161369384834	0	0	0	0	0	0	0	0	0	0	0	0	0	0	0	0	0	0	0	0	0	0	0	0	0	0	0	0	0	0	0	0	0	0	0	0	0	0	0	0	0	0	0	0	0	0	0	0	0	0
0	0	0	0	0	0	0	0	0	0.167245626290131	0	0	0	0.201086630997297	0	0	0	0	0.212823015950422	0	0	0	0	0.184483024510505	0	0	0	0	0	0	0	0	0	0	0	0.234361702251645	0	0	0	0	0	0	0	0	0	0	0	0	0	0	0	0	0	0	0	0	0	0	0	0	0	0	0	0	0	0	0	0	0	0	0	0	0	0	0	0	0	0	0	0	0	0	0	0	0	0
0	0	0	0	0	0	0	0	0	0.183908254542872	0	0	0	0.180693842731658	0	0	0	0	0.183403848134698	0	0	0	0	0.188936386889773	0	0	0	0	0	0	0	0	0	0	0	0.263057667700998	0	0	0	0	0	0	0	0	0	0	0	0	0	0	0	0	0	0	0	0	0	0	0	0	0	0	0	0	0	0	0	0	0	0	0	0	0	0	0	0	0	0	0	0	0	0	0	0	0	0
0	0	0	0	0	0	0	0	0	0.0596845105812096	0	0	0	0.273237316225018	0	0	0	0	0.210762985850209	0	0	0	0	0.17278741091652	0	0	0	0	0	0	0	0	0	0	0	0.283527776427043	0	0	0	0	0	0	0	0	0	0	0	0	0	0	0	0	0	0	0	0	0	0	0	0	0	0	0	0	0	0	0	0	0	0	0	0	0	0	0	0	0	0	0	0	0	0	0	0	0	0
0	0	0	0	0	0	0	0	0	0.198858317330154	0	0	0	0.186692874560556	0	0	0	0	0.209982540257082	0	0	0	0	0.251732147685364	0	0	0	0	0	0	0	0	0	0	0	0.152734120166845	0	0	0	0	0	0	0	0	0	0	0	0	0	0	0	0	0	0	0	0	0	0	0	0	0	0	0	0	0	0	0	0	0	0	0	0	0	0	0	0	0	0	0	0	0	0	0	0	0	0
0	0	0	0	0	0	0	0	0	0.228080229370523	0	0	0	0.224697381758136	0	0	0	0	0.176665918023152	0	0	0	0	0.188137231364353	0	0	0	0	0	0	0	0	0	0	0	0.182419239483836	0	0	0	0	0	0	0	0	0	0	0	0	0	0	0	0	0	0	0	0	0	0	0	0	0	0	0	0	0	0	0	0	0	0	0	0	0	0	0	0	0	0	0	0	0	0	0	0	0	0
0	0	0	0	0	0	0	0	0	0.137164597773247	0	0	0	0.251122031578254	0	0	0	0	0.198321199096725	0	0	0	0	0.213457667444381	0	0	0	0	0	0	0	0	0	0	0	0.199934504107393	0	0	0	0	0	0	0	0	0	0	0	0	0	0	0	0	0	0	0	0	0	0	0	0	0	0	0	0	0	0	0	0	0	0	0	0	0	0	0	0	0	0	0	0	0	0	0	0	0	0
0	0	0	0	0	0	0	0	0	0.230290694210512	0	0	0	0.182600588741305	0	0	0	0	0.148462442664393	0	0	0	0	0.222354029425889	0	0	0	0	0	0	0	0	0	0	0	0.216292244957901	0	0	0	0	0	0	0	0	0	0	0	0	0	0	0	0	0	0	0	0	0	0	0	0	0	0	0	0	0	0	0	0	0	0	0	0	0	0	0	0	0	0	0	0	0	0	0	0	0	0
0	0	0	0	0	0	0	0	0	0.255876865236918	0	0	0	0.189530876378996	0	0	0	0	0.208684152151031	0	0	0	0	0.205909733257355	0	0	0	0	0	0	0	0	0	0	0	0.1399983729757	0	0	0	0	0	0	0	0	0	0	0	0	0	0	0	0	0	0	0	0	0	0	0	0	0	0	0	0	0	0	0	0	0	0	0	0	0	0	0	0	0	0	0	0	0	0	0	0	0	0
0	0	0	0	0	0	0	0	0	0.196767072792412	0	0	0	0.194974337572397	0	0	0	0	0.177594410426706	0	0	0	0	0.206966281687269	0	0	0	0	0	0	0	0	0	0	0	0.223697897521216	0	0	0	0	0	0	0	0	0	0	0	0	0	0	0	0	0	0	0	0	0	0	0	0	0	0	0	0	0	0	0	0	0	0	0	0	0	0	0	0	0	0	0	0	0	0	0	0	0	0
0	0	0	0	0	0	0	0	0	0.178559253319327	0	0	0	0.180107751471157	0	0	0	0	0.199099077466044	0	0	0	0	0.244476429694607	0	0	0	0	0	0	0	0	0	0	0	0.197757488048865	0	0	0	0	0	0	0	0	0	0	0	0	0	0	0	0	0	0	0	0	0	0	0	0	0	0	0	0	0	0	0	0	0	0	0	0	0	0	0	0	0	0	0	0	0	0	0	0	0	0
0	0	0	0	0	0	0	0	0	0.172649937348684	0	0	0	0.211671440663564	0	0	0	0	0.212990678816183	0	0	0	0	0.186127641279468	0	0	0	0	0	0	0	0	0	0	0	0.2165603018921	0	0	0	0	0	0	0	0	0	0	0	0	0	0	0	0	0	0	0	0	0	0	0	0	0	0	0	0	0	0	0	0	0	0	0	0	0	0	0	0	0	0	0	0	0	0	0	0	0	0
0	0	0	0	0	0	0	0	0	0.170413066046921	0	0	0	0.231786146364095	0	0	0	0	0.168831845563983	0	0	0	0	0.231752920096102	0	0	0	0	0	0	0	0	0	0	0	0.1972160219289	0	0	0	0	0	0	0	0	0	0	0	0	0	0	0	0	0	0	0	0	0	0	0	0	0	0	0	0	0	0	0	0	0	0	0	0	0	0	0	0	0	0	0	0	0	0	0	0	0	0
0	0	0	0	0	0	0	0	0	0.219072784208434	0	0	0	0.196196414602684	0	0	0	0	0.161495682400054	0	0	0	0	0.166703132219876	0	0	0	0	0	0	0	0	0	0	0	0.256531986568952	0	0	0	0	0	0	0	0	0	0	0	0	0	0	0	0	0	0	0	0	0	0	0	0	0	0	0	0	0	0	0	0	0	0	0	0	0	0	0	0	0	0	0	0	0	0	0	0	0	0
0	0	0	0	0	0	0	0	0	0.185342221482529	0	0	0	0.211126802584731	0	0	0	0	0.165216377371361	0	0	0	0	0.235910061089611	0	0	0	0	0	0	0	0	0	0	0	0.202404537471767	0	0	0	0	0	0	0	0	0	0	0	0	0	0	0	0	0	0	0	0	0	0	0	0	0	0	0	0	0	0	0	0	0	0	0	0	0	0	0	0	0	0	0	0	0	0	0	0	0	0
0	0	0	0	0	0	0	0	0	0.166547609929273	0	0	0	0.224034176842527	0	0	0	0	0.184165445684681	0	0	0	0	0.248110958164317	0	0	0	0	0	0	0	0	0	0	0	0.177141809379202	0	0	0	0	0	0	0	0	0	0	0	0	0	0	0	0	0	0	0	0	0	0	0	0	0	0	0	0	0	0	0	0	0	0	0	0	0	0	0	0	0	0	0	0	0	0	0	0	0	0
0	0	0	0	0	0	0	0	0	0.177387616502442	0	0	0	0.200024492220961	0	0	0	0	0.209107193221158	0	0	0	0	0.242779243481498	0	0	0	0	0	0	0	0	0	0	0	0.170701454573941	0	0	0	0	0	0	0	0	0	0	0	0	0	0	0	0	0	0	0	0	0	0	0	0	0	0	0	0	0	0	0	0	0	0	0	0	0	0	0	0	0	0	0	0	0	0	0	0	0	0
0	0	0	0	0	0	0	0	0	0.201591013301474	0	0	0	0.217020700328391	0	0	0	0	0.185399489369844	0	0	0	0	0.199965470255354	0	0	0	0	0	0	0	0	0	0	0	0.196023326744937	0	0	0	0	0	0	0	0	0	0	0	0	0	0	0	0	0	0	0	0	0	0	0	0	0	0	0	0	0	0	0	0	0	0	0	0	0	0	0	0	0	0	0	0	0	0	0	0	0	0
0	0	0	0	0	0	0	0	0	0.134511446652559	0	0	0	0.233139613889759	0	0	0	0	0.185720665135639	0	0	0	0	0.236613345205992	0	0	0	0	0	0	0	0	0	0	0	0.210014929116051	0	0	0	0	0	0	0	0	0	0	0	0	0	0	0	0	0	0	0	0	0	0	0	0	0	0	0	0	0	0	0	0	0	0	0	0	0	0	0	0	0	0	0	0	0	0	0	0	0	0
0	0	0	0	0	0	0	0	0	0.170659250520602	0	0	0	0.166828482034003	0	0	0	0	0.213444499337443	0	0	0	0	0.251062896745511	0	0	0	0	0	0	0	0	0	0	0	0.15707237814222	0	0	0	0	0	0	0	0	0	0	0	0	0	0	0	0	0	0	0	0	0	0	0	0	0	0	0	0	0	0	0	0	0	0	0	0	0	0	0	0	0	0	0	0.0409324932202211	0	0	0	0	0	0
0	0	0	0	0	0	0	0	0	0.16724020623416	0	0	0	0.212134102941401	0	0	0	0	0.170833844074648	0	0	0	0	0.22708284716065	0	0	0	0	0	0	0	0	0	0	0	0.222708999589142	0	0	0	0	0	0	0	0	0	0	0	0	0	0	0	0	0	0	0	0	0	0	0	0	0	0	0	0	0	0	0	0	0	0	0	0	0	0	0	0	0	0	0	0	0	0	0	0	0	0
0	0	0	0	0	0	0	0	0	0.22023181730143	0	0	0	0.175333205799222	0	0	0	0	0.207572242191896	0	0	0	0	0.183706487683219	0	0	0	0	0	0	0	0	0	0	0	0.213156247024232	0	0	0	0	0	0	0	0	0	0	0	0	0	0	0	0	0	0	0	0	0	0	0	0	0	0	0	0	0	0	0	0	0	0	0	0	0	0	0	0	0	0	0	0	0	0	0	0	0	0
0	0	0	0	0	0	0	0	0	0.231115811820751	0	0	0	0.157747657651068	0	0	0	0	0.201430950822586	0	0	0	0	0.180816703119008	0	0	0	0	0	0	0	0	0	0	0	0.228888876586587	0	0	0	0	0	0	0	0	0	0	0	0	0	0	0	0	0	0	0	0	0	0	0	0	0	0	0	0	0	0	0	0	0	0	0	0	0	0	0	0	0	0	0	0	0	0	0	0	0	0
0	0	0	0	0	0	0	0	0	0.154446168656423	0	0	0	0.190984522940995	0	0	0	0	0.184621880183592	0	0	0	0	0.238910031720251	0	0	0	0	0	0	0	0	0	0	0	0.231037396498738	0	0	0	0	0	0	0	0	0	0	0	0	0	0	0	0	0	0	0	0	0	0	0	0	0	0	0	0	0	0	0	0	0	0	0	0	0	0	0	0	0	0	0	0	0	0	0	0	0	0
0	0	0	0	0	0	0	0	0	0.189355679510355	0	0	0	0.184017436719503	0	0	0	0	0.205372455269116	0	0	0	0	0.163633655394029	0	0	0	0	0	0	0	0	0	0	0	0.257620773106997	0	0	0	0	0	0	0	0	0	0	0	0	0	0	0	0	0	0	0	0	0	0	0	0	0	0	0	0	0	0	0	0	0	0	0	0	0	0	0	0	0	0	0	0	0	0	0	0	0	0
0	0	0	0	0	0	0	0	0	0.141824322412978	0	0	0	0.20922747277846	0	0	0	0	0.220060249976107	0	0	0	0	0.184158960639103	0	0	0	0	0	0	0	0	0	0	0	0.244728994193352	0	0	0	0	0	0	0	0	0	0	0	0	0	0	0	0	0	0	0	0	0	0	0	0	0	0	0	0	0	0	0	0	0	0	0	0	0	0	0	0	0	0	0	0	0	0	0	0	0	0
0	0	0	0	0	0	0	0	0	0.171801322636936	0	0	0	0.239813160469887	0	0	0	0	0.19916523795055	0	0	0	0	0.255847465830435	0	0	0	0	0	0	0	0	0	0	0	0.133372813112192	0	0	0	0	0	0	0	0	0	0	0	0	0	0	0	0	0	0	0	0	0	0	0	0	0	0	0	0	0	0	0	0	0	0	0	0	0	0	0	0	0	0	0	0	0	0	0	0	0	0
0	0	0	0	0	0	0	0	0	0.226212053289896	0	0	0	0.183271067116959	0	0	0	0	0.208137689538281	0	0	0	0	0.230667726654397	0	0	0	0	0	0	0	0	0	0	0	0.151711463400467	0	0	0	0	0	0	0	0	0	0	0	0	0	0	0	0	0	0	0	0	0	0	0	0	0	0	0	0	0	0	0	0	0	0	0	0	0	0	0	0	0	0	0	0	0	0	0	0	0	0
0	0	0	0	0	0	0	0	0	0.209975553939362	0	0	0	0.182943577545524	0	0	0	0	0.188201623620343	0	0	0	0	0.23189577116764	0	0	0	0	0	0	0	0	0	0	0	0.186983473727131	0	0	0	0	0	0	0	0	0	0	0	0	0	0	0	0	0	0	0	0	0	0	0	0	0	0	0	0	0	0	0	0	0	0	0	0	0	0	0	0	0	0	0	0	0	0	0	0	0	0
0	0	0	0	0	0	0	0	0	0.19345367371153	0	0	0	0.192807403029393	0	0	0	0	0.207545929175643	0	0	0	0	0.245290860361964	0	0	0	0	0	0	0	0	0	0	0	0.160902133721469	0	0	0	0	0	0	0	0	0	0	0	0	0	0	0	0	0	0	0	0	0	0	0	0	0	0	0	0	0	0	0	0	0	0	0	0	0	0	0	0	0	0	0	0	0	0	0	0	0	0
0	0	0	0	0	0	0	0	0	0.204994750600887	0	0	0	0.197803880424347	0	0	0	0	0.237032793082696	0	0	0	0	0.176762577785626	0	0	0	0	0	0	0	0	0	0	0	0.183405998106443	0	0	0	0	0	0	0	0	0	0	0	0	0	0	0	0	0	0	0	0	0	0	0	0	0	0	0	0	0	0	0	0	0	0	0	0	0	0	0	0	0	0	0	0	0	0	0	0	0	0
0	0	0	0	0	0	0	0	0	0.231909014283689	0	0	0	0.177661778316696	0	0	0	0	0.161718839437681	0	0	0	0	0.195180521281097	0	0	0	0	0	0	0	0	0	0	0	0.233529846680837	0	0	0	0	0	0	0	0	0	0	0	0	0	0	0	0	0	0	0	0	0	0	0	0	0	0	0	0	0	0	0	0	0	0	0	0	0	0	0	0	0	0	0	0	0	0	0	0	0	0
0	0	0	0	0	0	0	0	0	0.222242516912576	0	0	0	0.164119940246077	0	0	0	0	0.213500761585934	0	0	0	0	0.24318436117116	0	0	0	0	0	0	0	0	0	0	0	0.156952420084254	0	0	0	0	0	0	0	0	0	0	0	0	0	0	0	0	0	0	0	0	0	0	0	0	0	0	0	0	0	0	0	0	0	0	0	0	0	0	0	0	0	0	0	0	0	0	0	0	0	0
0	0	0	0	0	0	0	0	0	0.184124521793317	0	0	0	0.198483964843452	0	0	0	0	0.208484308538909	0	0	0	0	0.19788973507893	0	0	0	0	0	0	0	0	0	0	0	0.211017469745391	0	0	0	0	0	0	0	0	0	0	0	0	0	0	0	0	0	0	0	0	0	0	0	0	0	0	0	0	0	0	0	0	0	0	0	0	0	0	0	0	0	0	0	0	0	0	0	0	0	0
0	0	0	0	0	0	0	0	0	0.216244774840098	0	0	0	0.180645862195612	0	0	0	0	0.172176829559687	0	0	0	0	0.216344703414382	0	0	0	0	0	0	0	0	0	0	0	0.214587829990222	0	0	0	0	0	0	0	0	0	0	0	0	0	0	0	0	0	0	0	0	0	0	0	0	0	0	0	0	0	0	0	0	0	0	0	0	0	0	0	0	0	0	0	0	0	0	0	0	0	0
0	0	0	0	0	0	0	0	0	0.207414499327283	0	0	0	0.201006204665633	0	0	0	0	0.164519969361259	0	0	0	0	0.205476965186757	0	0	0	0	0	0	0	0	0	0	0	0.221582361459068	0	0	0	0	0	0	0	0	0	0	0	0	0	0	0	0	0	0	0	0	0	0	0	0	0	0	0	0	0	0	0	0	0	0	0	0	0	0	0	0	0	0	0	0	0	0	0	0	0	0
0	0	0	0	0	0	0	0	0	0.134003158793068	0	0	0	0.212443690585146	0	0	0	0	0.216171581113084	0	0	0	0	0.211437197766713	0	0	0	0	0	0	0	0	0	0	0	0.225944371741989	0	0	0	0	0	0	0	0	0	0	0	0	0	0	0	0	0	0	0	0	0	0	0	0	0	0	0	0	0	0	0	0	0	0	0	0	0	0	0	0	0	0	0	0	0	0	0	0	0	0
0	0	0	0	0	0	0	0	0	0.14465552628888	0	0	0	0.166780993405132	0	0	0	0	0.199543372438943	0	0	0	0	0.223310506909008	0	0	0	0	0	0	0	0	0	0	0	0.265709600958037	0	0	0	0	0	0	0	0	0	0	0	0	0	0	0	0	0	0	0	0	0	0	0	0	0	0	0	0	0	0	0	0	0	0	0	0	0	0	0	0	0	0	0	0	0	0	0	0	0	0
0	0	0	0	0	0	0	0	0	0.184180064259866	0	0	0	0.194812247439455	0	0	0	0	0.233639788187931	0	0	0	0	0.146704306686528	0	0	0	0	0	0	0	0	0	0	0	0.240663593426219	0	0	0	0	0	0	0	0	0	0	0	0	0	0	0	0	0	0	0	0	0	0	0	0	0	0	0	0	0	0	0	0	0	0	0	0	0	0	0	0	0	0	0	0	0	0	0	0	0	0
0	0	0	0	0	0	0	0	0	0.193766174364251	0	0	0	0.2314730707825	0	0	0	0	0.220193763221282	0	0	0	0	0.204242738843554	0	0	0	0	0	0	0	0	0	0	0	0.150324252788413	0	0	0	0	0	0	0	0	0	0	0	0	0	0	0	0	0	0	0	0	0	0	0	0	0	0	0	0	0	0	0	0	0	0	0	0	0	0	0	0	0	0	0	0	0	0	0	0	0	0
0	0	0	0	0	0	0	0	0	0.167981010529158	0	0	0	0.189478648851395	0	0	0	0	0.127092085793568	0	0	0	0	0.257225725986486	0	0	0	0	0	0	0	0	0	0	0	0.258222528839393	0	0	0	0	0	0	0	0	0	0	0	0	0	0	0	0	0	0	0	0	0	0	0	0	0	0	0	0	0	0	0	0	0	0	0	0	0	0	0	0	0	0	0	0	0	0	0	0	0	0
