"SBS1"	"SBS2"	"SBS3"	"SBS4"	"SBS5"	"SBS6"	"SBS7a"	"SBS7b"	"SBS7c"	"SBS7d"	"SBS8"	"SBS9"	"SBS10a"	"SBS10b"	"SBS10c"	"SBS10d"	"SBS11"	"SBS12"	"SBS13"	"SBS14"	"SBS15"	"SBS16"	"SBS17a"	"SBS17b"	"SBS18"	"SBS19"	"SBS20"	"SBS21"	"SBS22a"	"SBS22b"	"SBS23"	"SBS24"	"SBS25"	"SBS26"	"SBS27"	"SBS28"	"SBS29"	"SBS30"	"SBS31"	"SBS32"	"SBS33"	"SBS34"	"SBS35"	"SBS36"	"SBS37"	"SBS38"	"SBS39"	"SBS40a"	"SBS40b"	"SBS40c"	"SBS41"	"SBS42"	"SBS43"	"SBS44"	"SBS45"	"SBS46"	"SBS47"	"SBS48"	"SBS49"	"SBS50"	"SBS51"	"SBS52"	"SBS53"	"SBS54"	"SBS55"	"SBS56"	"SBS57"	"SBS58"	"SBS59"	"SBS60"	"SBS84"	"SBS85"	"SBS86"	"SBS87"	"SBS88"	"SBS89"	"SBS90"	"SBS91"	"SBS92"	"SBS93"	"SBS94"	"SBS95"	"SBS96"	"SBS97"	"SBS98"	"SBS99"
0	0	0	0	0	0	0.00524741991578255	0.00400572939747971	0	0.152503495435006	0	0	0	0.180548934778115	0	0	0	0	0.193471011223349	0.0026979332240491	0	0	0.0073788961697197	0.219806069609067	0	0	0	0	0	0	0	0	0	0	0	0.188917940278865	0	0	0	0	0.000750307607053436	0	0	0	0.000225414004568246	0	0	0	0	0	0	0	0.0161408151325034	0	0.000155399747405562	0	0.00536644585712723	0	0	0	0	0	0	0	0	0.00644560263161508	0	0	0.000651098248845079	0	0	0	0	0	0.0153002813016508	0	0	0	0	0	0	0	0	0	0	0.00038720543779911
0	0	0	0	0	0	0.00213412570351311	0.00665034599219146	0	0.210398565911636	0	0	0	0.145952979866784	0	0.00111259691292383	0	0	0.221035364781878	0	0	0	0	0.21498496423735	0	0	0	0	0	0	0	0	0	0	0.00902600268829252	0.164201590698466	0	0	0	0	0	0.00983600147240028	0	0	0	0	0	0	0	0	0	0	0	0	0	0	0	0	0	0	0	0.0130837802604199	0	0	0	0	0	0	0.00093442232475426	0.000649259149391127	0	0	0	0	0	0	0	0	0	0	0	0	0	0	0	0
0	0.00181260408424531	0	0	0	0	0	0	0	0.197720610006511	0	0	0	0.147160857137414	0	0.0141094710239076	0	0	0.183137575690917	0	0.000548648542483638	0.00507987891239635	0.0211792617777755	0.179445196730771	0	0	0	0	0	0	0.000643867043925428	0	0	0	0	0.201505178434896	0	0	0	0	0	0.0064161203899695	0	0	0	0	0	0	0	0	0	0.00738111248323877	0	0	0	0	0	0	0	0	0	0.00398828951896107	0	0	0	0.00476586200031839	0	0.0242987765271716	0	0.000806689695098861	0	0	0	0	0	0	0	0	0	0	0	0	0	0	0	0
0	0	0	0	0	0	0	0	0	0.228280785850965	0	0	0	0.137496169061126	0	0	0	0	0.211911565542204	0	0	0	0.00144690411963567	0.212688053283844	0	0	0	0	0	0	0	0	0	0	0	0.17983934721628	0	0	0	0	0	0	0	0	0	0	0	0	0	0	0	0	0	0	0	0	0	0	0	0	0	0.0127700405208732	0	0	0	0	0	0	0.000947671048245971	0.00859374202083529	0	0	0	0	0.000548341613421339	0	0	0	0	0	0	0	0	0.00547737972256854	0	0
0.00171290291519823	0.000172783986732042	0	0	0	0	0	0	0	0.170532106973394	0	0	0.0129682523870367	0.181159328710412	0	0	0	0.00427772078236183	0.193049925005796	0	0	0	0	0.193298105545942	0	0	0	0.000122107466033311	0	0	0	0	0	0	0.00143802078932457	0.193812496581448	0	0	0	0	0	0.00118848628391059	0	0	0	0	0	0	0	0	0	0	0	0	0	0	0	0	0	0	0	0	0	0	0	0	0	0	0	0	0.0275323172665639	0	0	0	0	0	0	0	0	0	0	0	0	0.0115804482350087	0	0.00715499707083756
0	0	0	0	0	0	0	0	0	0.179463308500366	0	0	0	0.175002540106184	0	0	0	0	0.194645630294434	0	0.00984272285081658	0.000778842974377365	0	0.226747239539981	0	0	0	0	0	0	0	0.00258052006428914	0	0	0	0.141111410615879	0	0	0	0	0.00686277956062398	0	0	0	0	0	0	0	0	0	0	0	0	0	0	0	0.00605387274286421	0	0	0	0	0.00609695756126067	0	0	0	0	0	0.0164153076583546	0.00162473719676098	0	0.0194100976514906	0	0.0133640326823174	0	0	0	0	0	0	0	0	0	0	0	0	0
0	0.000450053128311667	0	0	0	0	0	0	0	0.141900722801523	0	0	0	0.18247217434081	0	0	0.0142045873885745	0	0.190654477529189	0	0	0	0	0.188421139924261	0	0	0	0	0	0	0	0.00426307898466202	0	0	0	0.154059496254704	0	0	0	0	0.00890441387051556	0.0011290402831094	0	0	0	0	0	0	0	0	0	0.0117035244468955	0	0	0	0	0	0	0	0.00758185558444415	0	0.0137767492801426	0	0	0.00325045021761125	0	0	0.0151864376053827	0	0	0	0	0	0	0	0	0	0	0	0.0620417983598639	0	0	0	0	0	0
0	0.00806913308792229	0	0	0	0	0	0	0	0.159776786872462	0	0	0	0.174213014653339	0	0	0	0	0.227229612488283	0	0	0	0	0.186283162200931	0	0	0	0	0	0	0	0	0	0	0	0.212728525200831	0	0	0	0	0	0.00701558789415035	0	0	0	0	0	0	0	0	0	0	0	0	0	0	0	0	0	0	0	0	0	0	5.25807431426786e-05	0	0.00602254813796821	0.00975131473715661	0	0	0	0	0	0	0.00885773398381382	0	0	0	0	0	0	0	0	0	0	0
0.00563371905854556	0	0	0	0	0	0	0	0	0.171752466917873	0	0	0	0.227958696041174	0	0	0	0	0.183934226680651	0	0	0	0	0.228551832854074	0	0	0	0.0312910096150578	0	0	0	0	0	0	0	0.145138338801587	0	0	0	0	0	0	0	0	0	0	0	0	0	0	0	0	0	0	0	0	0	0	0	0	0	0	0	0	0	0	0	0	0	0	0	0	0	0.00352142897362272	0	0	0	0	0	0	0	0	0	0.00221828105741575	0	0
0.00343228489386011	0.00704007559950114	0	0	0	0	0	0	0.00121188438656142	0.205032132076981	0	0	0	0.157975915170313	0	0	0	0	0.152813323880592	0.00213817522826964	0.00235144204672474	0	0	0.153706636712067	0	0	0.00139726576460277	0.011670716561601	0	0	0	0	0	0	0.000192761919022368	0.259935157812959	0	0	0	0	0	0	0	0	0	0	0	0	0.00892466394762729	0	0	0	0	0	0	0	0	7.7679455232623e-05	0	0	0.00389243153102213	0.0151706016227405	0	0	0.00883459917844242	0	0	0	0	0.00420225221188108	0	0	0	0	0	0	0	0	0	0	0	0	0	0	0	0
0	0	0	0	0	0	0	0	0	0.213462315093255	0	0	0	0.203862932756026	0	0	0	0	0.185982349852981	0	0.00427850380267818	0	0.0148198518369677	0.16866345028994	0	0	0	0	0	0	0	0	0	0	0	0.175448579448972	0	0	0	0	0	0	0	0	0	0.00443732687073783	0	0	0	0	0	0	0	0	0	0	0.00403510336511058	0	0	0	0	0.00219472458398134	0.000302737040700035	0	0	0	0	0	0	0.00286148382924809	0.00592975780432009	0	0	0	0	0	0	0	0	0	0	0	0	0	0	0.0137208834250823
0	0	0	0	0	0	0	0	0.0168770789077077	0.20952213645301	0	0	0	0.185413425572633	0	0	0	0	0.176122044365685	0	0	0	0	0.132139842240752	0	0	0	0	0	0	0	0	0	0	0	0.184387148126485	0	0	0	0	0	0	0	0	0	0	0	0	0	0	0	0	0.0142399310874311	0	0	0	0	0.00168861694155165	0	0	0	0	0	0	0	0	0	0	0	0	0	0	0	0	0	0	0	0	0	0.079609776304745	0	0	0	0	0	0
0.00674031715573884	0	0	0	0	0	0	0.00445854625484852	0	0.173561576365956	0	0	0	0.174798874087035	0	0	0	0	0.199263120675608	0	0	0.00464000167353652	0	0.187172283135159	0	0	0	0	0	0	0	0	0	0	0	0.195160372809746	0	0	0	0.00122968206497038	0	0	0	0	0.018284634977065	0	0	0	0	0	0	0	0	0	0	0	0	0	0	0	0	0.0278668726289528	0	0	0.00320592384282774	0	0	0	0	0.00361779432855653	0	0	0	0	0	0	0	0	0	0	0	0	0	0	0	0
0	0	0	0	0	0	0	0	0	0.197303450968472	0	0.0302979801742034	0	0.183892684606622	0	0	0	0	0.139550160468736	0	0.00553776259622283	0.00305136420864279	0.00732166863562599	0.175613096647222	0	0	0	0	0	0	0	0	0	0	0	0.19711240790047	0	0	0	0	0.0215636364744627	0.00245978246737141	0	0	0.00178363724389748	0	0	0	0	0	0	0	0.0127442377569166	0	0	0	0	0.0121476542986712	0	0	0	0	0	0	0	0	0	0	0.000883979097749588	0	0	0	0	0	0	0	0	0	0	0	0	0	0	0	0	0.00873649645471401
0	0.00478301402037226	0	0	0	0	0	0	0.00636290176570738	0.134897820464884	0	0	0	0.160892374518973	0	0	0	0	0.21737555548712	0	0	0	0	0.203939216304623	0	0	0	0	0	0	0	0	0	0	0	0.165455812632538	0	0	0	0	0	0.012305114434227	0	0	0	0	0	0	0	0	0	0	0	0	0	0	0	0.00154441143246499	0	0	0	0	0	0	0.00104797673528108	0	0.00302009531364047	0.0567023298682915	0	0.00566610043721424	0	0	0.0260072765846628	0	0	0	0	0	0	0	0	0	0	0	0	0
0.00338923950490117	0	0	0	0	0	0	0	0.0261505521839973	0.145409126158949	0	0	0	0.243545906166293	0	0	0	0	0.170356037129252	0	0	0	0.00833329817608915	0.192668613987982	0	0	0	0	0	0	0	0	0	0	0	0.170873953625989	0	0	0	0	0	0	0	0	0	0	0	0	0	0	0	0	0	0	0	0	0	0	0	0	0	0	0	0	0	0	0	0	0	0.00215691839330174	0.00923457642579488	0	0	0	0.0278817782474508	0	0	0	0	0	0	0	0	0	0	0
0	0	0	0	0	0	0	0	0	0.189538420510325	0	0	0.00857232024778846	0.156699840285233	0	0	0	0	0.196531248292526	0	0	0	0	0.210458090323019	0	0	0	0	0	0	0	0.00301880958488223	0	0	0	0.171633794761134	0	0	0	0	0.00161991000466273	0	0	0	0	0	0	0	0	0	0	0	0	0	0	0	0	0.000750114197803145	0	0	0	0.00582159973227901	0	0	0	0	0.0344435527200765	0	0	0	0	0	0	0	0.0181248336123519	0	0	0	0	0	0	0	0	0.00278746572791917	0	0
0	0.00246931631125801	0	0	0	0	0.000649507561022395	0.00236053999644758	0	0.201975274870636	0	0	0	0.158097061919372	0	0.0045410890793482	0	0	0.194818443745535	0.000324393643453742	0	0	0.0240678511077664	0.153588562343148	0	0	0	0	0	0	0	0	0	0	0	0.224813725225584	0	0	0	0	0	0	0	0	0	0.000284832111895919	0	0	0	0	0	0	0	0	0	0	0.0141087949407444	0	0	0	0	0.00355809664545608	0	0	0	0	0	0.0101292177987474	0	0	0	0	0	0	0	0	0.00333995430319291	0	0	0	0	0	0	0	0	0.000873338396391248
0	0	0	0	0	0	0	0	0	0.196440863738028	0	0	0	0.195768300957382	0	0	0	0.00103164255414619	0.16882547760096	0.00433228604466667	0	0	0	0.207363545739289	0	0	0.00275091740187966	0	0	0	0	0	0	0	0.00267010216148328	0.202866677350101	0	0	0	0	0	0.000209493341504902	0	0	0	0	0	0	0	0	0	0	0	0	0	0	0	0	0	0	0	0	0	0	0	0	0	0	0	0	0	0	0	0	0	0	0	0	0	0.00606264883730444	0	0	0	0.0116780442732548	0	0
0	0	0	0	0	0	0	0	0.0207948653130837	0.156992223702569	0	0	0.027124157857497	0.19365772272093	0	0.00760950444212242	0.00604504759769386	0	0.14285191105032	0	0	0	0.00102550708631191	0.162416641357368	0	0	0	0.00861616068128965	0	0	0	0	0	0	0	0.205782429325762	0	0	0	0	0	0	0	0	0	0	0	0	0.00447288143720633	0	0.0115302622443006	0	0	0	0	0	0	0	0.000876711041392647	0	0	0.0083090283116384	0	0	0.00879917387102762	0	0	0	0.000111793523338742	0	0.022541359780629	0	0.0104426186555182	0	0	0	0	0	0	0	0	0	0	0	0	0
0	0.00637149447364277	0	0	0	0	0	0	0	0.158124347285832	0	0	0	0.23367154021565	0	0	0	0	0.152274757207974	0	0	0	0	0.17218607711924	0	0	0	0	0	0	0	0	0	0	0	0.155797528108279	0	0	0	0.0152608464416123	0	0	0	0	0	0	0	0	0	0	0	0	0	0	0.00154813464477146	0	0	0	0	0	0	0	0	0	0.00771683887235915	0	0	0.0532090467806811	0.00137927983102119	0	0	0	0	0	0.042460109018936	0	0	0	0	0	0	0	0	0	0	0
0	0	0	0	0	0	0.00163335063467707	0	0	0.167849385871348	0	0	0	0.23504432896899	0	0	0	0	0.138340128668451	0	0	0	0	0.223395057622908	0	0	0	0	0	0	0	0	0	0	0	0.211523512330671	0	0	0	0	0	0.00423402166130355	0	0	0	0	0	0	0	0	0	0	0	0	0	0	0	0.0056318316006769	0	0	0	0.0106155058811653	0.000987692778853956	0	0.000745183980955121	0	0	0	0	0	0	0	0	0	0	0	0	0	0	0	0	0	0	0	0	0
0	0	0	0	0	0	0	0.00188100051096561	0	0.187615327236241	0	0	0	0.259240745875546	0	0	0	0	0.204463954853899	0	0	0	0	0.181591088134263	0	0	0	0.00192066024473209	0	0	0	0	0	0	0	0.13640037677267	0	0	0	0	0	0.0201313188663058	0	0	0	0	0	0	0	0	0	0	0	0	0	0	0	0	0	0.00178492084711155	0	0.00236814699396821	0	0	0	0	0	0	0	0.000182943120228087	0	0	0	0	0	0	0	0	0	0	0	0	0	0.00241951654406978	0	0
0	0.00460125723294881	0	0	0	0	0	0	0	0.221861018436269	0	0	0.00717121831799644	0.187341580065519	0	0	0	0	0.160469448564512	0	0	0	0	0.146327930471851	0	0	0	0	0	0	0	0	0	0	0	0.233223529049106	0	0	0	0	0	0	0	0	0	0	0	0	0	0	0	0	0.00326463608622056	0	0	0	0	0.00274479760221419	0	0	0	0	0	0	0	0	0	0	0	0	0	0	0	0	0.0227591979073013	0	0	0.00415058462791075	0	0	0	0	0	0.00608480163815103	0	0
0.00230477219081503	0	0	0	0	0	0.000386058212569242	0	0	0.250197309724511	0	0	0	0.159018916475315	0	0	0	0	0.193774492062374	0	0	0	0	0.193972698205777	0	0	0	0	0	0	0	0	0	0	0	0.152659291218056	0	0	0	0	0	0	0	0	0	0	0	0	0	0	0	0	0	0	0	0	0	0	0	0.0199457518607035	0	0	0	0.00223651332209459	0	0	0	0	0	0	0	0	0	0	0	0	0	0.0121992754876645	0	0	0	0	0	0.007601554263313	0.00570336697680788	0
0	0.00433614962440124	0	0	0	0	0	0	0	0.181692812621483	0	0	0.00664744214803713	0.221647829939066	0	0.0336113556533445	0.00437963777392756	0	0.169417722925231	0	0	0	0	0.203441765806269	0	0	0	0	0	0	0	0	0	0	0	0.152774127907569	0	0	0	0	0	0	0	0	0	0	0	0	0	0	0	0	0	0	0	0	0	0	0	0	0	0	0	0.00122410932349437	0	0	0	0.0148697341749187	0	0	0	0	0	0	0	0	0	0	0	0	0	0	0	0	0.00595731210225853	0
0.00495144168480119	0	0	0	0	0	0	0	0.000672934782092665	0.239491402373684	0	0	0.0274191510925012	0.13573660748773	0	0	0	0	0.174866769630118	0	0.0169017591318274	0	0.00034708972197981	0.201198005251145	0	0	0	0	0	0	0	0	0	0	0	0.177220183183629	0	0	0	0	0	0	0	0	0	0	0	0	0	0	0	0	0	0	0.0024101814864926	0	0	0	0	0	0	0	0	0	0.00166927767688795	0	0	0	0	0	0	0	0.00788606879674701	0	0	0	0	0	0	0	0	0	0	0.00922912770036441	0	0
0	0.00425688863895759	0	0	0	0	0	0	0	0.192073826814495	0	0	0	0.207995960541724	0	0	0	0	0.149605881800706	0	0	0	0	0.206872361863774	0	0	0	0.0142103237837984	0	0	0	0	0	0	0	0.157695898125204	0	0	0	0	0.00381551573293505	0	0	0	0	0	0	0	0	0	0	0	0.000566246297473369	0	0	0	0.00523449225476534	0	0	0	0	0	0	0	0	0	0	0.0220011091483135	0	0	0.00664959891449974	0	0.0290218960833544	0	0	0	0	0	0	0	0	0	0	0	0	0
0	0.000850387742928549	0	0	0	0	0	0	0	0.191816831066426	0	0	0.0127854675609864	0.143783844002499	0	0	0	0	0.203847166994258	0	0	0	0	0.204000229010385	0	0	0	0.00898572693614167	0	0	0	0	0	0	0	0.204826295282678	0	0	0	0.00832454937271215	0	0	0	0	0	0	0	0	0	0	0	0	0.00414525576993682	0	0	0	0	0	0	0	0	0	0	0	0	0	0	0.00429280074816866	0	0	0	0	0.00629912586227361	0	0	0	0	0	0	0.00604231965060645	0	0	0	0	0	0
0	0	0	0	0	0	0	0	0	0.227463246376378	0	0	0.00259719724433107	0.180780535595708	0	0	0	0	0.23351413560084	0	0	0	0	0.1597912726538	0	0	0	0	0	0	0	0	0	0	0	0.179622694183207	0	0	0	0	0	0	0	0	0	0	0	0	0	0	0	0	0	0	0	0	0	0.00187915750826074	0	0	0	0	0	0	0	0	0	0	0	0.00454895437888739	0	0	0.00980280645858746	0	0	0	0	0	0	0	0	0	0	0	0	0
0	0	0	0	0	0	0	0	0	0.171258384145307	0	0	0	0.198821601220541	0	0	0	0	0.190236929825581	0	0	0.000994697662398905	0.00427579764559854	0.161357691769827	0	0	0	0.00309747280704611	0.00263679776383875	0	0	0	0	0	0.00192254694654945	0.234432274302101	0	0	0	0	0.00882805748096112	0	0	0	0	0	0	0	0	0	0	0	0	0	0	0	0	0	0	0	0	0	0	0.00284988335124932	0	0	0	0	0.000260367173475896	0	0.000284660967219383	0	0	0	0.0187428369383056	0	0	0	0	0	0	0	0	0	0	0
0	0.00440456962859541	0	0	0	0	0	0	0	0.116516666798249	0	0	0.0185279482015662	0.203319102156451	0	0.00376431519687717	0	0	0.152247740491529	0	0	0	0.0157500375937909	0.178943007089715	0	0	0	0	0	0	0	0	0	0	0	0.212781672316172	0	0	0	0.000655858669856158	0	0	0	0	0	0	0	0	0.0729117398560377	0	0	0	0	0	0	0	0	0	0	0	0	0.0170949798081398	0	0	0.00103721130035564	0	0	0	0	0.000917012664530149	0	0	0	0	0	0	0.00112813822813535	0	0	0	0	0	0	0	0	0
0	0	0	0	0	0	0	0	0	0.195183229886683	0	0	0	0.239820788557813	0	0	0	0	0.176905656052617	0	0	0.0095323865169179	0	0.207478728143167	0	0	0.00099082277165697	0	0	0	0	0	0	0	0	0.131231540108715	0	0	0	0	0	0.00120541384832571	0	0	0	0	0	0	0.00387161624582459	0	0	0	0	0	0	0	0	0.00809100235724293	0	0	0	0	0	0	0	0	0	0	0	0.000132743012843229	0.0135191512210217	0	0.000803077495706189	0	0.00429522094160575	0	0.00186958393503928	0	0	0	0	0	0	0.00506903890481975	0	0
0	0	0	0	0	0	0	0	0	0.190911450537078	0	0	0	0.185648217829464	0	0	0	0	0.153730869452889	0	0	0	0	0.16719535338583	0	0	0	0.0130945299473879	0	0	0	0	0	0	0	0.240603862909903	0	0	0	0	0	0	0	0	0	0	0	0	0	0	0	0	0	0	0	0	0	0.000249693513873031	0	0	0	0.0111021984887427	0	0	0	0	0.0279215160734971	0	0	0.00221686726249523	0	0	0	0	0	0	0.00732544059884015	0	0	0	0	0	0	0	0	0
0	0	0	0	0	0	0	0	0	0.209774733981081	0	0	0.00409313089012838	0.187966369227442	0	0.00610307623862598	0	0	0.170623932982928	0	0	0	0	0.180993253648625	0	0	0	0.00963110959899396	0	0	0	0	0	0	0	0.191845088082453	0	0	0	0	0.00690245254580092	0	0	0	0.0155095376613136	0	0	0	0	0	0	0	0.0079524909216607	0	0	0	0	0	0	0	0	0	0	0	0	0	0	0	0	0	0	0	0	0	0	0	0	0	0	0.00860482422094645	0	0	0	0	0	0
0	0	0	0	0	0	0	0	0	0.167740078184431	0	0	0	0.231203991883621	0	0	0	0	0.155930065220009	0.000707687943636788	0	0	0.0182926557144172	0.259488343728467	0	0	0	0	0	0	0	0	0	0	0.00072446328006244	0.113252309747043	0	0	0	0	0.000424592812984456	0	0	0	0	0.000428160793444184	0	0	0	0	0	0	0	0	0	0	0	0	0	0	0	0.0112715849444635	0	0.00100914981697065	0	0.00325364084879036	0.0331192994202934	0	0	0	0	0	0.0018795265831674	0	0.0012744490781988	0	0	0	0	0	0	0	0	0	0	0
0	0.000943647976714594	0	0	0	0	0	0	0	0.239510823203879	0	0	0.00218880440405195	0.121483795473933	0	0	0	0	0.189512554407979	0	0.00173656286751947	0	0	0.20464808908474	0	0	0	0	0	0	0	0	0	0	0	0.184826596846367	0	0	0	0	0	0	0	0	0	0	0	0	0	0	0	0	0	0	0	0	0	0	0	0	0	0	0	0	0	0	0.0551491257348165	0	0	0	0	0	0	0	0	0	0	0	0	0	0	0	0	0	0	0
0	0	0	0	0	0	0.00124974809119553	0	0	0.199344543567536	0	0.0111548753346086	0.000820121014525794	0.176842481694429	0	0	0	0	0.154229046560896	0	0	0	0	0.240436526287186	0	0	0	0	0	0	0	0	0	0	0	0.154938025982195	0	0	0	0	0	0	0	0	0	0	0	0	0.00321713362057682	0	0	0	0	0	0	0	0	0.00542009253869608	0	0	0	0	0	0	0	0	0	0	0	0	0.00791084094269999	0	0	0	0.0319230670185411	0	0	0.00416618763147601	0	0	0	0	0	0.00834730971543794	0	0
0	0.00590863968910792	0	0	0	0	0	0	0	0.200670475673829	0	0	0.00363114673921286	0.171549399348671	0	0	0	0	0.160942658917137	0	0	0	0.00226530712128502	0.179896566110525	0	0	0	0	0	0	0	0	0	0	0	0.200487926063013	0	0	0	0.0133862676835052	0	0.00579542288768131	0	0	0.00145237743675377	0	0	0	0.044949952625384	0	0	0	0	0	0	0	0	0.00848889366507168	0	0	0	0	0	0.000574966038823333	0	0	0	0	0	0	0	0	0	0	0	0	0	0	0	0	0	0	0	0	0	0
0	0	0	0	0	0	0	0	0	0.199448202865232	0	0	0	0.199621397153635	0	0	0.00140603479968316	0	0.217487655056732	0	0	0	0.0130004929067719	0.151714165609006	0	0	0	0	0	0	0	0	0	0	0	0.198095429736083	0	0	0	0.00227244702357341	0	0.00636952875220573	0	0	0	0	0	0	0	0	0	0	0	0	0	0	0	0.000470961802575308	0	0	0	0	0	0	0	0	0.00200705258474532	0.00150541361952127	0.00177224917016282	0	0	0	0	0	0	0	0	0	0	0	0	0	0	0.0048289689200739	0	0
0.00302479974053859	0.0123729682067135	0	0	0	0	0	0	0	0.178298018226205	0	0	0.00498428677800931	0.152828823060733	0	0	0.00956033539670753	0	0.201495542809818	0.000116018432315411	0	0	0	0.161742932831782	0	0	0	0	0	0	0	0	0	0	0	0.205863585048165	0	0	0	0	0	0	0	0	0	0.00370588512576524	0	0	0	0	0	0	0	0	0	0	0	0	0	0.0142904986401203	0	0	0	0	0	0	0	0.0436004666297846	0.00811583907334246	0	0	0	0	0	0	0	0	0	0	0	0	0	0	0	0	0
0.00689707015117861	0	0	0	0	0	0.0113118273775657	0	0	0.225932457902333	0	0	0	0.169772993281484	0	0	0	0	0.166323077813711	0	0	0	0	0.21985576858489	0	0	0	0	0	0	0	0.00366562907119536	0	0	0	0.184689719307566	0	0	0	0	0	0	0	0	0	0	0	0	0	0	0	0	0	0	0.000602048956270301	0	0	0.000828228763848787	0	0	0	0.00767380598991858	0	0	0	0	0	0	0	0	0	0	0.000849281481251468	0.00159809131878741	0	0	0	0	0	0	0	0	0	0	0	0
0	0	0	0	0	0	0	0	0	0.193867257730021	0	0	0	0.205582547450942	0	0	0	0	0.183428039860084	0	0	0	0.000994091047288895	0.198464038979563	0	0	0	0	0	0	0	0	0	0	0	0.160753610496263	0	0	0	0	0	0	0	0	0	0	0	0	0	0	0	0	0.000124043187985838	0	0	0	0	0.0143079703296487	0	0	0	0	0	0	0	0	0	0.0313193833309197	0.000634244202383627	0.00403673579825551	0	0	0	0	0.00648803758664402	0	0	0	0	0	0	0	0	0	0	0
0	0.013906615261158	0	0	0	0	0	0	0	0.217541639380635	0	0	0.0101069409257014	0.0990685916319288	0	0	0	0	0.179880122708011	0	0	0	0	0.176651653605848	0	0	0	0.0249942386323585	0	0	0	0	0	0	0	0.221786725959304	0	0	0	0.0165320067188266	0	0.000117672598944867	0	0	0	0.00720970195476859	0	0	0	0	0	0	0	0	0	0	0	0.000510085285251478	0	0	0	0	0	0	0	0	0	0	0	0	0	0	0.0316940053372632	0	0	0	0	0	0	0	0	0	0	0	0	0
0.00786801400941144	0	0	0	0	0	0	0	0	0.2001210932596	0	0	0	0.224370144523885	0	0.00907042982432044	0	0	0.197998296234993	0	0	0	0	0.18863013070809	0	0	0	0.00973249466695851	0	0	0	0	0	0	0	0.156800540540545	0	0	0	0	0.00130337288744533	0	0	0	0	0	0	0	0	0	0	0	0	0	0	0	0	0.00131153154939213	0	0	0	0	0	0	0	0.00279395179535899	0	0	0	0	0	0	0	0	0	0	0	0	0	0	0	0	0	0	0	0
0	0	0	0	0	0	0	0	6.47675756756985e-06	0.156728643628653	0	0	0	0.180546576371668	0	0.000697700391789983	0	0	0.217484515102976	0	0	0	0.00396577948163058	0.212828870646582	0	0	0	0.00665151961474582	0	0	0	0	0	0	0	0.130007477348424	0	0	0	0	0	0.00865625792279183	0	0.00968960244221075	0	0	0	0	0.00331655525201442	0	0	0	0	0	0.00231221114436219	0	0	0	0	0	0	0	0	0	0	0	0	0	0	0	0.00568936264332079	0	0	0.0232677243132732	0.0188671790275723	0	0	0	0	0.0192835479104173	0	0	0	0	0	0
0.00493408408615711	0	0	0	0	0	0	0	0	0.226821783129093	0	0	0	0.249224591426093	0	0	0	0	0.191215197247858	0	0	0	0.00297251296406162	0.186987049246265	0	0	0	0	0.00469644151061517	0	0	0	0	0	0	0.112618892503049	0	0	0	0	0.00452590703082609	0	0	0	0	0	0	0	0	0	0	0	0	0	0	0	0	0	0	0	0	0	0	0.00824257822526165	0.00776096263072093	0	0	0	0	0	0	0	0	0	0	0	0	0	0	0	0	0	0	0	0	0
0	0.00334347029699757	0	0	0	0	0	0	0	0.199737059166684	0	0	0	0.226960498456013	0	0	0	0	0.214553628520637	0	0	0	0	0.128457425762102	0	0	0	0	0	0	0	0	0	0	0	0.192849105909027	0	0	0	0	0	0.0143336640117994	0	0	0	0	0	0	0	0	0	0	0	0	0	0	0	0	0	0	0	0	0	0.0197651478767395	0	0	0	0	0	0	0	0	0	0	0	0	0	0	0	0	0	0	0	0	0	0
0	0.0013385191856541	0	0	0	0	0	0	0	0.195816636944103	0	0	0	0.146071102572064	0	0	0	0	0.193932175328174	0	0	0	0.0103890436556223	0.160795151489243	0	0	0	0	0	0	0	0	0	0	0	0.224751946233544	0	0	0	0	0	0	0	0	0	0	0	0	0	0	0	0.00212913885212012	0	0	0	0	0	0	0	0	0	0	0	0	0	0	0.00875626963457095	0.0453974018430333	0	0	0	0	0.0106226142618711	0	0	0	0	0	0	0	0	0	0	0	0	0
0	0	0	0	0	0	0	0	0	0.153116153779886	0	0	0	0.241888621747895	0	0	0	0	0.186334670244339	0	0	0	0	0.240926273534435	0	0	0	0.0280357320210432	0.00100594504405837	0	0	0	0	0	0	0.142437140535889	0	0	0	0	0	0.000379802982544022	0	0	0	0	0	0	0	0	0	0	0	0	0	0	0	0	0	0	0	0.00294505808856913	0	0	0	0	0	0	0	0.00188713104946878	0	0	0	0	0	0	0.00049875368712118	0	0	0	0	0	0	0	0	0.000544717284750788
0.0162772862336109	0.00288653577889388	0	0	0	0	0	0	0.00241197719442462	0.171862878975405	0	0	0	0.147677789499759	0	0	0.00212669635636714	0	0.197595425982761	0.00350404406053644	0.000762067645261761	0	0	0.173700492726941	0	0	0	0.0107802855731304	0	0	0	0.00122333683882748	0	0	0	0.221077423513075	0	0	0	0	0	0	0	0	0	0	0	0	0	0	0	0.000277763366150497	0	0	0.00184035279291029	0	0	0	0	0	0	0.00622863794652642	0	0	0	0	0	0.00572742672813008	0.00152824968656749	0	0.0105138156498368	0	0	0	0	0	0	0	0	0	0	0	0	0	0	0.0219975134508841
0	0	0	0	0	0	0	0	0	0.174819993416884	0	0	0	0.155632347844114	0	0	0	0	0.193521937887552	0.00541379026780279	0	0	0	0.218230650729196	0	0	0	0.000966839513233603	0	0	0	0	0	0	0	0.185057242128721	0	0	0	0	0	0	0	0	0.0241604073996155	0	0	0	0	0	0	0	0.0106687355769356	0	0	0	0.000481330017397091	0	0	0	0	0	0	0	0	0	0.00725632492281201	0	0	0	0	0	0	0	0.00216596138469725	0	0	0	0	0.0159810178959187	0	0	0	0	0.00564342101512166	0
0	0.0049179063513032	0	0	0	0	0	0	0	0.154261321702534	0	0	0	0.211026651340848	0	0	0.00537960747550962	0	0.155885500332809	0	0	0	0	0.187731845768408	0	0	0.00151233515554485	0	0	0	0	0	0	0	0	0.213206393735484	0	0	0	0.000866257775091072	0	0.00462337741642509	0	0	0	0.00671632603782694	0	0	0	0	0	0	0	0	0	0	0	0	0	0	0	0	0	0	0	0	0	0.0239952431042146	0	0	0	0	0	0	0.0298772338040029	0	0	0	0	0	0	0	0	0	0	0
0	0	0	0	0	0	0	0	0.00740997538484703	0.190454955006533	0	0	0	0.179954651515577	0	0	0	0	0.168886809439425	0	0	0	0	0.165800796045103	0	0	0	0.00189137266058453	0	0	0	0	0	0	0	0.176285166077831	0	0	0	0	3.61614060888486e-05	0.00870306164623625	0	0	0	0	0	0	0.0406580315303845	0	0	0	0	0	0	0	0	0	0	0	0	0.00713034630814598	0.00819671253026393	0	0	0	0.036850054935238	0	0	0.00619551301659565	0	0	0.00154639249714542	0	0	0	0	0	0	0	0	0	0	0	0	0
0.00816166245081984	0	0	0	0	0	0	0.00244573332155545	0	0.151918944102185	0	0	0	0.129507127064185	0	0	0.0131197075047233	0	0.177996031758589	0	0	0	0	0.196085200204191	0	0	0	0.00185760906815927	0	0	0	0	0	0	0	0.238980948050579	0	0	0	0	0	0	0	0	0	0	0	0	0	0	0	0	0	0	0	0	0	0.00391792161061433	0	0	0.00704718156837072	0	0.00746931192093831	0	0	0	0	0	0	0.00393243058722095	0	0	0	0	0	0	0	0	0	0.0575601907878686	0	0	0	0	0	0
0	0.00785120375960979	0	0	0	0	0	0	0	0.226764896344564	0	0	0.0114875846486833	0.143779797421957	0	0	0	0	0.12623832774006	0	0	0	0	0.2134597473219	0	0	0	0	0	0	0	0	0	0	0	0.240965940089228	0	0	0	0	0	0	0	0	0	0	0	0	0	0	0	0	0	0	0.00070663460568023	0	0	0.000409305592902769	0	0	0	0.00970968807863761	0	0	0	0	0	0.0140129091198769	0	0	0	0	0	0.0020693573469795	0	0	0.00254460792992145	0	0	0	0	0	0	0	0	0
0	0.00650084061415186	0	0	0	0	0.0100793395266877	0	0.0389263333842952	0.157084877559212	0	0	0	0.168703887390963	0	0	0.0011405811170943	0	0.174521057991733	0	0.00867763563859676	0	0	0.187612815834792	0	0	0	0	0.00619344776689849	0	0	0	0	0	0	0.219210676297747	0	0	0	0	0.00724691463409511	0	0	0	0	0	0	0	0	0	0	0	0	0	0	0	0	0.00424874014764335	0	0	0	0	0	0	0	0	0	0	0	0	0	0	0.00807635998015043	0	0	0	0	0	0	0.00177649211594163	0	0	0	0	0	0
0	0	0	0	0	0	0.000863141442270627	0	0	0.223105584091738	0	0	0	0.219988097358383	0	0	0	0	0.170462973385885	0	0	0	0	0.186805720938382	0	0	0	0	0	0	0	0	0	0	0	0.155513932438384	0	0	0	0	0	0.00675460149018303	0	0	0	0	0	0	0	0	0	0	0	0	0	0	0	0.00125819079243567	0	0	0	0.0202736713428873	0.0148676152643771	0	0	0	0	0	0	0	0	0	0	0	0	0	0	0	0	0	0	0	0	0.000106471455073838	0	0
0	0	0	0	0	0	0	0	0	0.18024735812504	0	0	0	0.176740406822166	0	0	0	0	0.213164447326586	0	0	0	0	0.210066236190925	0	0	0	0	0	0	0	0	0	0	0	0.200761202713704	0	0	0	0	0	0	0	0	0	0	0	0	0	0	0	0	0	0	0	0	0	8.28739902201858e-06	0	0	0	0	0	0	0	0	0	0	0	0	0.00468882077899926	0	0.0059982568468611	0	0	0	0	0	0	0	0	0	0	0.0083249837966966	0	0
0.00629090371716916	0	0	0	0	0	0	0	0	0.132375714835799	0	0	0	0.239641170241769	0	0	0	0	0.208774609637074	0	0	0	0.00905747778600027	0.166229698467228	0	0	0	0	0	0	0	0	0	0	0	0.210822425715385	0	0	0	0	0.00222875178800078	0.00801167419784128	0	0	0	0	0	0	0	0	0	0	0	0	0	0	0	0.00446486942965071	0	0	0	0	0	0	0	0	0.00883748300038347	0	0.000485947031170694	0	0	0	0.00277927415252918	0	0	0	0	0	0	0	0	0	0	0	0	0
0	0	0	0	0	0	0	0	0.0118547250546341	0.137595047910216	0	0	0.00342512719557241	0.192620602823438	0	0	0	0	0.188057441009586	0	0	0	0.0120177571046331	0.229796027170643	0	0	0	0	0	0	0	0.00101521915616382	0	0	0	0.198140213089726	0	0	0	0	0	0.000636175205031324	0	0	0	0	0	0	0	0	0.00240578732556526	0	0	0	0	0.011357474806456	0	0	0	0	0	0	0	0	0	0	0.000828588399608348	0	0	0	0	0	0.00138619917833322	0	0	0	0.00886361457039414	0	0	0	0	0	0	0	0	0
0	0	0	0	0	0	0	0	0	0.196141068131576	0	0	0	0.227928391799736	0	0	0	0	0.156891675454561	0.0131970847422298	0	0	0.0122252631538408	0.146267035409484	0	0	0.00675468117302097	0	0	0	0	0	0	0	0	0.190409077038993	0	0	0	0	0.00642707914910685	0.0131141363890349	0	0	0	0	0	0	0	0	0	0	0.00203660834882136	0	0	0	0	0	0	0	0	0	0	6.09027421187478e-07	0	0.00517075603998619	0	0	0	0	0	0	0	0	0	0	0.00386000450833495	0	0	0	0	0	0	0.0189114942768744	0	0.000665035356978832
0	0	0	0	0	0	0	0	0	0.189540085914135	0	0.00306646093284752	0.0277715595830439	0.162963045218035	0	0	0	0.0013667009590558	0.184751849746646	0.00531267947749214	0	0	0	0.2203528840444	0	0	0	0.00397019962340949	0	0	0	0	0	0	0.00597800981190335	0.129022113253047	0	0	0	0	0	0	0	0	0	0	0	0	0	0	0	0.0129387298928304	0.0100140275954428	0	0	0	0	0.000736374004847901	0	0	0	0	0	0	0	0	0.00164729029971335	0	0	0	0	0	0	0	0	0	0	0	0	0.034964673328872	0	0	0	0	0	0.005603316314278
0.00320535318694787	0	0	0	0	0.00176777079550289	0	0	0	0.160985415925909	0	0	0	0.19551587217175	0	0	0	0	0.200508108540691	0	0	0	0	0.183397163909901	0	0	0	0	0	0	0	0	0	0	0	0.212127691419057	0	0	0	0	0	0	0	0	0	0	0	0	0	0	0	0	0	0	0	0	0	0	0	0	0	0	0	0	0	0.00480185401079178	0.0201731803098841	0	0	0	0.0099424573288598	0	0	0	0.00757513240070492	0	0	0	0	0	0	0	0	0	0	0
0	0	0	0	0	0	0	0	0.000497163427297923	0.162879449459537	0	0	0	0.1987807272775	0	0	0	0	0.187372101683771	0	0	0	0.0036468763600799	0.19164250932397	0	0	0	0.00867314439395348	0	0	0	0	0	0	0	0.218123187302125	0	0	0	0	0	0	0	0	0	0	0	0	0	0	0	0	0	0	0	0	0	0	0	0	0	0.0194835309135931	0	0	0	0	0	0	0	0	0	0	0	0	0	0	0.00890130985817372	0	0	0	0	0	0	0	0	0
0	0	0	0	0	0	0	0	0	0.17666722596978	0	0	0	0.242419861134675	0	0	0	0	0.218463485029545	0	0	0	0	0.178156978209548	0	0	0	0	0	0	0	0	0	0	0	0.132072642471254	0	0	0	0	0.00855411092516414	0	0	0	0.0121107183689826	0	0	0	0	0	0	0	0.0182437589249576	0	0	0	0.0101886242154202	0	0	0	0	0	0.00312259475067357	0	0	0	0	0	0	0	0	0	0	0	0	0	0	0	0	0	0	0	0	0	0	0
0	0.00262759992703482	0	0	0	0	0	0	0	0.242019773158953	0	0	0.0202296821075767	0.161845753994483	0	0	0	0	0.178968052108079	0	0.00401978961062719	0	0.0035125961377595	0.175778629306079	0	0	0	0	0	0	0.00331526457156819	0	0	0	0	0.179351250440566	0	0	0	0	0.00428888815288383	0	0	0	0	0	0	0	0	0	0	0	0	0	0	0	0	0	0	0	0	0	0	0	0.0031416542010755	0	0	0	0	0	0	0	0.0101937383734424	0	0	0	0.00255572744850555	0	0	0.00815160046136551	0	0	0	0	0	0
0	0	0	0	0	0	0.0172995402005576	0	0.00627319890739715	0.206798975494806	0	0	0	0.148885903387362	0	0	0	0	0.173386765940555	0	0	0	0	0.167967423405576	0	0	0	0.0123699240435969	0	0	0	0	0	0	0	0.223131022710023	0	0	0	0	0	0.0118121056569178	0	0	0	0	0	0	0	0	0	0	0	0	0	0	0	0	0	0.0231395990485526	0	0	0	0	0	0	0	0	0.00181595605464225	0	0	0	0.00711958515001321	0	0	0	0	0	0	0	0	0	0	0	0	0
0	0	0	0	0	0	0.0110539238232707	0	0.00418192412768502	0.1564533304877	0	0.0257105842346057	0.00073342687963093	0.168251754982138	0	0	0.0118409238322463	0	0.179029859840303	0	0	0	0.0156515115163157	0.185467425464517	0	0	0	0	0	0	0	0	0	0	0	0.219941916979582	0	0.000518712679844613	0	0	0.00385397685059303	0.00815923002833987	0	0	0	0	0	0	0	0	0	0.0014947381599482	0	0	0	0	0	0	0	0.00434997948380686	0	0	8.34697566147671e-07	0	0	0	0	0	0	0.000216235356073067	0.000623852015171699	0	0.00246585856066205	0	0	0	0	0	0	0	0	0	0	0	0	0
0.00244728138654862	0	0	0	0	0	0	0	0	0.241398150259309	0	0	0	0.201043407456272	0	0	0	0	0.180737478770409	0	0	0	0	0.222318534922289	0	0	0	0	0	0	0	0	0	0	0	0.131934446422999	0	0	0	0	0	0.00289261825005826	0	0	0	0	0	0	0	0	0	0	0	0	0	0	0	0	0	0	0	0	0	0	0	0	0	0	0	0	0	0	0	0	0	0	0	0	0	0	0	0	0	0.0172280825321156	0	0
0	0	0	0	0	0	0	0	0	0.216011313853638	0	0	0	0.190948573805802	0	0	0	0	0.198041484917122	0	0	0	0	0.168187777056889	0	0	0	0	0	0	0	0	0	0	0	0.200588566860828	0	0	0	0	0	0	0	0	0	0	0	0	0	0	0	0	0.000460448545731539	0	0	0	0	0	0	0	0	0	0	0	0	0	0	0	0	0.00445206528168801	0	0	0.0184829397965489	0	0.00282682988175246	0	0	0	0	0	0	0	0	0	0	0
0	0	0	0	0	0	0	0	0	0.195941629777879	0	0	0	0.190114603753188	0	0	0	0.0185628446673918	0.160355738217374	0	0	0	0	0.183382256451221	0	0	0.00903006531381192	0	0	0	0	0	0	0	0	0.232851839691385	0	0	0	0	0	0	0	0	0	0	0	0	0	0	0	0	0.00305402028652286	0	0	0	0	0.00260595047539071	0	0	0	0	0	0	0	0	0	0	0.00399052109856407	0	0	0	0	0	0.000110530267271611	0	0	0	0	0	0	0	0	0	0	0
0	3.80833637577523e-05	0	0	0	0	0	0	0	0.153870785065965	0	0	0	0.167271946751792	0	0	0	0	0.203948180685878	0	0.00182763981654819	0	0	0.21627317116025	0	0.000517859311939774	0	0	0	0	0	0	0	0	0	0.143408355845041	0	0	0	0	0	0	0	0	0	0	0	0	0	0	0.0245828806473872	0	0	0	0	0	0	0	0	0	0	0.00254371381527862	0	0	0	0	0.0298759169335328	0.0246360361364262	0	0	0.0166405936790471	0	0.00698523526958757	0.00217255485559515	0.00327312200612115	0	0.00213392465585349	0	0	0	0	0	0	0	0	0
0	0	0	0	0	0	0.00810366447601765	0	0	0.230307980240141	0	0	0.000763941597237627	0.174911596735876	0	0	0	0	0.202403386917454	0	0	0	0	0.186473441269084	0	0	0	0	0	0	0	0	0	0	0	0.193024065506455	0	0	0	0	0.0025851645846781	0	0	0	0	0	0	0	0	0	0	0	0	0	0	0	0	0.00126871758939016	0	0	0	0	0	0	0.000158041083666671	0	0	0	0	0	0	0	0	0	0	0	0	0	0	0	0	0	0	0	0	0
0	0	0	0	0	0	0	0	0	0.172645093429361	0	0	0.00776251384849019	0.202143418971398	0	0	0	0	0.177175290893316	0	0	0	0	0.219946019223716	0	0.00295655865727967	0	0	0	0	0	0	0	0	0	0.121258900506767	0	0	0	0	0.00770720850312694	0	0	0	0	0.0018720952545663	0	0	0	0	0.0434152384639795	0	0	0	0	0	0	0	0	0	0	0	0.00467319299496084	0	0	0	0	0	0	0	0.0051096621102197	0	0.0282824480686672	0	0	0	0	0	0	0	0	0	0	0.00505235907415093	0	0
0	0	0	0	0	0	0	0	0.0120113985318823	0.147695053096961	0	0	0	0.234428998831009	0	0	0	0	0.216285665572874	0	0	0	0	0.172173632339742	0	0	0	0	0.00846448017964995	0	0	0	0	0	0.000536262154371954	0.195377187814972	0	0	0	0	0	0	0	0	0	0	0	0	0	0	0	0	0	0	0	0	0	0	0	0	0	0	0	0.000582284233968774	0	0	0	0.00552160573626325	0	0	0	0	0.00375025830409034	0.00169654585423891	0	0	0.00147662734997574	0	0	0	0	0	0	0	0	0
0	0	0	0	0	0	0.0072466505712288	0	0	0.180029938637754	0	0	0	0.195211510327564	0	0	0	0	0.165024721300946	0	0	0	0	0.210727887695384	0.000395051158309948	0	0	0.0167111427577108	0	0	0	0	0	0	0	0.168236692091544	0.00565848235281069	0	0	0	0	0	0	0	0	0	0	0	0	0	0	0	0.00414477141752957	0	0	0	0	0	0	0	0	0.0216747693056531	0.00383360963067279	0	0	0	0	0	0	0.00119292158871575	0.00646284145691385	0	0	0	0	0	0	0	0	0.000954872532933427	0	0	0	0	0	0.0124941371743291
0	0	0	0	0	0	0	0	0	0.205844273556745	0	0	6.22489620036669e-05	0.158674027527947	0	0	0	0	0.204752324193237	0.00309324663873595	0	0	0	0.213734109552254	0	0	0	0.00459838367820653	0	0	0	0	0	0	0	0.179676156697095	0	0	0	0	0.00195295235211854	0	0	0	0	0	0	0	0	0	0	0	0	0.00329659713773373	0	0	0	0.00108376605532748	0	0	0	0	0	0	0	0	0	0	0	0	0	0	0	0	0	0	0	0	0	0.018631108422835	0	0	0	0	0	0.00460080522576155
0	0	0	0	0	0	0.0234681097486864	0.0105968556194741	0	0.152168057473267	0	0	0	0.150997882358576	0	0	0	0	0.216207964507584	0	0	0	0.00824893957655863	0.150927514518465	0	0	0	0	0	0	0	0	0	0	0	0.192210021825347	0	0	0	0	0	0	0	0	0.038449279170106	0	0	0	0	0	0	0	0	0	0	0	0	0	0	0.0126917938423489	0	0	0.0037832327196386	0	0	0	0.0224102955427415	0.00467412076459844	0	0	0.0108743267580252	0.00229160557458314	0	0	0	0	0	0	0	0	0	0	0	0	0	0
0	0	0	0	0	0	0.00263898714071522	0	0	0.217146643618451	0	0	0	0.18883448345412	0	0	0	0	0.177058179758175	0	0	0	0	0.167658574228255	0	0	0	0	0	0	0	0	0	0	0	0.18486535541169	0	0	0	0	0	0	0	0	0	4.99761270081675e-05	0	0	0	0	0	0	0	0	0	0	0	0.00461388767115967	0	0	0	0	0.000433614949267535	0	0.00425715960497567	0	0	0	0	0.00345292155369114	0.0176253004101843	0	0	0	0	0	0	0	0	0.0196607850769005	0	0	0	0.0117041309954072	0	0
0	0.00246060507879653	0	0	0	0	0.000843144752630425	0	0	0.18445158352371	0	0	0	0.157298798603967	0	0	0	0	0.235990305214546	0.00154905647580888	0	0	0	0.175891754304015	0	0	0.00153051180712178	0	0	0	0	0	0	0	0	0.19027247162435	0	0	0	0	0	0.0330148182712177	0	0	0	0	0	0	0	0	0	0	0.0074325317984758	0	0	0	0	0	0	0	0	0	0	0	0	0	0	0	0	0	0.00926441854536071	0	0	0	0	0	0	0	0	0	0	0	0	0	0	0
0	0.000818858454213084	0	0	0	0	0	0	0	0.191617402148734	0	0	0.0197919888587897	0.149108317066072	0	0	0	0	0.154789536668789	0	0	0.00838241852328552	0.00796662503796448	0.177785938171447	0	0	0	0	0	0	0	0	0	0	0	0.209201941634324	0	0	0	0	0	0	0	0	0	0	0	0	0	0	0	0	0	0	0	0	0	0	0	0	0	0	0.000302753267492585	0	0	0	0.0242179866155215	0	0	0	0	0	0	0	0	0	0	0	0	0.0387022244338419	0	0	0	0.0104425109905171	0	0.0068714981290099
0	0.000143580822880319	0	0	0	0	0	0	0	0.209119655473425	0	0	0	0.17351831734769	0	0	0	0	0.134737182413701	0	0	0	0.00480522755421873	0.218636411434857	0	0	0	0	0	0	0	0	0	0	0	0.253029326965902	0	0	0	0	0	0	0	0	0	0	0	0	0	0	0	0	0	0	0	0	0	0	0	0	0	0	0	0	0	0	0	0	0	0	0	0	0.00601029798732652	0	0	0	0	0	0	0	0	0	0	0	0	0
0	0	0	0	0	0	0.00813122579865692	0	0	0.206276924652242	0	0	0	0.175782958380132	0	0	0	0	0.177096250397455	0	0	0	0	0.222176204054416	0	0	0	0	0	0	0	0	0	0	0	0.199782049818313	0	0	0	0	0	0	0	0	0	0	0	0	0	0	0	0.00578628871491794	0	0	0	0	0	0	0	0	0	0.000510076388277612	0	0	0	0	0	0	0	0	0.00400180168124599	0	0	0	0	0	0	0	0	0	0	0	0	0	0.000379740553222402	7.64795611214177e-05
0.00308593044647007	0	0	0	0	0	0	0	0.0277477547931222	0.180060426270362	0	0	0	0.173404449952274	0	0	0	0	0.169229488440942	0	0.00729276814169698	0	0	0.189898833984007	0	0	0	0	0.0080811759547941	0	0	0	0	0	0	0.218126449459357	0	0	0	0	0.00399842654457139	0.00232686505732362	0	0	0	0	0	0	0	0	0	0	0	0	0.00128918894298314	0	0.00681907272498994	0	0	0	0	0.00630958083672166	0	0	0	0.00232958845038373	0	0	0	0	0	0	0	0	0	0	0	0	0	0	0	0	0	0	0	0
0	0.00204764980880929	0	0	0	0	0	0	0	0.129157394146498	0	0	0	0.170931207528771	0	0	0	0	0.143233092706946	0	0.00240028862623709	0.00368310616317455	0	0.210294646175592	0	0	0	0	0	0	0	0.00737469363598443	0	0	0	0.186871626920539	0	0	0	0	0	0	0	0.0313457688738364	0.0200689176293561	0	0.0216260646109317	0	0	0	0	0.00100217356899098	0	0	2.91436310781164e-05	0	0	0	0	0	0	0.00835780657499588	0.00441553843029716	0	0	0	0	0.0116722664491225	0	0.0045724498256391	0	0.00177752961891754	0	0	0.0291831434294213	0	0	0	0	0	0	0	0	0	0	0.00995549164486229
0	0	0	0	0	0	0	0	0	0.192854845788481	0	0	0	0.201711873903372	0	0	0	0	0.181833872844053	0	0	0	0	0.188031028114077	0	0	0	0	0	0	0	0	0	0	0	0.192158095568901	0	0.000179392671908998	0	0	0.00331395479471374	0	0	0	0.0108188005834031	0	0	0	0	0	0	0	0	0	0	0	0	0	0	0	0	0.0197140852630266	0	0	0	0	0	0	0	0	0	0	0	0	0	0	0	0	0	0	0	0	0	0.00938405046806387	0	0
0	0	0	0	0	0	0	0	0	0.227316060225509	0	0	0	0.157252501135936	0	0	0	0	0.218091771012377	0	0.00123965655167848	0	0	0.242521699613511	0	0	0	0	0	0	0.000875678324211351	0	0	0	0	0.138202143445876	0	0	0	0	0	0	0	0	0	0	0	0	0	0	0	0	0	0	0	0	0	0	0	0	0	0	0	0	0	0	0	0	0.00157043941752156	0	0	0	0.00981247342340182	0	0	0	0.00311757684997878	0	0	0	0	0	0	0	0	0
0	0	0	0	0	0	0	0	0	0.195761432340094	0	0	0	0.194812375101746	0	0	0	0	0.19232954978828	0	0	0	0.00333296445638136	0.172685098441107	0	0	0	0	0	0	0	0	0	0	0	0.188862236625819	0	0	0	0	0	0	0	0	0	0	0	0	0	0	0	0	0	0	0	0	0	0.00379508107954408	0	0	0	0	0.00165923566149251	0	0	0	0.0324738073937479	0	0.000421681218755196	0.0078774768579137	0	0	0	0	0	0	0	0	0	0	0	0	0	0.0059890610351197	0	0
0	0.01384465888661	0	0	0	0	0	0	0	0.182257604113171	0	0	0	0.184339453258034	0	0	0	0	0.171414516314309	0	0	0.00336698825699704	0	0.199688442691006	0	0	0	0	0	0	0	0	0	0.00901766731835615	0	0.215019933311318	0	0	0	0	0	0	0	0	0	0	0	0	0	0	0	0	0	0	0	0	0	0.00713404141151395	0	0	0	0	0.00258930161735568	0.000276127152116008	0	0	0	0.0110512656692134	0	0	0	0	0	0	0	0	0	0	0	0	0	0	0	0	0	0
0	0.00380963115198614	0	0	0	0	0	0	0	0.123287910276281	0	0	0.0123790958290576	0.210175453595812	0	0	0	0	0.167427632552762	0	0	0	0.000622417984088545	0.22273841222477	0	0	0	0	0	0	0	0	0	0	0	0.175433179085951	0	0	0	0	0	0	0	0	0	0.000535718655559956	0	0	0	0	0	0	0	0	0	0	0	0	0	0	0	0	0.00375632926591371	0	0	0	0.0630743691673437	0.0115511151707676	0.00175853247141094	0.00116036649493276	0	0	0	0	0	0	0	0	0	0	0	0	0	0.00228983607336266	0	0
0	0	0	0	0	0	0	0	0	0.224123438597199	0	0	0	0.205072250917893	0	0	0	0	0.137995943341475	0	0	0	0	0.19605719188173	0	0	0	0	0	0	0	0.00163959203632578	0	0	0	0.180527698651596	0	0	0	0	0.00626755242933332	0	0	0	0	0	0	0	0	0	0	0	0	0	0	0	0	0.00788896970782966	0	0	0	0.000534411442459183	0	0	0	0	0	0	0.00303741970617047	0.00257980613457602	0.0260672629863236	0	0	0	0	0	0.00820846216708917	0	0	0	0	0	0	0	0	0
0	0	0	0	0	0	0	0	0.00531878876489622	0.146377666826707	0	0	0	0.236025257810319	0	0	0	0	0.192068241190337	0	0	0	0	0.190571825662054	0	0	0	0.00926669716024252	0	0	0	0	0	0	0	0.16355572686743	0	0	0	0	0	0	0	0	0	0	0	0	0	0	0	0	0	0	0	0	0	0.002926698451013	0	0	0	0	0	0	0	0	0.00103091797094576	0	0	0	0.00850694985649007	0	0	0.0177936543949235	0.0265575750446414	0	0	0	0	0	0	0	0	0	0	0
0	0.00038729048089634	0	0	0	0	0	0	0	0.168780082268114	0	0	0.0036603403493922	0.117373762252583	0	0.0182446827848019	0.00659614560739732	0	0.19549816138738	0	0	0	0.0142749868828401	0.185881530832604	0	0	0	0	0	0	0	0	0	0	0	0.233586008067667	0	0	0	0	0	0	0	0	0	0	0	0	0	0	0	0.00341627962875912	0	0	0	0	0	0	0	0	0	0.00194712714721722	0	0	0	0	0	0.0183920584725829	0	0	0.0282172914457417	0	0	0	0	0	0.00374425239202468	0	0	0	0	0	0	0	0	0
0	0.0134666901514451	0	0	0	0	0	0	0	0.211717751491442	0	0	0.0115049760947786	0.211349156219233	0	0	0	0	0.197278445601907	0	0	0	0	0.166639674976678	0	0	0	0	0	0	0	0	0	0	0	0.156786643654702	0	0	0	0	0	0.00661822619301651	0	0	0	0	0	0	0	0	0	0	0	0	0	0	0	0	0	0	0	0	0	0	0	0	0	0.0226821931666859	0.00195624245011135	0	0	0	0	0	0	0	0	0	0	0	0	0	0	0	0	0
0.00305558122610337	0	0	0	0	0	0	0	0	0.148013089986871	0	0	0	0.20447500047817	0	0	0	0.00445303659336308	0.193160221543657	0	0	0	0.00462585311823793	0.188688371465767	0	0.000664607727529839	0	0.00642405836557454	0	0	0	0	0	0	0	0.195027973145233	0	0	0	0	0.000717795409330533	0.000608822299373799	0	0	0	0	0	0	0	0	0	0	0	0	0	0	0	0	0	0	0	0	0	0	0	0	0	0	0.00105006815102572	0.000163734023808156	0.0129553597334305	0	0	0	0	0	0	0	0	0.0108686550034269	0	0	0	0.012753562163401	0	0.0122942095656957
0.00497424490019816	0.00129784921477384	0	0	0	0	0	0.00722206901065025	0.000867589459414685	0.167091421318786	0	0	0	0.186265396561456	0	0	0	0	0.199827262802626	0	0	0	0.00288833167032164	0.192104429024362	0	0	0	0.00808863764817244	0	0	0	0	0	0	0	0.201735785271616	0	0	0	0	0.00075605009131175	0	0	0	0	0	0	0	0	0	0	0	0	0	0	0	0	0	0	0	0	0	0.00385231270367974	0	0	0	0	0.000152480051542532	0	0	0	0	0.00108792369142166	0	0	0	0	0	0	0.0217882165796679	0	0	0	0	0	0
0	0	0	0	0	0	0	0	0.00819060087194983	0.167153479660979	0	0	0.0029963718046794	0.167331626345217	0	0	0	0	0.202709352602426	0	0	0	0	0.159086188648694	0	0	0	0	0	0	0	0.00405744099898334	0	0	0	0.234192893011397	0	0	0	0	0.000122113618069815	0	0	0	0	0	0	0	0	0	0	0.012080295442043	0	0	0	0	0	7.32725918863973e-05	0	0	0	0	0	0	0.00415944705883067	0	0.0201168183383568	0	0	0	0	0	0	0.00507057573224189	0.00287030675490358	0	0	0	0	0	0	0	0	0.00978921651934193	0	0
0	0	0	0	0	0	0	0	0	0.151805358911708	0	0	0	0.17681820508688	0	0	0	0.00278036928086863	0.226638297946986	0	0	0	0	0.190766274932397	0	0	0	0	0	0	0	0	0	0	0	0.202090924197117	0	0	0	0	0.000263380842715621	0	0	0	0	0	0	0	0	0	0	0	0	0.00106654217059183	0	0.00568849130550169	0	0	0	0	0	0	0.00421673352855375	0	0	0	0.0214244619687839	0	0	0	0.00298907541416332	0	0	0	0	0	0	0	0	0	0	0	0	0.00455772855495735	0	0.00889415585877532
0	0	0	0	0	0	0.00212883347379746	0	0	0.140095280138791	0	0	0.00874253803242888	0.227647531415579	0	0	0	0.00899821353365318	0.167129357567465	0	0	0	0.00451588435308026	0.210059970863621	0	0	0	0	0	0	0	0	0	0	0	0.155944399225879	0	0	0	0	0	0	0	0.0100503911558008	0	0	0	0	0	0	0.038122247287058	0	0	0	0	0	0	0	0	0.00976526960951916	0	0.00239065589216893	0	0	0	0	0	0	0	0	0.0115417074877881	0	0	0	0	0	0	0	0	0	0	0	0	0	0.00286771996337129	0
