"SBS1"	"SBS2"	"SBS3"	"SBS4"	"SBS5"	"SBS6"	"SBS7a"	"SBS7b"	"SBS7c"	"SBS7d"	"SBS8"	"SBS9"	"SBS10a"	"SBS10b"	"SBS10c"	"SBS10d"	"SBS11"	"SBS12"	"SBS13"	"SBS14"	"SBS15"	"SBS16"	"SBS17a"	"SBS17b"	"SBS18"	"SBS19"	"SBS20"	"SBS21"	"SBS22a"	"SBS22b"	"SBS23"	"SBS24"	"SBS25"	"SBS26"	"SBS27"	"SBS28"	"SBS29"	"SBS30"	"SBS31"	"SBS32"	"SBS33"	"SBS34"	"SBS35"	"SBS36"	"SBS37"	"SBS38"	"SBS39"	"SBS40a"	"SBS40b"	"SBS40c"	"SBS41"	"SBS42"	"SBS43"	"SBS44"	"SBS45"	"SBS46"	"SBS47"	"SBS48"	"SBS49"	"SBS50"	"SBS51"	"SBS52"	"SBS53"	"SBS54"	"SBS55"	"SBS56"	"SBS57"	"SBS58"	"SBS59"	"SBS60"	"SBS84"	"SBS85"	"SBS86"	"SBS87"	"SBS88"	"SBS89"	"SBS90"	"SBS91"	"SBS92"	"SBS93"	"SBS94"	"SBS95"	"SBS96"	"SBS97"	"SBS98"	"SBS99"
0	0	0	0	0	0	0	0.00381523241562265	0	0.157242047148449	0	0.00156222410966963	0	0.187305293177925	0	0	0	0	0.198520453410431	0	0	0	0.00724961793005425	0.225530508427662	0	0	0	0	0	0	0	0	0	0	0	0.196032282270723	0	0	0	0	0	0	0	0	0	0	0	0	0	0	0	0	0	0	0	0	0.00699309953788259	0	0	0	0	0	0	0	0	0.00460180007472303	0	0	0	0	0	0	0	0	0.0111474414968585	0	0	0	0	0	0	0	0	0	0	0
0	0	0	0	0	0	0	0	0	0.216513694760047	0	2.55401137371216e-08	0	0.151064129333202	0	0	0	0	0.228512748303852	0	0	0	0	0.225031404396059	0	0	0	0	0	0	0	0	0	0	0	0.170638569965267	0	0	0	0	0	0	0	0	0	0	0	0	0	0	0	0	0	0	0	0	0	0	0	0	0	0.008239427701459	0	0	0	0	0	0	0	0	0	0	0	0	0	0	0	0	0	0	0	0	0	0	0	0
0	0	0	0	0	0	0	0	0	0.203186293387497	0	2.37868881272962e-08	0	0.154982294191182	0	0.0182403200107367	0	0	0.192385298304479	0	0	0	0.0173519609288263	0.190266296278258	0	0	0	0	0	0	0	0	0	0	0	0.210556753943334	0	0	0	0	0	0	0	0	0	0	0	0	0	0	0	0	0	0	0	0	0	0	0	0	0	0	0	0	0	0	0	0.0130307591687985	0	0	0	0	0	0	0	0	0	0	0	0	0	0	0	0	0	0
0	0	0	0	0	0	0	0	0	0.228075612016449	0	2.49625171862936e-08	0	0.138197503111585	0	0	0	0	0.21854744836471	0	0	0	0	0.221379215448513	0	0	0	0	0	0	0	0	0	0	0	0.189359831761654	0	0	0	0	0	0	0	0	0	0	0	0	0	0	0	0	0	0	0	0	0	0	0	0	0	0.00444036433457215	0	0	0	0	0	0	0	0	0	0	0	0	0	0	0	0	0	0	0	0	0	0	0	0
0	0	0	0	0	0	0	0	0	0.171732777441927	0	2.0785143004041e-08	0.0122139125402398	0.186233351980041	0	0	0	0	0.198259175113518	0	0	0	0	0.198551394180989	0	0	0	0	0	0	0	0	0	0	0	0.199230393473807	0	0	0	0	0	0	0	0	0	0	0	0	0	0	0	0	0	0	0	0	0	0	0	0	0	0	0	0	0	0	0	0	0	0	0.0241087066708007	0	0	0	0	0	0	0	0	0	0	0	0	0.00967026781353454	0	0
0	0	0	0	0	0	0	0	0	0.186947161874783	0	2.8053453377837e-08	0	0.184583395979297	0	0	0	0	0.207327029288158	0	0	0	0	0.236550945131798	0	0	0	0	0	0	0	0	0	0	0	0.147552763331027	0	0	0	0	0	0	0	0	0	0	0	0	0	0	0	0	0	0	0	0	0	0	0	0	0	0.00475113629740775	0	0	0	0	0	0.0136940622080568	0	0	0.0185934778360197	0	0	0	0	0	0	0	0	0	0	0	0	0	0	0
0	0	0	0	0	0	0	0	0	0.148364886505038	0	2.26032529919307e-08	0	0.193747817731361	0	0	0.0193547274530196	0	0.200075019863085	0	0	0	0	0.196688173138429	0	0	0	0	0	0	0	0	0	0	0	0.162961751430922	0	0	0	0	0	0	0	0	0	0	0	0	0	0	0	0	0	0	0	0	0	0	0	0	0	0.0139166277760661	0	0	0	0	0	0.0133512103490229	0	0	0	0	0	0	0	0	0	0	0	0.0515397631498034	0	0	0	0	0	0
0	0	0	0	0	0	0	0	0	0.158134073961092	0	2.2119238939911e-08	0	0.183378645799066	0	0	0	0	0.234880661322996	0	0	0	0	0.196177455000284	0	0	0	0	0	0	0	0	0	0	0	0.227429141797323	0	0	0	0	0	0	0	0	0	0	0	0	0	0	0	0	0	0	0	0	0	0	0	0	0	0	0	0	0	0	0	0	0	0	0	0	0	0	0	0	0	0	0	0	0	0	0	0	0	0
0	0	0	0	0	0	0	0	0	0.174711525760456	0	2.21375870449424e-08	0	0.236614861377242	0	0	0	0	0.186071780916149	0	0	0	0	0.238382735082282	0	0	0	0.0149009394852611	0	0	0	0	0	0	0	0.149318135241023	0	0	0	0	0	0	0	0	0	0	0	0	0	0	0	0	0	0	0	0	0	0	0	0	0	0	0	0	0	0	0	0	0	0	0	0	0	0	0	0	0	0	0	0	0	0	0	0	0	0
0	0	0	0	0	0	0	0	0	0.215908992572212	0	2.34248086399919e-08	0	0.165230783981581	0	0	0	0	0.155968985892515	0	0	0	0	0.158544606831405	0	0	0	0	0	0	0	0	0	0	0	0.267572759160787	0	0	0	0	0	0	0	0	0	0	0	0	0.0143435402277508	0	0	0	0	0	0	0	0	0	0	0	0.00987684706056056	0.0125534608483794	0	0	0	0	0	0	0	0	0	0	0	0	0	0	0	0	0	0	0	0	0	0	0	0
0	0	0	0	0	0	0	0	0	0.22171310670827	0	2.31270632389863e-08	0	0.213729342978567	0	0	0	0	0.193682851340467	0	0	0	0.0104851923147324	0.176456082019203	0	0	0	0	0	0	0	0	0	0	0	0.183933401511698	0	0	0	0	0	0	0	0	0	0	0	0	0	0	0	0	0	0	0	0	0	0	0	0	0	0	0	0	0	0	0	0	0	0	0	0	0	0	0	0	0	0	0	0	0	0	0	0	0	0
0	0	0	0	0	0	0	0	0.0096548663497253	0.222950888009704	0	0	0	0.199372402554829	0	0	0	0	0.188180284544816	0	0	0	0	0.144561462967989	0	0	0	0	0	0	0	0	0	0	0	0.204303935234276	0	0	0	0	0	0	0	0	0	0	0	0	0	0	0	0	0	0	0	0	0	0	0	0	0	0	0	0	0	0	0	0	0	0	0	0	0	0	0	0	0	0	0	0.0309761603386605	0	0	0	0	0	0
0	0	0	0	0	0	0	0.00220257060517837	0	0.181275250776434	0	2.59693451768563e-08	0	0.182237345038141	0	0	0	0	0.204129492306393	0	0	0	0	0.190463186985327	0	0	0	0	0	0	0	0	0	0	0	0.199937649448242	0	0	0	0	0	0	0	0	0.0134830018992829	0	0	0	0	0	0	0	0	0	0	0	0	0	0	0	0	0.0262714769716572	0	0	0	0	0	0	0	0	0	0	0	0	0	0	0	0	0	0	0	0	0	0	0	0
0	0	0	0	0	0	0	0	0	0.203382800544578	0	0.0587799596116764	0	0.190872790673584	0	0	0	0	0.144488423506675	0	0	0	0.00616680710115262	0.180767138151803	0	0	0	0	0	0	0	0	0	0.00342102709231485	0	0.200061358011017	0	0	0	0	0	0	0	0	0	0	0	0	0	0	0	0	0	0	0	0	0	0.0120596953071992	0	0	0	0	0	0	0	0	0	0	0	0	0	0	0	0	0	0	0	0	0	0	0	0	0	0	0	0
0	0	0	0	0	0	0	0	0	0.138435872927223	0	2.20192452923528e-08	0	0.175311211597013	0	0	0	0	0.238771076312057	0	0	0	0	0.220045424892717	0	0	0	0	0	0	0	0	0	0	0	0.179696496558687	0	0	0	0	0	0	0	0	0	0	0	0	0	0	0	0	0	0	0	0	0	0	0	0	0	0	0	0	0	0	0	0.0477398956930582	0	0	0	0	0	0	0	0	0	0	0	0	0	0	0	0	0	0
0	0	0	0	0	0	0	0	0.0255450860824089	0.147987599216905	0	2.12670258088691e-08	0	0.253267352811177	0	0	0	0	0.175798734051999	0	0	0	0.00355084704161988	0.198316363636545	0	0	0	0	0	0	0	0	0	0	0	0.182194490796833	0	0	0	0	0	0	0	0	0	0	0	0	0	0	0	0	0	0	0	0	0	0	0	0	0	0	0	0	0	0	0	0	0	0	0	0	0	0	0.0133395050954863	0	0	0	0	0	0	0	0	0	0	0
0	0	0	0	0	0	0	0	0	0.193938014426415	0	2.57581676468112e-08	0.00789427953491333	0.161343767106127	0	0	0	0	0.201440166339014	0	0	0	0	0.2164369812408	0	0	0	0	0	0	0	0	0	0	0	0.181826195857911	0	0	0	0	0	0	0	0	0	0	0	0	0	0	0	0	0	0	0	0	0	0	0	0	0	0.0045125376112446	0	0	0	0	0.0225015325343717	0	0	0	0	0	0	0	0.010106499591035	0	0	0	0	0	0	0	0	0	0	0
0	0	0	0	0	0	0	0	0	0.20752061704096	0	2.15557031737031e-08	0	0.165737241025593	0	0	0	0	0.200823781188415	0	0	0	0.021523883725999	0.160313618280586	0	0	0	0	0	0	0	0	0	0	0	0.231468646108215	0	0	0	0	0	0	0	0	0	0	0	0	0	0	0	0	0	0	0	0	0.0091482374796915	0	0	0	0	0.00346395359483737	0	0	0	0	0	0	0	0	0	0	0	0	0	0	0	0	0	0	0	0	0	0	0	0
0	0	0	0	0	0	0	0	0	0.19738405856668	0	2.27840864428768e-08	0	0.201905025843981	0	0	0	0	0.17104020255362	0	0	0	0	0.215394738132839	0	0	0	0	0	0	0	0	0	0	0	0.209408033035067	0	0	0	0	0	0	0	0	0	0	0	0	0	0	0	0	0	0	0	0	0	0	0	0	0	0	0	0	0	0	0	0	0	0	0	0	0	0	0	0	0	0	0	0	0	0	0	0.00486791908372688	0	0
0	0	0	0	0	0	0	0	0.021871665090953	0.166772298066333	0	0.00459170343329416	0.031396863084588	0.201295732377883	0	0	0.00410039287737414	0	0.151120690495269	0	0	0	0	0.165887917021333	0	0	0	0	0	0	0	0	0	0	0	0.214547856898171	0	0	0	0	0	0	0	0	0	0	0	0	0	0	0.00518470977097087	0	0	0	0	0	0	0	0	0	0	0.0101618439202518	0	0	0	0	0	0	0	0	0.0191460341034802	0	0.00392229286009816	0	0	0	0	0	0	0	0	0	0	0	0	0
0	0	0	0	0	0	0	0	0	0.162276665046016	0	2.35971060349972e-08	0	0.241506409800654	0	0	0	0	0.155037700754062	0	0	0	0	0.175536147594606	0	0	0	0	0	0	0	0	0	0	0	0.163639596014552	0	0	0	0.00972049993620807	0	0	0	0	0	0	0	0	0	0	0	0	0	0	0	0	0	0	0	0	0	0	0	0	0	0	0	0.0577837869273086	0	0	0	0	0	0	0.0344991703294876	0	0	0	0	0	0	0	0	0	0	0
0	0	0	0	0	0	0	0	0	0.152211360243089	0	1.84815506825216e-08	0	0.245663904264458	0	0	0	0	0.13736138121601	0	0	0	0	0.236159777062294	0	0	0	0	0	0	0	0	0	0	0	0.225304827697765	0	0	0	0	0	0	0	0	0	0	0	0	0	0	0	0	0	0	0	0	0	0	0	0	0	0.00329873103483367	0	0	0	0	0	0	0	0	0	0	0	0	0	0	0	0	0	0	0	0	0	0	0	0
0	0	0	0	0	0	0	0	0	0.183682790833813	0	2.40801628186438e-08	0	0.272488071965558	0	0	0	0	0.210682479587746	0	0	0	0	0.189856926018086	0	0	0	0	0	0	0	0	0	0	0	0.143289707514634	0	0	0	0	0	0	0	0	0	0	0	0	0	0	0	0	0	0	0	0	0	0	0	0	0	0	0	0	0	0	0	0	0	0	0	0	0	0	0	0	0	0	0	0	0	0	0	0	0	0
0	0	0	0	0	0	0	0	0	0.2247901136719	0	2.02740896800407e-08	0.00484628426434807	0.198103014804757	0	0	0	0	0.164844696310923	0	0	0	0	0.153917465149383	0	0	0	0	0	0	0	0	0	0	0	0.253498405524599	0	0	0	0	0	0	0	0	0	0	0	0	0	0	0	0	0	0	0	0	0	0	0	0	0	0	0	0	0	0	0	0	0	0	0	0	0	0	0	0	0	0	0	0	0	0	0	0	0	0
0	0	0	0	0	0	0	0	0	0.254320306588659	0	2.67054286937764e-08	0	0.164774993215379	0	0	0	0	0.199488456426134	0	0	0	0	0.200689055441383	0	0	0	0	0	0	0	0	0	0	0	0.156662398135608	0	0	0	0	0	0	0	0	0	0	0	0	0	0	0	0	0	0	0	0	0	0	0	0.0121110341181747	0	0.00736732718064747	0	0	0	0	0	0	0	0	0	0	0	0	0	0	0	0	0	0	0	0	0	0.00458640218858561	0	0
0	0	0	0	0	0	0	0	0	0.183447473875377	0	2.50602165734247e-08	0	0.231343750224727	0	0.00610456996625144	0	0	0.172793251881475	0	0	0	0	0.210316476993899	0	0	0	0	0	0	0	0	0	0	0	0.154345446425861	0	0	0	0	0	0	0	0	0	0	0	0	0	0	0	0	0	0	0	0	0	0	0	0	0	0	0	0	0	0.031353100259053	0	0.0102959053131401	0	0	0	0	0	0	0	0	0	0	0	0	0	0	0	0	0	0
0	0	0	0	0	0	0	0	0	0.243023424338612	0	2.64594390324298e-08	0.0266376180650453	0.142792151388057	0	0	0	0	0.182872092867133	0	0.00364109372288367	0	0	0.21371407313823	0	0	0	0	0	0	0	0	0	0	0	0.1873195200206	0	0	0	0	0	0	0	0	0	0	0	0	0	0	0	0	0	0	0	0	0	0	0	0	0	0	0	0	0	0	0	0	0	0	0	0	0	0	0	0	0	0	0	0	0	0	0	0	0	0
0	0	0	0	0	0	0	0	0	0.204402452363478	0	2.28951171258105e-08	0	0.218579736921982	0	0	0	0	0.158305496312719	0	0	0	0	0.217338696901633	0	0	0	0	0	0	0	0	0	0	0	0.162731862326346	0	0	0	0	0	0	0	0	0	0	0	0	0	0	0	0	0	0	0	0	0	0	0	0	0	0	0	0	0	0	0	0.0236777525720454	0	0	0	0	0.0149639797066791	0	0	0	0	0	0	0	0	0	0	0	0	0
0	0	0	0	0	0	0	0	0	0.195714108975164	0	2.46035625337877e-08	0.0106119758402743	0.149881541220038	0	0	0	0	0.213544442187152	0	0	0	0	0.215234350968676	0	0	0	0	0	0	0	0	0	0	0	0.215013556205133	0	0	0	0	0	0	0	0	0	0	0	0	0	0	0	0	0	0	0	0	0	0	0	0	0	0	0	0	0	0	0	0	0	0	0	0	0	0	0	0	0	0	0	0	0	0	0	0	0	0
0	0	0	0	0	0	0	0	0	0.221706661909714	0	2.1832000122248e-08	0	0.1846576067089	0	0	0	0	0.241778470063506	0	0	0	0	0.165669052064071	0	0	0	0	0	0	0	0	0	0	0	0.186188187421808	0	0	0	0	0	0	0	0	0	0	0	0	0	0	0	0	0	0	0	0	0	0	0	0	0	0	0	0	0	0	0	0	0	0	0	0	0	0	0	0	0	0	0	0	0	0	0	0	0	0
0	0	0	0	0	0	0	0	0	0.175528093225258	0	2.09294139635982e-08	0	0.207792951874529	0	0	0	0	0.196039641235614	0	0	0	0	0.169355305903743	0	0	0	0	0	0	0	0	0	0	0	0.251283986831442	0	0	0	0	0	0	0	0	0	0	0	0	0	0	0	0	0	0	0	0	0	0	0	0	0	0	0	0	0	0	0	0	0	0	0	0	0	0	0	0	0	0	0	0	0	0	0	0	0	0
0	0	0	0	0	0	0	0	0	0.12267289045986	0	2.11525771363432e-08	0	0.219839029225815	0	0.0471083972292765	0	0	0.166313404459444	0	0	0	0.0154632741031863	0.193011671814364	0	0	0	0	0	0	0	0	0	0	0	0.235591311555477	0	0	0	0	0	0	0	0	0	0	0	0	0	0	0	0	0	0	0	0	0	0	0	0	0	0	0	0	0	0	0	0	0	0	0	0	0	0	0	0	0	0	0	0	0	0	0	0	0	0
0	0	0	0	0	0	0	0	0	0.201708633089657	0	0.00181083915534618	0	0.246645602091446	0	0	0	0	0.182492418079675	0	0	0	0	0.212941719055876	0	0	0	0	0	0	0	0	0	0	0	0.134809493218366	0	0	0	0	0	0	0	0	0	0	0	0	0	0	0	0	0	0	0	0	0	0	0	0	0	0.00161963190275198	0	0	0	0	0	0	0	0	0.0070166709811092	0	0	0	0.00683280351626292	0	0	0	0	0	0	0	0	0.00412218890950989	0	0
0	0	0	0	0	0	0	0	0	0.198712179717212	0	2.19712763303761e-08	0	0.191811151035273	0	0	0	0	0.15864065219018	0	0	0	0	0.174582490263823	0	0	0	0	0	0	0	0	0	0	0	0.252565180021328	0	0	0	0	0	0	0	0	0	0	0	0	0	0	0	0	0	0	0	0	0	0	0	0	0	0.00656262636512069	0	0	0	0	0.0171256984357867	0	0	0	0	0	0	0	0	0	0	0	0	0	0	0	0	0	0	0
0	0	0	0	0	0	0	0	0	0.220056165608318	0	2.34018671485022e-08	0.00603047765942427	0.194858569106854	0	0	0	0	0.17858588769501	0	0	0	0	0.189963667807939	0	0	0	0	0	0	0	0	0	0	0	0.199998485765173	0	0	0	0	0	0	0	0	0.0105067229554153	0	0	0	0	0	0	0	0	0	0	0	0	0	0	0	0	0	0	0	0	0	0	0	0	0	0	0	0	0	0	0	0	0	0	0	0	0	0	0	0	0
0	0	0	0	0	0	0	0	0	0.169570265285966	0	2.75829442328662e-08	0	0.239065329796404	0	0	0	0	0.161403777999012	0	0	0	0.014760683042334	0.269706732458158	0	0	0	0	0	0	0	0	0	0	0	0.122676415813676	0	0	0	0	0	0	0	0	0	0	0	0	0	0	0	0	0	0	0	0	0	0	0	0	0	0.00970606914235494	0	0	0	0	0.0131106988791497	0	0	0	0	0	0	0	0	0	0	0	0	0	0	0	0	0	0	0
0	0	0	0	0	0	0	0	0	0.242710452675504	0	2.36399474008359e-08	0	0.123826517908877	0	0	0	0	0.195304922711661	0	0	0	0	0.214737546209574	0	0	0	0	0	0	0	0	0	0	0	0.204208656840938	0	0	0	0	0	0	0	0	0	0	0	0	0	0	0	0	0	0	0	0	0	0	0	0	0	0	0	0	0	0	0.019211880013499	0	0	0	0	0	0	0	0	0	0	0	0	0	0	0	0	0	0	0
0	0	0	0	0	0	0	0	0	0.202743182840711	0	0.013788641827763	0	0.180063983857744	0	0	0	0	0.157804519930585	0	0	0	0	0.243810140437686	0	0	0	0	0	0	0	0	0	0	0	0.158615278447678	0	0	0	0	0	0	0	0	0	0	0	0	0	0	0	0	0	0	0	0	0	0	0	0	0	0.00377845441813181	0	0	0	0	0	0	0	0	0.00384844425067937	0	0	0	0.0286990227692132	0	0	0	0	0	0	0	0	0.0068483312198085	0	0
0	0	0	0	0	0	0	0	0	0.208715589647143	0	0.0208412877660379	0.00308127664662767	0.180140697645136	0	0	0	0	0.169988392460257	0	0	0	0	0.185603548733456	0	0	0	0	0	0	0	0	0	0	0	0.206474926339459	0	0	0	0.0121463735958677	0	0	0	0	0	0	0	0	0.0130079071660154	0	0	0	0	0	0	0	0	0	0	0	0	0	0	0	0	0	0	0	0	0	0	0	0	0	0	0	0	0	0	0	0	0	0	0	0	0
0	0	0	0	0	0	0	0	0	0.199569779835849	0	2.38633526804882e-08	0	0.206274765406697	0	0	0	0	0.223407686741155	0	0	0	0.00572120473069269	0.158327036839841	0	0	0	0	0	0	0	0	0	0	0	0.206699502582412	0	0	0	0	0	0	0	0	0	0	0	0	0	0	0	0	0	0	0	0	0	0	0	0	0	0	0	0	0	0	0	0	0	0	0	0	0	0	0	0	0	0	0	0	0	0	0	0	0	0
0	0	0	0	0	0	0	0	0	0.178362493412753	0	0	0.00357167464543881	0.163715518573324	0	0	0.0114030543016648	0	0.206757118960517	0	0	0	0	0.167019248743831	0	0	0	0	0	0	0	0	0	0	0	0.214699247868176	0	0	0	0	0	0	0	0	0	0	0	0	2.08772494065346e-08	0	0	0	0	0	0	0	0	0	0	0.0120953399061992	0	0	0	0	0	0	0	0.0423762827108464	0	0	0	0	0	0	0	0	0	0	0	0	0	0	0	0	0	0
0	0	0	0	0	0	0	0	0	0.226099745334383	0	2.29709861309483e-08	0	0.178604192398854	0	0	0	0	0.170969674905842	0	0	0	0	0.229432924339109	0	0	0	0	0	0	0	0	0	0	0	0.192095949814324	0	0	0	0	0	0	0	0	0	0	0	0	0	0	0	0	0	0	0	0	0	0	0	0	0	0.00279749023650214	0	0	0	0	0	0	0	0	0	0	0	0	0	0	0	0	0	0	0	0	0	0	0	0
0	0	0	0	0	0	0	0	0	0.197952960169608	0	2.22147198194446e-08	0	0.217261606811604	0	0	0	0	0.188960127105199	0	0	0	0	0.207708018113576	0	0	0	0	0	0	0	0	0	0	0	0.170471912286718	0	0	0	0	0	0	0	0	0	0	0	0	0	0	0	0	0	0	0	0	0	0.0115633882702292	0	0	0	0	0	0	0	0	0	0.00608196502834687	0	0	0	0	0	0	0	0	0	0	0	0	0	0	0	0	0	0
0	0.012524622850436	0	0	0	0	0	0	0	0.234756758010303	0	2.2686495430859e-08	0.00928305015910824	0.105453953258045	0	0	0	0	0.196020103203335	0	0	0	0	0.188051596505445	0	0	0	0.013422719727266	0	0	0	0	0	0	0	0.236398419412833	0	0	0	0	0	0	0	0	0	0	0	0	0	0	0	0	0	0	0	0	0	0	0	0	0	0	0	0	0	0	0	0	0	0	0	0	0.00408875418673335	0	0	0	0	0	0	0	0	0	0	0	0	0
0	0	0	0	0	0	0	0	0	0.199693253262395	0	2.32386980027866e-08	0.00302156649025285	0.235866641851663	0	0	0	0	0.203233634192583	0	0	0	0	0.197077720218538	0	0	0	0	0	0	0	0	0	0	0	0.16110716074587	0	0	0	0	0	0	0	0	0	0	0	0	0	0	0	0	0	0	0	0	0	0	0	0	0	0	0	0	0	0	0	0	0	0	0	0	0	0	0	0	0	0	0	0	0	0	0	0	0	0
0	0	0	0	0	0	0	0	0	0.165649322513602	0	0.00392121486057652	0	0.189206219215572	0.00710068583105347	0	0	0	0.226501195766911	0	0	0	0.00242753106395754	0.220562261575093	0	0	0	0	0	0	0	0	0	0	0	0.134818841515804	0	0	0	0	0	0	0	0.00275578182575944	0	0	0	0	0	0	0.013642315936504	0	0	0	0	0	0	0	0	0	0	0	0	0	0	0	0	0	0	0	0	0	0	0.0179950525796035	0.0154195773155643	0	0	0	0	0	0	0	0	0	0	0
0	0	0	0	0	0	0	0	0	0.231549870735355	0	2.52541087804944e-08	0	0.260325419143246	0	0	0	0	0.195922432707994	0	0	0	0	0.195835482278416	0	0	0	0	0	0	0	0	0	0	0	0.116366769880881	0	0	0	0	0	0	0	0	0	0	0	0	0	0	0	0	0	0	0	0	0	0	0	0	0	0	0	0	0	0	0	0	0	0	0	0	0	0	0	0	0	0	0	0	0	0	0	0	0	0
0	0	0	0	0	0	0	0	0	0.20573999423623	0	2.52740985016554e-08	0	0.236499409886704	0	0	0	0	0.221850842258015	0	0	0	0	0.134629764895875	0	0	0	0	0	0	0	0	0	0	0	0.201279963449077	0	0	0	0	0	0	0	0	0	0	0	0	0	0	0	0	0	0	0	0	0	0	0	0	0	0	0	0	0	0	0	0	0	0	0	0	0	0	0	0	0	0	0	0	0	0	0	0	0	0
0	0	0	0	0	0	0	0	0	0.196113743433484	0	2.30660961501462e-08	0	0.154733656617935	0	0	0	0	0.205465474281323	0	0	0	0.00477235082577957	0.169782384129605	0	0	0	0	0	0	0	0	0	0	0	0.240818687585216	0	0	0	0	0	0	0	0	0	0	0	0	0	0	0	0	0	0	0	0	0	0	0	0	0	0	0	0	0	0	0	0.0283136800605617	0	0	0	0	0	0	0	0	0	0	0	0	0	0	0	0	0	0
0	0	0	0	0	0	0	0	0	0.153572849924542	0	2.12889039845573e-08	0	0.248745507313288	0	0	0	0	0.188673938468244	0	0	0	0	0.2501836650853	0	0	0	0.0140073521379334	0	0	0	0	0	0	0	0.144816665781789	0	0	0	0	0	0	0	0	0	0	0	0	0	0	0	0	0	0	0	0	0	0	0	0	0	0	0	0	0	0	0	0	0	0	0	0	0	0	0	0	0	0	0	0	0	0	0	0	0	0
0	0	0	0	0	0.0171826123469825	0	0	0	0.182250636463713	0	2.32320349265768e-08	0	0.158733038197348	0	0	0.00197028459565753	0	0.207538522383372	0	0	0	0	0.181606242730649	0	0	0	0	0	0	0	0	0	0	0	0.231378170791837	0	0	0	0	0	0	0	0	0	0	0	0	0	0	0	0	0	0	0	0	0	0	0	0	0	0.00574314323360094	0	0	0	0	0	0	0	0	0	0	0	0	0	0	0	0	0	0	0	0	0	0	0	0.0135973260248064
0	0	0	0	0	0	0	0	0	0.182549641545299	0	2.5972801090442e-08	0	0.162309807184638	0	0	0	0	0.202197590396574	0	0	0	0	0.227169318542093	0	0	0	0	0	0	0	0	0	0	0	0.194544809391428	0	0	0	0	0	0	0	0	0.0258221746778568	0	0	0	0	0	0	0	0	0	0	0	0	0	0	0	0	0	0	0	0	0	0.00540663228931047	0	0	0	0	0	0	0	0	0	0	0	0	0	0	0	0	0	0	0
0	0	0	0	0	0	0	0	0	0.158660301323387	0	2.05474112543436e-08	0	0.222530889887585	0	0	0	0	0.159216748510642	0	0	0	0	0.196320655898375	0	0	0	0	0	0	0	0	0	0	0	0.224063551778782	0	0	0	0	0	0	0	0	0	0	0	0	0	0	0	0	0	0	0	0	0	0	0	0	0	0	0	0	0	0	0	0.0171895875828316	0	0	0	0	0	0	0.0220182444709849	0	0	0	0	0	0	0	0	0	0	0
0	0	0	0	0	0	0	0	0.0153799619077038	0.196876095591833	0	0.000992433578590533	0	0.183915074601466	0	0	0	0	0.174687174759583	0	0	0	0	0.16866317417075	0	0	0	0	0	0	0	0	0	0	0	0.186425259440273	0	0	0	0	0	0	0	0	0	0	0	0	0.0226238806074125	0	0	0	0	0	0	0	0.011298964619978	0	0	0	0	0.00650762346409926	0	0	0	0	0.0326303572583107	0	0	0	0	0	0	0	0	0	0	0	0	0	0	0	0	0	0	0
0	0	0	0	0	0	0	0	0	0.160647823949905	0	2.12319721312653e-08	0	0.13858904670525	0	0	0.0117140597982117	0	0.188315285387171	0	0	0	0	0.20824931873978	0	0	0	0	0	0	0	0	0	0	0	0.255385975503243	0	0	0	0	0	0	0	0	0	0	0	0	0	0	0	0	0	0	0	0	0	0	0	0	0	0	0	0	0	0	0	0	0	0	0	0	0	0	0	0	0	0	0	0.037098468684467	0	0	0	0	0	0
0	0	0	0	0	0	0	0	0	0.228918557411609	0	2.34137158534116e-08	0.0109609521719139	0.151239711876558	0	0	0	0	0.128461115644181	0	0	0	0	0.224361021664772	0	0	0	0	0	0	0	0	0	0	0	0.251873141530444	0	0	0	0	0	0	0	0	0	0	0	0	0	0	0	0	0	0	0	0	0	0	0	0	0	0.0041854762868057	0	0	0	0	0	0	0	0	0	0	0	0	0	0	0	0	0	0	0	0	0	0	0	0
0	0	0	0	0	0	0	0	0.0385759701689839	0.162670386543994	0	2.26925823057338e-08	0	0.18157685369365	0	0	0.00658888905873564	0	0.184337250665322	0	0	0	0	0.19786137586584	0	0	0	0	0	0	0	0	0	0	0	0.228389251310892	0	0	0	0	0	0	0	0	0	0	0	0	0	0	0	0	0	0	0	0	0	0	0	0	0	0	0	0	0	0	0	0	0	0	0	0	0	0	0	0	0	0	0	0	0	0	0	0	0	0
0	0	0	0	0	0	0	0	0	0.224007799009647	0	2.39962883115383e-08	0	0.227579812658913	0	0	0	0	0.174605350532318	0	0	0	0	0.196345494942536	0	0	0	0	0	0	0	0	0	0	0	0.161880159650641	0	0	0	0	0	0	0	0	0	0	0	0	0	0	0	0	0	0	0	0	0	0	0	0	0	0.0155813592096574	0	0	0	0	0	0	0	0	0	0	0	0	0	0	0	0	0	0	0	0	0	0	0	0
0	0	0	0	0	0	0	0	0	0.171176782629551	0	1.94772117912479e-08	0	0.181763893306688	0	0	0	0	0.217162244672484	0	0	0	0	0.219397136286723	0	0	0	0	0	0	0	0	0	0	0	0.210499923627343	0	0	0	0	0	0	0	0	0	0	0	0	0	0	0	0	0	0	0	0	0	0	0	0	0	0	0	0	0	0	0	0	0	0	0	0	0	0	0	0	0	0	0	0	0	0	0	0	0	0
0	0	0	0	0	0	0	0	0	0.13087629312251	0	1.95650900910753e-08	0	0.25238626970029	0	0	0	0	0.216435896738053	0	0	0	0.00277348840821566	0.174378950700011	0	0	0	0	0	0	0	0	0	0	0	0.22314908176583	0	0	0	0	0	0	0	0	0	0	0	0	0	0	0	0	0	0	0	0	0	0	0	0	0	0	0	0	0	0	0	0	0	0	0	0	0	0	0	0	0	0	0	0	0	0	0	0	0	0
0	0	0	0	0	0	0	0	0.0113303166358518	0.14106789923621	0	2.47684161404368e-08	0.00229549095820879	0.197577445607934	0	0	0	0	0.192571489687014	0	0	0	0.0125187845301607	0.236888794971939	0	0	0	0	0	0	0	0	0	0	0	0.205749753604266	0	0	0	0	0	0	0	0	0	0	0	0	0	0	0	0	0	0	0	0	0	0	0	0	0	0	0	0	0	0	0	0	0	0	0	0	0	0	0	0	0	0	0	0	0	0	0	0	0	0
0	0	0	0	0	0	0	0	0	0.202874557851874	0	0.00907268466156045	0	0.237956561381346	0.00584262908533531	0	0	0	0.162640885399856	0	0	0	0.00850261447322983	0.151636216826712	0	0	0	0	0	0	0	0	0	0	0	0.196554343517203	0	0	0	0	0	0	0	0	0	0	0	0	0	0	0	0	0	0	0	0	0	0	0	0	0	0	0	0	0	0.00798603575179115	0	0	0	0	0	0	0	0	0	0	0	0	0	0	0	0	0	0.0169334710510913	0	0
0	0	0	0	0	0	0	0	0	0.198838055699908	0	0.0259744984780919	0.0292037782363939	0.16961853479209	0	0	0	0	0.193913576904107	0	0	0	0	0.228563455185017	0	0	0	0	0	0	0	0	0	0	0	0.133700472882269	0	0	0	0	0	0	0	0	0	0	0	0	0	0	0	0.00702471013447721	0	0	0	0	0	0	0	0	0	0	0	0	0	0	0	0	0	0	0	0	0	0	0	0	0	0	0	0.0131629176876461	0	0	0	0	0	0
0	0	0	0	0	0	0	0	0	0.163395666468078	0	2.32062200987121e-08	0	0.204301573244936	0	0	0	0	0.208405027161606	0	0	0	0	0.189452720645069	0	0	0	0	0	0	0	0	0	0	0	0.223874311512025	0	0	0	0	0	0	0	0	0	0	0	0	0	0	0	0	0	0	0	0	0	0	0	0	0	0	0	0	0	0	0.0105706777620653	0	0	0	0	0	0	0	0	0	0	0	0	0	0	0	0	0	0	0
0	0	0	0	0	0	0	0	0	0.160326911121106	0	2.09615227470694e-08	0	0.206794378811094	0	0	0	0	0.19257174650196	0	0	0	0	0.202198296086718	0	0	0	0	0	0	0	0	0	0	0	0.22728203570374	0	0	0	0	0	0	0	0	0	0	0	0	0	0	0	0	0	0	0	0	0	0	0	0	0	0.0108266108138601	0	0	0	0	0	0	0	0	0	0	0	0	0	0	0	0	0	0	0	0	0	0	0	0
0	0	0	0	0	0	0	0	0	0.182836457642833	0	0	0	0.253938981536533	0	0	0	0	0.226822892289256	0	0	0	0	0.187374819517223	0	0	0	0	0	0	0	0	0	0	0	0.137609505455448	0	0	0	0	0	0	0	0	0.00540508847166243	0	0	0	2.46931161301538e-08	0	0	0	0	0	0	0	0.00601223039392893	0	0	0	0	0	0	0	0	0	0	0	0	0	0	0	0	0	0	0	0	0	0	0	0	0	0	0	0	0
0	0	0	0	0	0	0	0	0	0.248244332358698	0	2.43955825689794e-08	0.0185299945733189	0.171026679211648	0	0	0	0	0.188375629653784	0	0	0	0	0.184627505789772	0	0	0	0	0	0	0	0	0	0	0	0.189195834017197	0	0	0	0	0	0	0	0	0	0	0	0	0	0	0	0	0	0	0	0	0	0	0	0	0	0	0	0	0	0	0	0	0	0	0	0	0	0	0	0	0	0	0	0	0	0	0	0	0	0
0	0	0	0	0	0	0	0.00660469807290109	0	0.219792153701042	0	2.40271677543324e-08	0	0.159361265659527	0	0	0	0	0.182859136007027	0	0	0	0	0.177036419954361	0	0	0	0	0	0	0	0	0	0	0	0.235543941719609	0	0	0	0	0	0	0	0	0	0	0	0	0	0	0	0	0	0	0	0	0	0	0	0.0188023608583649	0	0	0	0	0	0	0	0	0	0	0	0	0	0	0	0	0	0	0	0	0	0	0	0	0	0
0	0	0	0	0	0	0	0.00660308525972918	0	0.159561705655288	0	0.0282874847980488	0	0.176539001690641	0	0	0.011406758787082	0	0.184297302014313	0	0	0	0.0144549065457283	0.192126954619825	0	0	0	0	0	0	0	0	0	0	0	0.224835663529758	0	0.0018871370995864	0	0	0	0	0	0	0	0	0	0	0	0	0	0	0	0	0	0	0	0	0	0	0	0	0	0	0	0	0	0	0	0	0	0	0	0	0	0	0	0	0	0	0	0	0	0	0	0
0	0	0	0	0	0	0	0	0	0.239153432270676	0	2.18662641887271e-08	0	0.206855864114403	0	0	0	0	0.182440906687636	0	0	0	0	0.231959906420933	0	0	0	0	0	0	0	0	0	0	0	0.134348929462097	0	0	0	0	0	0	0	0	0	0	0	0	0	0	0	0	0	0	0	0	0	0	0	0	0	0	0	0	0	0	0	0	0	0	0	0	0	0	0	0	0	0	0	0	0	0	0	0.00524093917799003	0	0
0	0	0	0	0	0	0	0	0	0.213101649889153	0	2.40038938853379e-08	0	0.195074272409056	0	0	0	0	0.207624345851549	0	0	0	0	0.174432978140575	0	0	0	0	0	0	0	0	0	0	0	0.209766729705773	0	0	0	0	0	0	0	0	0	0	0	0	0	0	0	0	0	0	0	0	0	0	0	0	0	0	0	0	0	0	0	0	0	0	0	0	0	0	0	0	0	0	0	0	0	0	0	0	0	0
0	0	0	0	0	0	0	0	0	0.201224370665162	0	2.15806435114482e-08	0	0.197136274618546	0	0	0	0	0.162805943357953	0	0	0	0	0.192469962073206	0	0	0	0	0	0	0	0	0	0	0	0.246363427704489	0	0	0	0	0	0	0	0	0	0	0	0	0	0	0	0	0	0	0	0	0	0	0	0	0	0	0	0	0	0	0	0	0	0	0	0	0	0	0	0	0	0	0	0	0	0	0	0	0	0
0	0	0	0	0	0	0	0	0	0.162359187972147	0	0.000300967254980655	0	0.176191025308319	0	0	0	0	0.217161244851724	0	0	0	0	0.227165875773288	0	0	0	0	0	0	0	0	0	0	0	0.156366626260619	0	0	0	0	0	0	0	0	0	0	0	0	0	0	0.00792493479009681	0	0	0	0	0	0	0	0	0	0	0	0	0	0	0	0.0259848813001499	0.0170950854222585	0	0	0.00945017106641773	0	0	0	0	0	0	0	0	0	0	0	0	0	0	0
0	0	0	0	0	0	0	0	0	0.225423063733145	0	2.46316021733556e-08	0	0.178482821460453	0	0	0	0	0.204836269951804	0	0	0	0	0.192518258518501	0	0	0	0	0	0	0	0	0	0	0	0.198739561704496	0	0	0	0	0	0	0	0	0	0	0	0	0	0	0	0	0	0	0	0	0	0	0	0	0	0	0	0	0	0	0	0	0	0	0	0	0	0	0	0	0	0	0	0	0	0	0	0	0	0
0	0	0	0	0	0	0	0	0	0.179580157862826	0	2.23447784021934e-08	0.00583404583725523	0.213045224478001	0	0	0	0	0.190586537089512	0	0	0	0	0.230869847109764	0	0	0	0	0	0	0	0	0	0	0	0.1288791821414	0	0	0	0	0	0	0	0	0	0	0	0	0	0	0.0303768186651887	0	0	0	0	0	0	0	0	0	0	0	0	0	0	0	0	0	0	0	0	0	0.015673847279988	0	0	0	0	0	0	0	0	0	0	0.00515431719128596	0	0
0	0	0	0	0	0	0	0	0.00680435621170656	0.148985295678773	0	2.4564912174119e-08	0	0.241894621571433	0	0	0	0	0.222769150591252	0	0	0	0	0.177053786831885	0	0	0	0	0	0	0	0	0	0	0	0.202492764550038	0	0	0	0	0	0	0	0	0	0	0	0	0	0	0	0	0	0	0	0	0	0	0	0	0	0	0	0	0	0	0	0	0	0	0	0	0	0	0	0	0	0	0	0	0	0	0	0	0	0
0	0	0	0	0	0	0.00582114443188401	0	0	0.193094667448806	0	2.29488973774964e-08	0	0.200110446239448	0	0	0	0	0.17039777632837	0	0	0	0	0.216533448874411	0.00323644510645567	0	0	0	0	0	0	0	0	0	0	0.17371782812056	0	0	0	0	0	0	0	0	0	0	0	0	0	0	0	0	0	0	0	0	0	0	0	0	0	0.0216271373726712	0	0	0	0	0	0	0	0	0.00381082903202716	0	0	0	0	0	0	0	0	0	0	0	0	0	0	0.0116502540964681
0	0	0	0	0	0	0	0	0	0.21089674836802	0	2.58011480638102e-08	0	0.163231121895968	0	0	0	0	0.211821673811773	0	0	0	0	0.224485110984303	0	0	0	0	0	0	0	0	0	0	0	0.189565319138787	0	0	0	0	0	0	0	0	0	0	0	0	0	0	0	0	0	0	0	0	0	0	0	0	0	0	0	0	0	0	0	0	0	0	0	0	0	0	0	0	0	0	0	0	0	0	0	0	0	0
0	0	0	0	0	0	0	0.0189052358387488	0	0.158909025996853	0	0	0	0.160849491278221	0	0	0.00938394511147491	0	0.223845826208186	0	0	0	0.00739644341664253	0.158602450350449	0	0	0	0	0	0	0	0	0	0	0	0.199079187627521	0	0	0	0	0	0	0	0	0.0179143134048551	0	0	0	2.11719297052539e-08	0	0	0	0	0	0	0	0	0	0	0.017278207321843	0	0	0	0	0	0	0.0278358522732754	0	0	0	0	0	0	0	0	0	0	0	0	0	0	0	0	0	0	0
0	0	0	0	0	0	0	0	0	0.224468603267374	0	2.51250882862001e-08	0	0.199803538428938	0	0	0	0	0.186753039724137	0	0	0	0	0.176204297606229	0	0	0	0	0	0	0	0	0	0	0	0.200329538364351	0	0	0	0	0	0	0	0	0	0	0	0	0	0	0	0	0	0	0	0	0	0	0	0	0	0	0	0	0	0	0	0	0	0	0.00335963634946995	0	0	0	0	0	0	0	0	0	0	0	0	0.00908132113441315	0	0
0	0	0	0	0	0	0	0	0	0.189257871998229	0	2.08623075037108e-08	0	0.165081101954979	0	0	0	0	0.2490397450959	0	0	0	0	0.187556278585562	0	0	0	0	0	0	0	0	0	0	0	0.202514293327203	0	0	0	0	0	0	0	0	0	0	0	0	0	0	0	0	0	0	0	0	0.00655068817581903	0	0	0	0	0	0	0	0	0	0	0	0	0	0	0	0	0	0	0	0	0	0	0	0	0	0	0	0	0
0	0	0	0	0	0	0	0	0	0.203522307105816	0	2.416272645235e-08	0.0197601314489677	0.158102567329557	0	0	0	0	0.164070795024038	0	0	0	0.00510433478388072	0.189430887779405	0	0	0	0	0	0	0	0	0	0	0	0.22790068052672	0	0	0	0	0	0	0	0	0	0	0	0	0	0	0	0	0	0	0	0	0	0	0	0	0	0	0	0	0	0	0.0146728065031283	0	0	0	0	0	0	0	0	0	0	0	0	0.00882011430859556	0	0	0	0.00861535102716633	0	0
0	0	0	0	0	0	0	0	0	0.197527497691925	0	2.11027265179561e-08	0	0.174240584260266	0	0	0	0	0.132646718312403	0	0	0	0	0.23054296752959	0	0	0	0	0	0	0	0	0	0	0	0.265042211103089	0	0	0	0	0	0	0	0	0	0	0	0	0	0	0	0	0	0	0	0	0	0	0	0	0	0	0	0	0	0	0	0	0	0	0	0	0	0	0	0	0	0	0	0	0	0	0	0	0	0
0	0	0	0	0	0	0	0	0	0.20240727660261	0	2.28468751775178e-08	0	0.181424701043836	0	0	0	0	0.179004428809617	0	0	0	0	0.230950312427555	0	0	0	0	0	0	0	0	0	0	0	0.206213258269507	0	0	0	0	0	0	0	0	0	0	0	0	0	0	0	0	0	0	0	0	0	0	0	0	0	0	0	0	0	0	0	0	0	0	0	0	0	0	0	0	0	0	0	0	0	0	0	0	0	0
0	0	0	0	0	0	0	0	0.0273583770182363	0.182146861572497	0	2.24350325747549e-08	0	0.179706264308911	0	0	0	0	0.173417236044414	0	0.00657996887493491	0	0	0.195583543031088	0	0	0	0	0	0	0	0	0	0	0	0.223450163311201	0	0	0	0	0	0	0	0	0	0	0	0	0	0	0	0	0	0	0	0	0.00339836404728067	0	0	0	0	0.00835919935640469	0	0	0	0	0	0	0	0	0	0	0	0	0	0	0	0	0	0	0	0	0	0	0	0
0	0	0	0	0	0	0	0	0	0.132705687700997	0	2.52242798087801e-08	0	0.175125223176047	0	0	0	0	0.148017872503048	0	0	0	0	0.213625155085345	0	0	0	0	0	0	0	0.0103452482604608	0	0	0	0.19192853775236	0	0	0	0	0	0	0	0.0284007320028874	0.0214433349133806	0	0.0118795426808853	0	0	0	0	0	0	0	0	0	0	0	0	0	0	0.00933285911204828	0	0	0	0	0	0.0167144976693891	0	0	0	0	0	0	0.0306673111729778	0	0	0	0	0	0	0	0	0	0	0.00981397274589414
0	0	0	0	0	0	0	0	0	0.193065831128964	0	2.3278003097064e-08	0	0.205948421871628	0	0	0	0	0.186876193836062	0	0	0	0	0.194105239457538	0	0	0	0	0	0	0	0	0	0	0	0.200694276177214	0	0	0	0	0	0	0	0	0	0	0	0	0	0	0	0	0	0	0	0	0	0	0	0	0	0.0160203887428283	0	0	0	0	0	0	0	0	0	0	0	0	0	0	0	0	0	0	0	0	0	0.00328962550776329	0	0
0	0	0	0	0	0	0	0	0	0.22794130597843	0	2.81293048482865e-08	0	0.15929134031501	0	0	0	0	0.22364511748373	0	0	0	0	0.248641153363831	0	0	0	0	0	0	0	0	0	0	0	0.140481054729695	0	0	0	0	0	0	0	0	0	0	0	0	0	0	0	0	0	0	0	0	0	0	0	0	0	0	0	0	0	0	0	0	0	0	0	0	0	0	0	0	0	0	0	0	0	0	0	0	0	0
0	0	0	0	0	0	0	0	0	0.200121258746129	0	2.32400011982071e-08	0	0.202672545694195	0	0	0	0	0.198273456672576	0	0	0	0	0.179040841811344	0	0	0	0	0	0	0	0	0	0	0	0.198553686555099	0	0	0	0	0	0	0	0	0	0	0	0	0	0	0	0	0	0	0	0	0	0	0	0	0	0	0	0	0	0	0.0213381872806561	0	0	0	0	0	0	0	0	0	0	0	0	0	0	0	0	0	0	0
0	0	0	0	0	0	0	0	0	0.186465906021612	0	2.17558594527884e-08	0	0.195828080263414	0	0	0	0	0.177303587698061	0	0	0	0	0.209883807669355	0	0	0	0	0	0	0	0	0	0	0	0.225148678854577	0	0	0	0	0	0	0	0	0	0	0	0	0	0	0	0	0	0	0	0	0	0	0	0	0	0	0	0	0	0	0	0.00536991773712053	0	0	0	0	0	0	0	0	0	0	0	0	0	0	0	0	0	0
0	0	0	0	0	0	0	0	0	0.123012853856242	0	2.21210023901256e-08	0.0102839004125025	0.222746493382725	0	0	0	0	0.171529346281367	0	0	0	0	0.232196627109784	0	0	0	0	0	0	0	0	0	0	0	0.186779354273812	0	0	0	0	0	0	0	0	0	0	0	0	0	0	0	0	0	0	0	0	0	0	0	0	0	0	0	0	0	0	0.0534514025625649	0	0	0	0	0	0	0	0	0	0	0	0	0	0	0	0	0	0	0
0	0	0	0	0	0	0	0	0	0.2313342544584	0	2.42836515501997e-08	0	0.212484573411708	0	0	0	0	0.142641860497624	0	0	0	0	0.205476803648372	0	0	0	0	0	0	0	0	0	0	0	0.188803448934091	0	0	0	0	0	0	0	0	0	0	0	0	0	0	0	0	0	0	0	0	0	0	0	0	0	0.00262496505516005	0	0	0	0	0	0	0	0	0.0166340697109925	0	0	0	0	0	0	0	0	0	0	0	0	0	0	0
0	0	0	0	0	0	0	0	0	0.156581827817912	0	2.16724436650478e-08	0	0.250774862462916	0	0	0	0	0.20093527360493	0	0	0	0	0.201074125083454	0	0	0	0	0	0	0	0	0	0	0	0.177067718411885	0	0	0	0	0	0	0	0	0	0	0	0	0	0	0	0	0	0	0	0	0	0	0	0	0	0	0	0	0	0	0	0	0	0	0	0	0	0	0.0135661709464599	0	0	0	0	0	0	0	0	0	0	0
0	0	0	0	0	0	0	0	0	0.173231049628853	0	2.17729535872091e-08	0.00348914915034344	0.125364902420631	0	0.0174092551984675	0.00574521643433343	0	0.203696416924906	0	0	0	0.0101606339210284	0.197069976042227	0	0	0	0	0	0	0	0	0	0	0	0.246652854226505	0	0	0	0	0	0	0	0	0	0	0	0	0	0	0	0	0	0	0	0	0	0	0	0	0	0	0	0	0	0	0	0	0	0	0.0171805242797505	0	0	0	0	0	0	0	0	0	0	0	0	0	0	0
0	0	0	0	0	0	0	0	0	0.215856643208586	0	2.50842796269039e-08	0.00848249196277472	0.22535627835636	0	0	0	0	0.205027344713401	0	0	0	0	0.173408756191923	0	0	0	0	0	0	0	0	0	0	0	0.162919961712635	0	0	0	0	0	0	0	0	0	0	0	0	0	0	0	0	0	0	0	0	0	0	0	0	0	0	0	0	0	0	0	0.00894849877004168	0	0	0	0	0	0	0	0	0	0	0	0	0	0	0	0	0	0
0	0	0	0	0	0	0	0	0	0.155978579356394	0	2.22165567638313e-08	0	0.213766461202989	0	0	0	0	0.203357604047411	0	0	0	0.00258360627489487	0.198229012763359	0	0	0	0	0	0	0	0	0	0	0	0.205649023470724	0	0	0	0	0	0	0	0	0	0	0	0	0	0	0	0	0	0	0	0	0	0	0	0	0	0	0	0	0	0	0	0	0	0	0.010520730921094	0	0	0	0	0	0	0	0	0	0	0	0	0.00991495974657778	0	0
0	0	0	0	0	0	0	0.00237028458315712	0	0.177842854779037	0	2.3580204326699e-08	0	0.196833377278203	0	0	0	0	0.20884164474763	0	0	0	0	0.20132548206723	0	0	0	0	0	0	0	0	0	0	0	0.212786332964538	0	0	0	0	0	0	0	0	0	0	0	0	0	0	0	0	0	0	0	0	0	0	0	0	0	0	0	0	0	0	0	0	0	0	0	0	0	0	0	0	0	0	0	0	0	0	0	0	0	0
0	0	0	0	0	0	0	0	0.0053917170586246	0.170325748304395	0	2.27472655094089e-08	0.00345423861996809	0.171716499328868	0	0	0	0	0.207974140829965	0	0	0	0	0.164477211148117	0	0	0	0	0	0	0	0	0	0	0	0.240100153289672	0	0	0	0	0	0	0	0	0	0	0	0	0	0	0	0.00397036066546699	0	0	0	0	0	0	0	0	0	0	0	0	0	0	0.0219393786269208	0	0	0	0	0	0	0	0	0	0	0	0	0	0	0	0	0.0106505293807377	0	0
0	0	0	0	0	0	0	0	0	0.157117788615209	0	1.89986695866896e-08	0	0.183808800084795	0	0	0	0	0.235573870571965	0	0	0	0	0.199228590667154	0	0	0	0	0	0	0	0	0	0	0	0.216810431571615	0	0	0	0	0	0	0	0	0	0	0	0	0	0	0	0	0	0	0	0	0	0	0	0	0	0	0	0	0	0	0.00746049949059247	0	0	0	0	0	0	0	0	0	0	0	0	0	0	0	0	0	0	0
0	0	0	0	0	0	0	0	0	0.145929288123149	0	2.18627382057675e-08	0.0112973291131479	0.235533035591831	0	0	0	0	0.172814965690684	0	0	0	0.00429458945293434	0.216279331161986	0	0	0	0	0	0	0	0	0	0	0	0.161770540719744	0	0	0	0	0	0	0	0	0	0	0	0	0	0	0.0310319793362886	0	0	0	0	0	0	0	0	0.00816658200312471	0	0.00433422044155281	0	0	0	0	0	0	0	0	0.00854811650282034	0	0	0	0	0	0	0	0	0	0	0	0	0	0	0
