"SBS1"	"SBS2"	"SBS3"	"SBS4"	"SBS5"	"SBS6"	"SBS7a"	"SBS7b"	"SBS7c"	"SBS7d"	"SBS8"	"SBS9"	"SBS10a"	"SBS10b"	"SBS10c"	"SBS10d"	"SBS11"	"SBS12"	"SBS13"	"SBS14"	"SBS15"	"SBS16"	"SBS17a"	"SBS17b"	"SBS18"	"SBS19"	"SBS20"	"SBS21"	"SBS22a"	"SBS22b"	"SBS23"	"SBS24"	"SBS25"	"SBS26"	"SBS27"	"SBS28"	"SBS29"	"SBS30"	"SBS31"	"SBS32"	"SBS33"	"SBS34"	"SBS35"	"SBS36"	"SBS37"	"SBS38"	"SBS39"	"SBS40a"	"SBS40b"	"SBS40c"	"SBS41"	"SBS42"	"SBS43"	"SBS44"	"SBS45"	"SBS46"	"SBS47"	"SBS48"	"SBS49"	"SBS50"	"SBS51"	"SBS52"	"SBS53"	"SBS54"	"SBS55"	"SBS56"	"SBS57"	"SBS58"	"SBS59"	"SBS60"	"SBS84"	"SBS85"	"SBS86"	"SBS87"	"SBS88"	"SBS89"	"SBS90"	"SBS91"	"SBS92"	"SBS93"	"SBS94"	"SBS95"	"SBS96"	"SBS97"	"SBS98"	"SBS99"
0	0	0	0	0	0	0	0	0	0.288922496338027	0	0	0	0.121226242158851	0	0	0	0	0.171800863833493	0	0	0	0.000823638722761635	0.227505211525616	0	0	0	0.000235544840361455	0	0	0	0	0	0	0	0.112397828135676	0	0	0	0	0	0	0	0	0	0.0312664119647857	0	0	0	0	0	0	0	0	0	0	0	0	0	0.00818034071015987	0.00459859778785754	0	0	0	0	0	0	0.00225847164020512	0	0	0	0	0.0172643532542231	0	0	0	0	0	0	0.0135199990879839	0	0	0	0	0	0
0	0.00637567401328814	0	0	0	0	0	0.0152687537699126	0	0.286165700518124	0	0	0.00925355503228796	0.110822621264106	0	0	0.0122080067935056	0	0.169897683388079	0	0	0	0	0.166026698179218	0	0	0	0	0	0	0	0	0	0	0	0.161530663281152	0	0	0	0	0	0	0	0	0	0	0	0	0	0	0	0	0	0	0	0	0	0.00313256830724781	0	0	0	0	0.0026377105858907	0	0.00796926371265695	0	0	0.0229695062049154	0	0	0	0	0.0215922371018208	0.00161371394804629	0	0	0	0	0	0	0	0	0	0.0025356438997482	0	0
0	0	0	0	0	0	0	0	0	0.242564826834266	0	0	0	0.191564799997399	0	0	0	0	0.119381121192764	0	0	0	0	0.19882687598838	0	0	0.0268226296547322	0	0	0	0	0	0	0	0	0.0854627527679782	0	0	0	0	0	0.0312285789422035	0	0	0	0.0294367972900246	0	0	0	0	0	0	0	0	0	0	0	0	0	0	0	0.00148762521920642	0	0	0.0451481787942883	0	0	0	0	0.00344298468799327	0	0	0	0	0	0	0	0	0	0	0	0	0	0.00535034677799161	0.000293083665616203	0.0189893981871567
0.000886051216733492	0	0	0	0	0	0.0337136465226837	0	0	0.127384031101618	0	0	0.0133244234100917	0.196101545843982	0	0.00632650110408526	0	0	0.14350348791356	0	0	0	0.000143204815708365	0.0753380195008514	0	0	0	0	0	0	0	0	0	0	0	0.26439617258384	0	0	0	0	0	0	0	0	0	0	0	0	0	0	0	0	0	0	0	0	0	0	0	0.0144030777104699	0	0.0420601498280759	0	0	0	0	0	0	0	0	0.0321239333415684	0	0	0	0.0469087714173436	0	0.00338698368938821	0	0	0	0	0	0	0	0	0
0	0	0	0	0	0	0	0	0	0.124638199370463	0	0	0	0.0760957339239567	0	0	0.000335069005146379	0	0.166530552684827	0	0.0306519620282269	0.0189438477872531	0	0.164346943714901	0	0	0.00543179456800953	0	0	0	0	0	0	0	0	0.264241564290048	0	0	0	0	0.00280357318582798	0.00128342561844949	0	0	0	0	0	0	0	0	0	0.0443686833541331	0	0	0	0	0	0	0	0	0	0.00120677818330554	0	0	0	0.00603904878436496	0	0.0450312998764855	0	0	0	0	0.0136560901322621	0	0.0343954334923395	0	0	0	0	0	0	0	0	0	0	0
0	0.00139844890805415	0	0	0	0	0	0.0320954742234223	0	0.113399847233494	0	0	0	0.0831566226774235	0	0	0	0	0.285767275213102	0	0	0	0	0.212190211552135	0	0	0	0	0	0	0	0	0	0	0	0.0906944284455654	0	0	0	0	0	0	0	0	0	0	0	0	0	0	0.000528840757396181	0	0	0	0	0	0.00302171449391808	0	0	0	0	0	0	0.0232637427185333	0	0	0	0.0147606380218682	0	0	0	0	0.109517010373332	0.0302057453817565	0	0	0	0	0	0	0	0	0	0	0	0
0.00731829612248346	0	0	0	0	0	0.0266660433601823	0	0	0.14379235539091	0	0	0.0547623193960352	0.09367316396514	0	0	0	0	0.278743734350779	0	0	0	0	0.0962792726240003	0	0	0	0.02441408397621	0	0	0	0	0	0	0	0.20601948931256	0	0	0	0	0.00701423660039741	0	0	0	0	0	0	0	0	0	0	0.0511905291822523	0	0	0	0	0	0.00426557294097557	0	0	0	0	0.00586090277807476	0	0	0	0	0	0	0	0	0	0	0	0	0	0	0	0	0	0	0	0	0	0	0
0	0	0	0	0	0	0.0180507702303973	0	0.0665450933117208	0.137664378823466	0	0	0	0.145290803139192	0	0	0	0	0.180120225420737	0	0	0	0	0.175177380375937	0	0	0	0.0242150221014815	0	0	0	0	0	0	0	0.175078081485086	0	0	0	0	0	0	0	0	0	0	0	0	0	0	0	0	0	0	0	0	0	0	0	0	0	0	0	0	0	0	0	0	0	0	0	0	0.0480956473613426	0.00956536101771164	0	0	0	0	0	0	0	0	0	0.0201972367329274	0	0
0	0	0	0	0	0	0	0	0	0.022801308007926	0	0	0.0506367586386713	0.222962535149207	0	0	0	0.017293326054611	0.160923587901228	0	0	0	0	0.299840105158928	0	0	0	0.0190509072148372	0	0	0	0	0	0	0	0.0462519350719068	0	0	0	0	0.0114600216174363	0	0	0	0	0	0	0	0	0	0	0	0	0	0	0	0	0	0	0	0	0	0.0141116300730569	0	0	0.00662402310289574	0	0	0	0	0	0	0	0	0	0	0	0	0	0.0478849169946903	0	0	0	0.00393470896201692	0	0.0762242360525888
0	0	0	0	0	0	0	0	0.0179060305427673	0.0843699679896723	0	0	0.00715210196215989	0.213400320018296	0	0	0	0	0.187399141984237	0	0	0	0.0222263706115474	0.179861986290025	0	0	0	0	0	0	0	0	0	0	0	0.180691653257923	0	0	0	0	0	0.018775086480564	0	0	0	0	0	0	0	0	0	0	0	0	0	0	0	0.00697337076546864	0	0	0	0	0.0178015695102463	0	0.0105856149540277	0	0	0	0	0	0	0	0	0	0.0216057731390027	0	0	0	0	0	0	0	0	0.0312510124940621	0	0
0.0195444100580302	0	0	0	0	0	0	0	0	0.25222161931865	0	0	0.00899505555337829	0.19011204908324	0	0	0	0	0.182899465424815	0.0121283136288563	0	0	0	0.151747561603225	0	0	0	0	0	0	0	0	0	0	0	0.149493761785159	0	0	0	0	0	0.00758457851342503	0	0	0	0.00658983906124209	0	0	0	0	0	0	0	0	0	0	0	0	0	0	0	0	0	0	0.00227411115490944	0	0	0	0	0	0.00738536577251483	0	0.00902386904255417	0	0	0	0	0	0	0	0	0	0	0	0	0
0.00296666060097215	0	0	0	0	0.0172230415919751	0	0	0	0.227171316772371	0	0	0	0.168203946333105	0	0	0	0	0.163913169214852	0	0	0	0	0.103843161321336	0	0	0.00602972684003059	0.00553029336535328	0	0	0	0	0	0	0	0.280038665971387	0	0	0	0	0.00163969783327034	0	0	0	0	0.00273156046410578	0	0	0	0	0	0	0	0	0	0	0	0	0	0	0	0	0.0105189315024046	0	0	0	0	0	0	0	0	0	0	0.0101898281888371	0	0	0	0	0	0	0	0	0	0	0	0
0	0.00854877858208319	0	0	0	0	0	0	0	0.185903141977669	0	0	0	0.179287106239108	0	0	0.0236805167860342	0	0.154350794744584	0	0	0	0	0.00525199314900687	0	0	0	0	0	0	0	0	0	0	0	0.325119467335152	0	0	0	0	0	0	0	0	0	0	0	0	0	0	0	0	0	0	0.0130191861191302	0	0	0	0	0.00875692297647044	0	0	0	0	0	0	0	0.0600641017797697	0	0	0	0	0.0253424172519056	0	0	0	0	0	0	0	0	0	0	0	0.0106755730590873	0
0	0	0	0	0	0	0.013174313495054	0.0155869937368158	0.0180672003528012	0.184399171955635	0	0	0.0214572816909463	0.1384244815693	0	0	0	0	0.206617593231339	0	0	0	0.00505191619970983	0.192190160804288	0	0	0	0.00838086830399422	0	0	0	0	0	0	0	0.170409986403912	0	0	0	0	0	0	0	0	0	0	0	0	0	0	0	0	0	0	0	0	0	0	0	0	0	0	0.00938075674193328	0	0	0	0	0	0	0	0	0	0	0	0	0	0	0	0	0	0	0	0	0.0168592755142721	0	0
0	0	0	0	0	0	0.00341328927102404	0	0	0.103142472105018	0	0.0374989485332974	0.00325107799232545	0.192393183193199	0	0.00701536507750111	0.0282658222295805	0	0.165296966464249	0	0	0	0	0.204827604111437	0	0	0	0	0	0	0	0	0	0	0	0.111087222562345	0	0	0	0.0604965917401364	0	0.0409789351023344	0	0	0.00213195510094071	0.00658528348783328	0	0	0	0	0	0	0	0	0	0	0	0	0	0	0	0	0.0332494184995293	0	0	0	0	0	0	0	0	0	0	0	0	0	0	0	0	0	0	0	0	0	0.000365864529248543	0
0	0	0	0	0	0	0	0	0.0131606124916257	0.0370622954433348	0	0	0	0.280742580313056	0	0.00913132130924655	0	0.0604577962930233	0.113910629542189	0	0	0	0	0.119193493088224	0	0	0	0	0	0	0	0	0	0	0	0.155199181736297	0	0	0	0	0	0	0	0	0	0	0	0	0	0	0.0725518152904056	0	0	0	0	0	0	0	0	0	0	0.0165341197631097	0	0	0	0.00206814827186401	0	0	0.0414446758067408	0	0	0	0.0194192233541449	0	0	0	0	0	0	0.0591241072967387	0	0	0	0	0	0
0.00633373645849643	0	0	0	0	0	0	0	0	0.185645697930624	0	0	0	0.178985854884538	0	0	0	0	0.101383796073011	0	0	0	0	0.208084569827353	0	0	0	0.0171537241235846	0	0	0	0	0	0	0	0.101619321695827	0	0	0	0	0	0	0	0	0	0	0	0	0	0	0	0	0	0	0.00761483672851825	0	0	0	0	0	0	0	0	0	0	0	0	0	0	0.0137949051011307	0	0	0	0	0	0	0	0	0	0.139799729052872	0	0	0	0.0395838281240438	0	0
0	0	0	0	0	0	0	0	0.0184689795737108	0.180137400097025	0	0	0	0.227016817328511	0	0	0	0	0.116216035078256	0	0	0	0	0.141585682978792	0	0	0	0.00522301987691084	0	0	0	0	0	0	0	0.122899539152865	0	0	0	0	0.0269313522330618	0	0	0	0	0	0	0	0	0	0	0.0107460918174188	0	0	0	0	0	0	0	0.0371074521699422	0	0.0151751479242481	0	0	0	0	0.0111334536871119	0.0426650974724317	0	0	0	0	0.00983355156501379	0	0	0	0	0	0	0	0	0	0	0.0216585562582325	0.0132018227864683	0
0.0110403474910479	0	0	0	0	0	0	0	0	0.0799550845152312	0	0	0	0.243557795799157	0	0	0	0	0.210507686410062	0	0	0	0	0.219669307404267	0	0	0	0.00990157821057344	0	0	0	0	0	0	0	0.0265260478173263	0	0	0	0	0.0265948518568144	0	0	0	0.03000818105572	0	0	0	0	0	0	0	0.00351007392405589	0	0	0	0	0.00987574654628265	0	0	0	0	0	0	0	0	0	0	0.014621100613286	0	0.00364414435923572	0	0	0	0.0855831720747292	0	0	0	0	0.0250048819222121	0	0	0	0	0	0
0	0	0	0	0	0	0	0	0	0.111912332960278	0	0	0	0.260777406278491	0	0	0	0	0.200019741259423	0	0	0	0.0288532292935222	0.18376579057754	0	0	0	0	0	0	0	0	0	0	0	0.12908866166278	0	0	0	0	0	0	0	0	0	0	0	0	0	0	0	0	0	0	0	0	0	0	0	0	0	0	0.0046913821021552	0	0	0	0.0451720251796996	0	0	0	0	0	0	0	0.0357194306861119	0	0	0	0	0	0	0	0	0	0	0
0.00154109452749042	0	0	0	0	0	0	0	0	0.221001621679399	0	0	0	0.196321765728082	0	0	0	0	0.153328012922608	0	0	0	0	0.257316557278502	0	0	0	0	0	0	0	0	0	0	0	0.096619260949168	0	0.00861035947576027	0	0	0	0.00430568946384709	0	0	0	0	0	0	0	0	0	0	0	0	0	0	0	0.00358127372567044	0	0	0	0	0	0.00317167196875825	0	0	0	0	0	0	0	0	0	0	0	0	0	0	0	0.00418249769666137	0	0	0	0.00849480357539137	0.0381969279342006	0.00332846307446064
0	0	0	0	0	0	0	0	0	0.236675897127766	0	0	0	0.189962265640724	0	0	0	0	0.178843409641498	0	0	0	0	0.189165450600396	0	0	0	0	0	0	0	0	0	0	0	0.128494480152121	0	0	0	0	0	0.0149024791618129	0	0	0	0	0	0	0	0	0	0	0	0	0	0	0	0	0	0	0	0	0	0	0	0	0.0419729522765691	0	0	0	0.0086245400408985	0.00836066947922112	0.00299785587899358	0	0	0	0	0	0	0	0	0	0	0	0	0
0	0	0	0	0	0	0	0	0	0.166031052738924	0	0	0	0.170743928270958	0	0	0	0	0.18429455471866	0	0	0.0557138097655721	0.0275925592868628	0.191883833324468	0	0	0	0	0	0	0	0	0	0	0	0.128063438808017	0	0	0	0	0	0.00725950836304507	0	0	0	0	0	0	0	0	0	0	0	0	0	0	0	0.00519285208997698	0	0	0	0	0.0185910178407194	0	0	0	0	0	0	0	0	0	0	0	0	0	0	0	0	0.0446334447927958	0	0	0	0	0	0
0.00909389729768915	0	0	0	0	0	0	0	0.0129383460633228	0.0636019661526022	0	0	0	0.192757373363645	0	0	0	0	0.232166898972091	0	0	0	0.00819999510119483	0.268482547113435	0	0	0	0.00579871682816141	0	0	0	0	0	0	0	0.0580643674654122	0	0	0	0	0	0.0124181312556004	0	0	0	0	0.00360706558623356	0	0.0471810394919746	0	0	0	0	0	0	0	0	0	0	0	0	0.0198617296234545	0	0	0	0	0.054517848063234	0	0	0	0.011310077621949	0	0	0	0	0	0	0	0	0	0	0	0	0	0	0
0	0.00718554590932822	0	0	0	0	0.0506972877313323	0	0	0.106227012057009	0	0	0.0052134136201103	0.069231861388612	0	0	0	0	0.166145068071625	0	0	0	0	0.16191437543574	0	0	0	0.0104927007354604	0	0	0	0	0	0	0	0.183429514964627	0	0	0	0	0	0	0	0	0	0	0	0	0	0	0	0	0.00302588474428381	0	0	0	0.00259035396516408	0	0	0	0	0	0	0	0.00536734769461863	0	0.123468690280097	0	0	0	0.0138141748137106	0	0	0	0.0501965130857539	0	0	0	0	0	0	0	0	0	0.0410002555025283	0
0	0	0	0	0	0	0	0	0.0900694280945481	0.118468495109248	0	0	0	0.199636656333666	0	0	0	0	0.120075507010576	0	0	0	0	0.204994567217929	0	0	0	0	0	0	0	0	0	0	0	0.21364419537023	0	0	0	0	0	0	0	0	0	0	0	0	0	0	0	0	0	0	0	0	0	0	0	0	0	0.0020661505419248	0	0	0	0	0	0	0	0	0.012116944354153	0	0.0364256373480573	0	0	0	0	0	0	0	0	0	0	0.00250241861966954	0	0
0	0.00695089879211578	0	0	0	0	0.00293416112410992	0	0.0321782805413681	0.361775357274451	0	0	0	0.0752500710866595	0	0	0.0103253563954581	0	0.210282777325054	0	0	0	0	0.15317178932832	0	0	0	0	0	0	0	0	0	0	0	0.0984166971984455	0	0	0	0	0	0	0	0	0	0.000316707994719402	0	0	0	0	0	0	0	0	0	0	0	0	0.000713139869193536	0.0194177650601226	0	0	1.65991167399568e-05	0	0	0	0	0.00526855684629545	0	0.0229818420469475	0	0	0	0	0	0	0	0	0	0	0	0	0	0	0	0
0	0	0	0	0	0	0.0785904324237462	0.0617211934194527	0	0.146617797989836	0	0	0	0.0924809321474392	0	0	2.30764816854515e-05	0	0.1687251534197	0	0	0	0	0.162191165629049	0	0	0	0	0	0	0	0	0	0	0	0.111582229937187	0	0	0	0	0	0	0	0	0	0	0	0	0	0	0	0	0.0300051464118343	0	0	0	0.0144638013415175	0	0	0.0592596918034884	0	0.0182631887646043	0	0	0	0	0	0	0	0	0	0	0	0	0.0560761902304603	0	0	0	0	0	0	0	0	0	0	0
0.000680218659242955	0	0	0	0	0	0	0	0	0.240839912754919	0	0	0	0.118466833290854	0	0	0	0	0.181542467915061	0	0	0	0	0.221898956499132	0	0	0	0.0091893829283798	0	0	0	0	0	0	0	0.215446681484871	0	0	0	0	0	0	0	0	0	0	0	0	0	0	0	0	0	0	0	0	0	0.00502935740516391	0	0	0	0.00616906593117174	0	0	0	0	0	0	0	0	0	0	0	0	0	0	0	0	0	0	0	0	0	0.000737123131204429	0	0
0	0	0	0	0	0	0	0	0.0267410348703011	0.178738713766253	0	0	0	0.108407166074502	0	0	0	0	0.171055107460419	0	0	0	0	0.123526361862627	0	0	0.000706105305286691	0.0160234641750524	0	0	0	0	0	0.0134795369099032	0	0.285702141915978	0	0	0	0	0	0	0	0	0	0	0	0	0	0	0	0	0	0	0	0	0	0.00520957049639454	0	0	0	0	0	0	0.00122933708295128	0	0	0.00444185323256409	0	0	0	0	0.0427635751337298	0	0	0	0	0	0	0	0	0	0	0.0219760317140384	0	0
0	0	0	0	0	0	0.0397848484277266	0.00684158057567815	0	0.149776915429107	0	0	0	0.122409530905156	0	0	0	0	0.230968346084749	0.00438166946663238	0	0	0.0171237758761881	0.146518142807311	0	0	0	0	0	0	0	0	0	0	0	0.153910058655337	0	0	0	0	0.00545316197268571	0	0	0	0	0.0745005182456475	0	0	0	0	0	0	0	0	0	0	0	0	0	0	0	0	0	0	0.0101001538432674	0	0	0	0	0.00954728835550627	0	0	0.00280149474362914	0	0	0	0.0143688436935492	0	0	0	0	0	0	0.01151367091783	0	0
0	0	0	0	0	0	0.018342148676747	0.0201663795989342	0.0142534514688837	0.18168931279003	0	0	0	0.12455817242803	0	0	0	0	0.193001874031274	0	0.00535994685857776	0	0	0.12975757888401	0	0	0	0.00859141503816778	0	0	0	0	0	0	0	0.184740466353532	0	0	0	0	0.000100749961400983	0	0	0	0	0	0	0	0	0	0	0	0	0	0	0	0.0055055248325373	0	0	0	0	0	0	0	0	0	0	0.0306317239742364	0	0	0.0166737246305735	0.0183956161562009	0.00540659788377791	0	0	0	0.00878450436999849	0	0	0	0	0	0	0.0340408120630885	0	0
0	0	0	0	0	0	0	0	0	0.102868299402842	0	0	0	0.212517855964717	0	0	0	0	0.189771856118099	0	0	0	0.0312668858660626	0.155693766600337	0	0	0	0	0	0	0	0	0	0	0	0.0654808380722414	0	0	0	0	0	0.0131420719563205	0	0	0.00148648139903277	0	0	0	0	0	0	0	0	0	0	0	0	0	0	0	0	0	0.0052707623660495	0	0.023886094600682	0	0	0	0	0	0	0	0.0194804640402157	0	0	0	0	0	0	0.1791346236134	0	0	0	0	0	0
0	0	0	0	0	0	0	0	0	0.141134085752648	0	0	0	0.202513776744917	0	0	0	0.0169364563893932	0.174012725530655	0	0	0	0	0.133293418186133	0	0	0	0	0	0	0	0	0	0	0	0.177463673258549	0	0	0	0	0	0	0	0	0.0138480606109269	0	0	0	0	0	0	0	0.00659957056070203	0	0	0	0	0	0	0	0	0.0253766697791723	0.00520636902649331	0.0388675370313518	0	0	0.0191809129627494	0	0	0.00818784175965052	0	0	0	0	0.00730919815148031	0	0	0	0	0.0265705494995361	0	0	0	0	0.0034991547556424	0
0.0164671003034946	0	0	0	0	0	0	0	0	0.0932289154216839	0	0	0	0.225139412845469	0	0	0	0	0.165897573758181	0	0	0.017816607290329	0.0309880878022756	0.118923701527022	0	0	0	0.00420463285167611	0	0	0	0	0	0	0	0.210574997438175	0	0	0	0	0	0	0	0	0.0423887864162062	0	0	0	0	0	0	0	0.00585547396418535	0	0	0	0.00543715243969398	0.00877259339174274	0	0	0	0	0	0	0	0	0	0	0	0	0.0516775859381953	0	0.000918006781608589	0	0.00170937183006167	0	0	0	0	0	0	0	0	0	0	0
0	0	0	0	0	0	0.00391221275098968	0	0	0.274263765944786	0	0	0	0.169768085580387	0	0	0	0	0.171440712689961	0	0	0	0	0.179403273470303	0.0132679374827032	0	0	0.00144816859166619	0	0	0	0	0	0	0	0.0862204070111574	0	0.0134218289851389	0	0	0	0.0107702966061052	0	0.0028841347295754	0	0	0	0	0	0	0	0	0.0199161047137316	0	0	0	0.0187737719459901	0	0	0	0	0.0345092994975063	0	0	0	0	0	0	0	0	0	0	0	0	0	0	0	0	0	0	0	0	0	0	0	0
0	0	0	0	0	0	0	0	0.0154101920893417	0.322160714520671	0	0	0.0454587046839811	0.108447855701943	0	0	0	0	0.175357852176991	0	0	0	0	0.124222178634059	0	0	0	0	0	0	0	0	0	0	0	0.193450451270964	0	0	0	0	0	0	0	0	0	0	0	0	0	0	0	0	0	0	0	0	0	0	0	0	0	0	0	0	0	0	0	0	0	0	0	0	0	0	0.0154920509220492	0	0	0	0	0	0	0	0	0	0	0
0	0.00260764497478808	0	0	0	0	0	0	0	0.247236677617939	0	0	0.00280467754469122	0.0958725319845281	0	0	0	0	0.187098403366083	0	0.0143720397863532	0	0.0274217870845039	0.080787874916012	0	0	0	0	0	0	0	0	0	0	0.0361542028055591	0.221562378072037	0	0	0	0	0	0	0	0	0	0	0	0	0	0	0	0	0	0	0.00605597205553659	0	0	0.00655864201027766	0	0	0	0	0.00048403118935823	0	0	0	0	0.0526807203457894	0	0	0.000828299265838333	0	0	0	0	0	0	0	0	0	0	0	0	0	0	0.017474116980705
0	0.00245373937266173	0	0	0	0	0	0	0.0250400450655485	0.142763163365103	0	0	0	0.246745405690192	0	0	0	0	0.162548914339026	0	0	0	0.0141091697591803	0.145816164356029	0	0	0	0	0	0	0	0	0	0	0	0.191011327283474	0	0	0	0	0.0016007128828316	0	0	0	0	0	0	0	0	0	0	0	0	0	0	0	0	0	0	0	0	0.0285173337619768	0	0	0	0	0	0.00138923722088807	0.0026331240340322	0	0	0	0	0	0	0	0.00361687624565278	0	0	0	0	0	0	0.0216763973412027	0	0.0100783892822025
0	0.00192336652177417	0	0	0	0	0	0	0	0.0970952626986262	0	0	0.00110171354689142	0.238419382466241	0	0	0	0	0.133622401009951	0.0048127433808405	0	0	0.0109346091035705	0.242577747560904	0	0	0	0	0	0	0	0	0	0	0	0.127911708680525	0	0	0	0.0108303140047857	0	0.0113721087080283	0	0	0	0	0	0	0	0	0	0	0	0	0	0	0	0	0	0	0	0	0	0	0	0	0.0415175755353941	0.0778810667824675	0	0	0	0	0	0	0	0	0	0	0	0	0	0	0	0	0	0
0	0	0	0	0	0	0	0.00854878631479092	0.0229973995789634	0.176324658380005	0	0	0.0326775538853709	0.201431392924605	0	0	0	0	0.151670882495336	0	0.0077117023612345	0	0.0898534706808421	0.170045911557203	0	0	0	0	0	0	0	0	0	0	0	0.10080971592025	0	0	0	0	0	0	0	0	0	0	0	0	0	0	0	0	0.00887524689209489	0	0	0	0.00427267843742627	0	0	0.0125282164192289	0	0.0122523841526482	0	0	0	0	0	0	0	0	0	0	0	0	0	0	0	0	0	0	0	0	0	0	0	0
0.00646453532721636	0.00539939992989093	0	0	0	0	0	0	0	0.134784882979952	0	0	0	0.201858806226234	0	0	0	0	0.175529188515028	0	0	0	0.0231496508042395	0.190121473091886	0	0.00124849608736571	0	0.00997749587385912	0	0	0	0	0	0	0	0.147827648910756	0	0	0	0	0	0	0	0	0	0	0	0	0	0	0	0	0	0	0	0	0	0.0216288995721816	0	0	0	0	0	0	0	0	0	0.0401695179300005	0	0.0118533308235019	0.0240013403999005	0	0	0	0	0	0	0	0	0	0	0	0	0.00406264768397247	0	0.00192268584401524
0.0120884038503256	0	0	0	0	0	0	0	0.000983431926720521	0.267624692157015	0	0	0.00588577575743266	0.197755647422349	0	0	0	0	0.125986797200053	0	0.00263450401525641	0	0.00436659910262449	0.144729237850521	0	0	0	0	0	0	0	0	0	0	0	0.153965680537678	0	0	0	0	0	0	0	0	0	0	0	0	0	0	0	0	0	0	0	0	0	0	0	0	0	0	0	0	0	0.0470757367863119	0	0	0.0108151468146875	0	0.0161926631329981	0	0	0	0	0	0.00989568344602663	0	0	0	0	0	0	0	0	0
0.00131749824367086	0.0198498786898825	0	0	0	0	0	0	0	0.0726190159792169	0	0	0	0.137690555259331	0	0	0.0362913407887317	0	0.166001087679752	0	0	0	0	0.188664388107828	0	0	0	0	0	0	0	0	0	0	0	0.0472484079787704	0	0	0	0	0.00428118330683306	0	0	0	0	0	0	0	0	0	0	0	0	0	0	0	0	0.000829704047805834	0	0	0	0.0432151161747726	0	0	0	0	0.0266144837335755	0.157788331195985	0	0	0	0.00356317715364714	0	0.00133742131973089	0	0	0	0	0	0.0926884103404664	0	0	0	0	0	0
0	0	0	0	0	0	0	0	0.00595927110158815	0.183001566179921	0	0	0.0240213385312491	0.110662993519235	0	0	0	0	0.235642989346874	0.0126841701815863	0.0140284390336098	0	0	0.134791570399122	0	0	0	0	0	0	0	0	0	0	0	0.24258844598468	0	0	0	0	0	0.027744962079564	0	0	0	0	0	0	0	0	0	0	0	0	0	0	0	0	0	0	0	0	0	0	0	0	0	0	0	0	0.00887425364257041	0	0	0	0	0	0	0	0	0	0	0	0	0	0	0
0	0	0	0	0	0	0.000220805175623371	0	0	0.225192695003245	0	0	0.0455394082661581	0.0984159426787238	0	0	0	0	0.141215415161496	0	0	0	0.0528569911988471	0.0667444040592544	0	0	0	0.0409655614803774	0	0	0	0	0	0	0	0.237390026867533	0	0	0	0	0	0	0	0	0	0	0	0	0	0	0	0	0	0	0	0	0	0	0	0	0	0	0	0	0	0	0.0294073591269757	0	0	0	0	0	0	0	0.0620513909817666	0	0	0	0	0	0	0	0	0	0	0
0.00232160959779315	0.00185257230136542	0	0	0	0	0	0	0	0.216481959793508	0	0	0	0.119788405209574	0	0	0	0	0.152986950517077	0	0	0	0	0.174838635410285	0	0	0	0	0	0	0	0	0	0	0	0.219564781386536	0	0	0	0.00358195443673284	0	0.00626396486031792	0	0	0	0	0	0	0	0	0	0	0.00118634429020737	0	0	0	0.00137489595049225	0	0	0	0	0	0	0	0	0	0	0.0826823950973303	0.0108225861368344	0.00625294501194566	0	0	0	0	0	0	0	0	0	0	0	0	0	0	0	0
0	0	0	0	0	0	0.0232704536473737	0	0	0.175938177355317	0	0	0	0.172307231714008	0	0	0	0	0.191636921866302	0	0	0	0	0.17097460204784	0	0	0	0	0	0	0	0	0	0	0	0.260067470244459	0	0	0	0	0	0	0	0	0	0	0	0	0	0	0	0	0	0	0	0	0	0	0	0	0	0	0	0.00160553285340411	0.00110635641189933	0	0	0	0	0	0	0	0	0	0	0	0	0	0	0	0	0	0	0	0.00309325385939563	0
0	0	0	0	0	0	0.0731394326123452	0.0150781475681737	0	0.0583025672742938	0	0	0	0.132838037530956	0	0	0	0	0.157424398125595	0	0	0	0.045596636641763	0.158462805849371	0	0	0	0.0168473911719317	0.0126519070049686	0	0	0	0	0	0	0.231979578738782	0	0	0	0	0	0	0	0	0	0	0	0	0	0	0	0	0	0	0.0477892373522293	0.00417390745299834	0	0	0	0	0	0.0402200069219403	0.0054959457546516	0	0	0	0	0	0	0	0	0	0	0	0	0	0	0	0	0	0	0	0	0	0	0
0	0	0	0	0	0	0.0271830899592119	0	0	0.203089350231352	0	0	0.0149159266550705	0.189909110135308	0	0	0.00491077103113339	0	0.0782280524606464	0	0	0	0.0308765644363163	0.152015694896111	0	0	0	0.0157045465315612	0	0	0	0	0	0	0	0.167071425342237	0	0	0	0	0	0	0	0	0	0	0	0	0	0	0	0	0	0	0	0	0	0	0	0.00479660355169327	0	0	0	0	0	0	0	0.0456115046866974	0	0	0	0	0	0	0	0	0	0	0	0.0656873600826618	0	0	0	0	0	0
0	0	0	0	0	0	0	0	0	0.0473231555609254	0	0	0.00551339652730402	0.174597130290453	0	0	0	0	0.11283011303486	0.00588096762489755	0	0	0.04180984365662	0.291887268472117	0	0	0	0.0551790145659875	0	0	0	0	0	0	0	0.152494186109397	0	0	0	0	0	0	0	0	0	0.0134204772982294	0	0	0	0	0	0	0	0	0.00501712666945347	0	0	0	0	0	0	0	0	0	0	0.0541081935195279	0.0270793696317355	0	0	0	0	0	0.00339831088883879	0.000620514601528804	0.00884093154812396	0	0	0	0	0	0	0	0	0	0	0
0	0.0237546522448325	0	0	0	0	0.0096422605840443	0	0.0933289228515454	0.101678685143115	0	0	0	0.165692753666319	0	0	0	0	0.112378510470174	0	0	0	0	0.40564915865638	0	0	0.00575743644732593	0	0	0	0	0	0	0	0	0	0	0	0	0	0	0.00490442313216645	0	0	0	0	0	0	0	0	0	0	0	0	0	0	0	0	0	0	0	0.058885904698068	0	0	0	0	0	0	0	0	0.01832729210603	0	0	0	0	0	0	0	0	0	0	0	0	0	0	0
0	0.00840712504627399	0	0	0	0	0	0	0	0.117907225607684	0	0	0.000908929951988864	0.196410755809492	0	0	0	0	0.0830068479787041	0	0	0	0	0.214353899662209	0	0	0	0	0	0	0	0	0	0	0	0.159009382632284	0	0	0	0	0	0.0175933120326341	0	0	0	0	0	0	0	0	0	0	0	0	0	0	0	0.000556623251259285	0	0	0	0.0473602792363373	0	0	0.0059652754169345	0	0	0.148520343374199	0	0	0	0	0	0	0	0	0	0	0	0	0	0	0	0	0	0
0.0117273630653143	0	0	0	0	0	0.00716287880289507	0	0.0801851577695131	0.068072289699905	0	0	0	0.237050928580819	0	0	0	0	0.216520486265918	0	0.00497704533577148	0	0	0.12589659532526	0	0	0	0	0	0	0	0	0	0	0	0.173343851868792	0	0	0	0	0	0	0	0	0	0	0	0	0	0	0	0	0	0	0	0	0	0	0	0	0	0.00183920691594529	0	0	0	0	0	0	0	0	0	0	0	0	0	0	0	0	0	0	0	0	0	0	0	0.0732241963698659
0	0	0	0	0	0	0	0	0	0.201886553875486	0	0	0	0.238803910472599	0	0	0	0	0.146056874589823	0	0	0	0	0.293007775400474	0	0	0	0	0	0	0	0	0	0	0	0.0870386040247265	0	0	0	0	0	0.018710409857543	0	0	0	0	0	0	0	0	0	0	0	0	0	0	0	0	0	0	0	0	0	0	0	0	0	0	0.00950045289234759	0	0	0	0	0	0.00499541888700104	0	0	0	0	0	0	0	0	0	0	0
0	0	0	0	0	0	0	0	0	0.204202796679217	0	0	0	0.263635921013695	0	0	0	0	0.174002841666305	0	0.00544921690449885	0	0	0.15570958737561	0	0	0.0364245752700929	0	0	0	0	0	0	0	0	0.154324563774934	0	0	0	0	0	0	0	0	0	0	0	0	0	0	0	0	0.00625049731564802	0	0	0	0	0	0	0	0	0	0	0	0	0	0	0	0	0	0	0	0	0	0	0	0	0	0	0	0	0	0	0	0	0
0	0	0	0	0	0	0.0046768127028711	0	0	0.169030428927067	0	0	0	0.316966661534239	0	0	0	0	0.19958196509306	0	0	0	0	0.143128812291221	0	0	0	0	0	0	0	0	0	0	0.01157119274212	0.131295921758568	0	0	0	0	0	0	0	0	0	0	0	0	0	0	0	0	0	0	0	0	0	0	0	0	0	0.0237482049508538	0	0	0	0	0	0	0	0	0	0	0	0	0	0	0	0	0	0	0	0	0	0	0	0
0	0	0	0	0	0	0	0	0	0.273440385344647	0	0	0	0.215085731358912	0	0	0	0	0.156383029681494	0	0	0	0	0.182657719230805	0	0	0	0	0	0	0	0	0	0	0	0.15143536298735	0	0	0	0	0.0209977713967912	0	0	0	0	0	0	0	0	0	0	0	0	0	0	0	0	0	0	0	0	0	0	0	0	0	0	0	0	0	0	0	0	0	0	0	0	0	0	0	0	0	0	0	0	0
0	0	0	0	0	0	0.0156752863875704	0	0	0.182365744293993	0	0	0.017293158639136	0.162974109016876	0	0	0	0	0.223752152238125	0	0	0.00379145361799922	0	0.137905991804311	0	0	0	0	0	0	0	0	0	0	0	0.248704757079563	0	0	0	0	0	0	0	0	0	0.00192849366407894	0	0	0	0	0	0	0	0	0	0	0	0	0	0	0	0	0.00560885325834752	0	0	0	0	0	0	0	0	0	0	0	0	0	0	0	0	0	0	0	0	0	0	0
0	0	0	0	0	0	0.00860874189952107	0.011623331364842	0	0.164869193624576	0	0	0	0.102379499233557	0	0	0.00188738538011256	0	0.234814607976335	0	0	0	0.0170317977342776	0.225602902745995	0	0	0	0	0	0	0	0	0	0	0	0.136860950611335	0	0.00908551520393191	0	0	0	0.011636734592494	0	0	0	0	0	0	0	0	0	0	0	0	0	0	0.0164274749177666	0	0	0	0	0.024748839005831	0	0.0261206917517196	0	0	0	0	0	0	0	0	0	0	0	0	0.00830233395770652	0	0	0	0	0	0	0	0	0
0	0	0	0	0	0	0.0217177380712467	0.00366794092987866	0	0.114543601838925	0	0	0.0473613271340712	0.231959527934299	0	0	0	0	0.130032123421494	0	0	0	0	0.212101130423681	0	0	0	0	0	0	0	0	0	0	0	0.148891222465476	0	0	0	0	0	0.0353862634791378	0	0	0	0	0	0	0	0	0	0	0	0	0	0	0	0	0	0	0	0	0	0.00514748769248774	0.00143793923312485	0	0	0	0	0	0	0	0	0	0	0	0	0	0	0.0477536973761789	0	0	0	0	0	0
0	0	0	0	0	0	0	0	0.0222100378827555	0.137643291288244	0	0	0.0219229483282171	0.25006639145631	0	0	0	0	0.233692063799494	0	0	0	0	0.113561770891767	0	0	0.0101747040856777	0.0066856642123446	0	0	3.43972877469078e-05	0	0	0	0	0.139285189122542	0	0	0	0	0.000976534679427434	4.62798942551626e-05	0	0	0	0.00434526140282423	0	0	0	0	0	0.00512615586106582	0.0321183749214324	0	0	0	0.011048987934885	0.00496541699939413	0	0	0	0.00609652995161695	0	0	0	0	0	0	0	0	0	0	0	0	0	0	0	0	0	0	0	0	0	0	0	0
0	0	0	0	0	0	0	0	0	0.163370500828734	0	0	0	0.133738993149873	0	0	0	0.0197012701815504	0.110956468682878	0	0	0	0.0261238411345361	0.246951071148284	0	0	0	0	0	0	0	0	0	0	0	0.0891109585275751	0	0	0	0	0	0	0	0	0	0.00270457383492743	0	0	0	0	0	0	0	0	0	0	0	0	0	0	0	0.0349555357037774	0	0	0	0.0319745511612224	0	0	0	0	0	0	0	0	0	0	0	0	0	0.140412235646641	0	0	0	0	0	0
0.0064974608539868	0	0	0	0	0	0	0	0	0.125652799782034	0	0	0	0.208548455987904	0	0	0	0	0.202915557717443	0	0.00499600707315192	0	0	0.15892181470056	0	0	0	0	0	0	0	0	0	0	0.00930399388461927	0.139092651701853	0	0	0	0	0.0423966948411399	0.00268954548142747	0	0	0	0	0	0	0	0	0	0	0	0	0	0	0	0	0	0	0	0.0266574031951422	0.00631051725008506	0	0	0	0	0	0	0	0	0	0.00898522641238706	0.0101870432721844	0.0199433445546192	0	0.00831599153260711	0	0	0	0	0	0	0.0185854917588567	0	0
0.00754169363645066	0	0	0	0	0	0	0	0	0.192737499636104	0	0	0.00048948989776026	0.279408566432843	0	0	0	0	0.139104526573189	0.00675866499732888	0	0	0	0.130542066152106	0	0	0	0	0	0	0	0	0	0	0	0.112271506913151	0	0	0	0	0.00513295156862808	0	0	0	0	0	0	0	0	0	0	0	0.0448206656895843	0	0	0	0	0.00679323988129945	0	0	0	0.0268488012477436	0	0.00525082395048074	0	0	0	0	0	0	0.042299503423331	0	0	0	0	0	0	0	0	0	0	0	0	0	0	0
0	0	0	0	0	0	0	0	0	0.142623361011486	0	0	0	0.160806078802637	0	0	0	0.00690075793013563	0.136445899083786	0	0.00755387422961084	0	0	0.180216956644295	0	0	0	0.00891537312740861	0	0	0	0	0	0	0	0.272316804126887	0	0	0	0	0	0	0	0	0	0	0	0	0	0	0.0545864254254036	0	0	0	0	0	0	0.00740754239780357	0	0	0	0	0.0092133458949883	0	0.000758198857551822	0	0	0	0	0.00590960331822449	0	0	0	0	0	0	0	0	0	0.00634577914978266	0	0	0	0	0	0
0	0	0	0	0	0	0.00148398427966776	0.00443785155363898	0.0154515611730204	0.145171737047167	0	0	0.0466452023084636	0.144231180539391	0	0	0	0	0.101543467715471	0	0	0	0.0414580431989969	0.113501759121363	0	0	0	0	0	0	0	0	0	0	0	0.293082630443274	0	0	0	0	0	0	0	0	0	0.0020515692680764	0	0	0	0	0	0	0	0	0	0	0.031253145648105	0	0.000108641382824585	0	0	0.00660230128439995	0	0	0	0	0	0.0223918880724418	0	0	0	0	0.0305850369636987	0	0	0	0	0	0	0	0	0	0	0	0	0
0	0.00848824357089274	0	0	0	0	0	0	0	0.237742726740457	0	0	0	0.115884104848316	0	0	0	0	0.196002755470899	0	0	0	0	0.129508444208732	0	0	0	0.0118644751708099	0	0	0	0	0	0	0	0.228127236001395	0	0	0	0	0	0	0	0	0	0	0	0	0	0	0	0	0	0	0	0	0	0	0	0	0	0	0	0	0	0	0	0.0661679111043306	0	0.00621410288416754	0	0	0	0	0	0	0	0	0	0	0	0	0	0	0	0
0	0.0130243472692011	0	0	0	0	0	0	0	0.0834770699297626	0.0120404933302625	0	0	0.218582743678974	0	0	0	0	0.199691443583324	0	0	0	0.023650275852157	0.198316379711578	0	0	0	0.00485766345974331	0	0	0	0	0	0	0	0.187767596358377	0	0	0	0	0.00690565065188244	0	0	0	0	0	0	0	0	0	0	0	0	0	0	0	0	0	0	0	0	0.0129511457928818	0	0	0	0	0	0	0	0	0.0187862595272314	0	0	0	0	0	0	0	0	0	0	0	0	0	0	0.0199489308546254
0.0194201456752849	0	0	0	0	0	0	0	0	0.137443563763649	0	0	0.00248243956656148	0.159930812298629	0	0	0	0	0.18823683139673	0.00762033597377876	0	0	0.00314409140011864	0.275287256561058	0	0	0	0	0	0	0	0	0	0	0	0.115860617577827	0	0	0	0.00490686436462715	0	0	0	0	0	0	0	0	0	0	0	0	0	0	0	0	0	0.00683242997665213	0	0	0	0	0	0	0	0	0.0365660850546345	0	0	0	0.0422685263904489	0	0	0	0	0	0	0	0	0	0	0	0	0	0	0
0.0046729737488271	0	0	0	0	0	0	0	0	0.153671714233067	0	0	0	0.15837056681256	0	0	0	0	0.290160305843924	0	0	0	0	0.0974513868715818	0	0	0	0	0	0	0	0	0	0	0	0.167535941905926	0	0	0	0	0.00334605922130503	0	0	0	0.0241183630761611	0	0	0	0	0	0	0	0.0332477645931188	0	0	0	0.0247508993432585	0.00323530205338805	0	0	0	0	0.0128912057745633	0	0	0	0	0	0	0	0	0	0	0	0	0	0	0	0	0	0	0	0	0.0265475165223196	0	0
0	0	0	0	0	0	0	0	0	0.190380411930918	0	0	0	0.240855558886353	0	0	0	0	0.146812063911022	0	0	0	0.00658745372702496	0.172855496452614	0	0	0	0.000404245355642252	0	0	0	0	0	0	0	0.114082369122535	0	0	0	0	0.0182030855164249	0	0	0	0	0	0	0	0	0	0	0	0	0	0	0	0.0379310179115637	0	0	0.00802847145143501	0	0	0	0	0	0	0	0.00162955622288016	0	0.0221122345614309	0	0	0.0401180349501565	0	0	0	0	0	0	0	0	0	0	0	0	0
0	0	0	0	0	0	0	0	0	0.21663216994603	0	0	0	0.223582200765134	0	0	0	0	0.107794732063569	0	0	0	0	0.204877307533229	0	0	0	0.00203722091127821	0	0	0	0	0	0	0	0.191307976159077	0	0	0	0	0	0	0	0	0	0	0	0	0	0	0	0	0	0	0	0	0.0198739645158883	0	0	0.0134852393080427	0	0	0.00397669973461406	0	0	0	0	0	0	0	0.0121806787438032	0	0.00425181031933477	0	0	0	0	0	0	0	0	0	0	0	0	0
0.00518078254381775	0	0	0	0	0	0	0	0	0.175051565621538	0	0	0	0.117586800669671	0	0	0	0	0.220743822036798	0	0.000476663178548026	0	0.0328682265165546	0.0606622917988837	0	0	0	0	0	0	0	0	0	0	0	0.246200256636927	0	0	0	0	0	0	0.0318435324528397	0	0	0	0.0218477537275257	0	0	0	0	0	0.0228097401094208	0	0	0	0	0	0	0	0	0	0	0.0273285632945021	0	0	0	0	0	0.00700612729472343	0	0	0	0	0.0138416387402456	0	0.0165522353780048	0	0	0	0	0	0	0	0	0
0	0.0162440889678036	0	0	0	0	0	0	0	0.175524810609587	0	0	0	0.187483143984408	0	0	0	0	0.0723688882405995	0	0	0	0	0.0618861258694608	0	0	0	0	0	0	0	0	0	0	0	0.24790553512918	0	0	0	0	0.0436333473197536	0	0	0	0	0	0	0	0	0	0	0	0.0155319487932463	0	0	0	0.0680120698809836	0	0	0	0	0.0180502523270117	0	0	0	0	0	0	0	0	0.0262204221299719	0	0	0	0	0	0	0	0	0.0671393667479937	0	0	0	0	0	0
0.00512831129429398	0	0	0	0	0	0	0	0.0248672727643028	0.0949003350710114	0	0	0	0.249982515343127	0	0	0	0	0.206521604792661	0	0	0	0.0271985227731896	0.114220851773702	0	0	0	0	0	0	0	0	0	0	0	0.247523083480844	0	0	0	0	0.00219000440126011	0.0208231173476306	0	0	0	0	0	0	0	0	0	0	0	0	0	0	0	0	0	0	0	0	0	0	0	0	0	0	0	0	0	0	0	0	0.00664438095797829	0	0	0	0	0	0	0	0	0	0	0
0	0	0	0	0	0	0	0	0	0.12072055512917	0	0	0	0.190840000739354	0	0	0	0	0.237140142012366	0	0	0	0.0200951760539762	0.269595457298813	0	0	0	0.0253952142040371	0	0	0	0	0	0	0.00144087733906871	0.0854763277015216	0	0	0	0	0	0.000632569409433282	0	0	0	0	0	0	0	0	0	0	0	0	0	0	0	0	0	0	0	0	0	0	0	0	0	0	0	0.0325046943284528	0.000316849570971926	0	0	0	0	0	0	0	0	0	0	0	0	3.19211400224742e-05	0	0.0158102150728128
0	0.000885701023745821	0	0	0	0	0	0	0	0.192797407319626	0	0	0	0.192055820772307	0	0	0.000189326178095272	0	0.2024910831494	0	0.002365010794056	0	0	0.0859107119589112	0	0	0	0	0	0	0	0	0	0	0	0.218676784593804	0	0	0	0	0	0	0	0	0	0	0	0	0	0	0	0	0	0	0	0	0.0532508150260447	0	0	0	0	0.0123988376627336	0	0	0	0	0.0252142689612945	0.0096389624135337	0	0	0.004125270146448	0	0	0	0	0	0	0	0	0	0	0	0	0	0	0
0	0.00879431879202793	0	0	0	0	0	0	0	0.106771338817592	0	0	0.037595667266765	0.134071193573702	0	0	0.0269427755105103	0	0.182471890844499	0	0	0	0	0.180072652503402	0	0	0	0	0	0	0	0	0	0	0	0.0843720041223779	0	0	0	0	0.0549048693910709	0	0	0	0.0423470024072804	0	0	0	0	0	0	0	0	0	0	0	0.0223785300502122	0	0	0	0	0	0	0	0	0	0	0.107970447314054	0	0	0.0113073094065068	0	0	0	0	0	0	0	0	0	0	0	0	0	0	0
0	0.000225853590172013	0	0	0	0	0	0.0066815139972597	0.00237468779417958	0.0920857035267653	0	0	0	0.211559916249966	0	0	0	0	0.168192981676766	0	0	0	0	0.0768056698063986	0	0	0.00421722863332132	0.0112930094178264	0	0	0	0	0	0	0	0.301092065833051	0	0	0	0	0	0	0	0	0	0	0	0	0	0	0	0	0	0	0	0	0	0	0	0	0	0.00819197268138983	0	0	0	0	0.0514956790944028	0	0	0	0	0	0.0392140843298172	0	0	0	0	0	0	0.0265696333686836	0	0	0	0	0	0
0	0.00370592245881961	0	0	0	0	0	0	0.0171327392177922	0.0670605249551016	0	0	0	0.202417957990478	0	0.0156653608590523	0	0	0.207763293686375	0	0	0	0	0.154095441215219	0	0	0	0	0	0	0	0	0	0	0	0.176258711111002	0	0	0	0	0.00489594243428129	0	0	0	0	0	0	0	0	0	0	0	0	0	0	0	0	0	0	0	0	0.0568779130362449	0	0	0	0	0	0.0668589891723814	0	0	0.0163411806287142	0	0	0	0	0	0.0109260232345386	0	0	0	0	0	0	0	0	0
0	0.00875890323949149	0	0	0	0	0	0.00341140446361034	0	0.0723520152543774	0	0	0	0.213859114983856	0	0	0	0	0.167351979919996	0	0.0154392627721739	0	0	0.178903283523875	0	0	0	0	0	0	0	0	0	0	0	0.148568318492691	0	0	0	0	0	0.00926840924654844	0	0	0	0	0	0	0	0	0	0	0	0	0	0	0	0	0	0	0	0	0	0	0	0	0	0.18208730810338	0	0	0	0	0	0	0	0	0	0	0	0	0	0	0	0	0	0
0	0	0	0	0	0	0	0	0	0.270604450411329	0	0	0.013521489155778	0.140124663301336	0	0	0	0	0.172050969433875	0.00404601631275316	0	0	0	0.26902479081526	0	0	0	0	0	0	0	0	0	0	0	0.0961056633710984	0	0	0	0	0	0	0	0	0	0	0	0	0	0	0	0	0	0	0	0	0	0	0	0.0121533658541617	0	0	0	0	0.022368591344409	0	0	0	0	0	0	0	0	0	0	0	0	0	0	0	0	0	0	0	0	0
0	0.00565906087486271	0	0	0	0	0	0	0.0144999841245619	0.11523666649664	0	0	0.0165223277019654	0.213737756199197	0	0	0	0	0.124091599276069	0	0	0	0.0102542490371771	0.084904363094194	0	0	0	0	0	0	0	0	0	0	0	0.271890937214613	0	0	0	0	0	0	0	0	0	0	0	0	0	0	0	0	0.00413614378723959	0	0	0.00229916741189202	0	0	0	0	0	0	0	0	0	0	0	0.0756030616253722	0.0120819453094345	0	0	0	0.0119662372998578	0	0.0371165005469237	0	0	0	0	0	0	0	0	0	0	0
0	0	0	0	0	0	0.00679688088524647	0.0109658014292977	0	0.138112827851836	0	0	0.00930776526289664	0.155112857557202	0	0	0	0	0.290210944179559	0	0	0.00173326177511752	0	0.133459868783479	0	0	0	0.00283928548949317	0	0	0	0	0	0	0	0.233014557306026	0	0	0	0	0	0	0	0.000993810312493855	0	0	0	0	0	0	0	0	0	0	0	0	0	0.00808288536697991	0	0	0	0	0	0	0	0	0	0	0	0	0	0	0.0080164588106577	0	0	0	0	0.00135279498971449	0	0	0	0	0	0	0	0
0	0	0	0	0	0	0	0	0	0.181948879675382	0	0	0	0.115743928380988	0	0	0	0	0.191476699201967	0	0	0	0	0.140924013171842	0	0	0	0.0157301959683891	0	0	0	0	0	0	0	0.12907983755054	0	0	0	0.0799585551464338	0	0	0	0	0	0	0	0	0	0	0	0	0	0	0	0	0	0	0	0	0	0.000407493691590691	0	0	0	0	0	0	0	0	0	0	0	0	0.0640544500730932	0	0	0	0	0.0806759471397738	0	0	0	0	0	0
0	0	0	0	0	0	0	0	0.0148604134195497	0.0952304665752469	0	0	0.00808106234561014	0.137687561377165	0	0	0	0	0.241175479170928	0.0155541135634482	0	0	0.00178412175482507	0.204881403690356	0	0	0	0	0	0	0	0	0	0	0	0.204424715055115	0	0	0	0	0	0.000925321606029895	0	0	0.0108504025403697	0	0.0513765880551609	0	0	0	0	0.0121276145197132	0	0	0	0	0	0	0	0	0	0	0	0	0	0	0	0	0	0	0	0	0	0	0	0	0	0	0	0	0	0	0	0	0	0.00104073632648214
0.0111160157338289	0	0	0	0	0	0	0	0	0.125097651419781	0	0	0.00117212399625641	0.281081253853847	0	0	0	0	0.130024750019747	0	0	0	0.0178699308433734	0.198863502678069	0	0	0	0	0	0	0	0	0	0	0	0.201941022213625	0	0	0.00302099244561778	0	0	0	0	0	0	0	0	0	0	0	0	0	0	0	0	0	0	0	0	0	0	0	0	0	0	0.025334059739245	0	0	0	0	0	0	0	0	0	0	0	0	0	0	0	0	0	0.00447869705660981	0	0
0	0	0	0	0	0	0	0	0	0.108886893025326	0	0	0	0.194023202245529	0	0	0	0	0.232037478900799	0	0	0	0.0115810004941284	0.141535430174998	0	0	0	0.0464980702813253	0	0	0	0	0	0	0	0.168805311717324	0	0	0	0	0.0479496917616942	0.0272148713133607	0	0	0	0	0	0	0	0	0	0	0	0	0	0	0	0	0	0	0	0	0	0.00251779407857903	0	0	0	0	0	0	0	0	0.0189502560069353	0	0	0	0	0	0	0	0	0	0	0	0	0
0	0	0	0	0	0.017922413074718	0.0272049209624051	0	0.00258801572361305	0.120413427964311	0	0	0	0.192527374249725	0	0	0	0	0.143131134472893	0	0	0	0	0.262508724227788	0	0	0	0	0	0	0	0	0	0	0	0.0341888009233402	0	0	0	0	0	0	0	0	0	0	0	0	0	0	0	0	0	0	0	0	0	0	0	0	0	0.00649809198709342	0	0	0.00461637305002806	0	0	0	0.00741347377556676	0	0.0130617804012963	0	0	0	0	0	0	0	0	0.167925469187222	0	0	0	0	0	0
0	0.0112710286874488	0	0	0	0	0.00997674344043806	0	0	0.133244561105125	0	0	0	0.103411850431822	0	0	0.0033392256914751	0	0.147644180584589	0	0	0	0.00924301977656493	0.0812415859130071	0	0	0	0	0	0	0	0	0	0	0	0.288225699525647	0	0	0	0	0.0167398494664196	0	0	0	0	0	0	0	0	0	0	0	0	0	0	0	0.0112051958803363	0	0	0	0	0.0580573539937341	0	0	0	0	0	0	0	0	0	0	0	0	0	0	0	0	0	0.126399705503394	0	0	0	0	0	0
0	0	0	0	0	0	0	0	0	0.158466736469614	0	0	0	0.151315122987261	0	0	0	0	0.187342301220394	0	0	0	0	0.153849758813136	0	0	0	0	0	0	0	0	0	0	0.0142868033000733	0.187856076645702	0	0	0	0.0337336505187741	0	0	0	0	0	0.0157254645330979	0	0	0	0	0	0	0	0	0	0	0	0	0	0.0159189711788574	0	0	0	0	0	0	0	0	0	0	0	0	0.0399023953950902	0.0391396482169267	0	0	0	0	0	0	0	0	0	0.00246307072107319	0	0
0	0	0	0	0	0	0	0	0	0.06941348301435	0	0	0.0163040856856344	0.120569476431273	0	0	0	0.0128801908771785	0.188966311096493	0	0	0	0	0.134684358433014	0	0	0	0.042666268129851	0	0	0	0	0	0	0	0.228237392764854	0	0	0	0	0	0	0	0	0	0	0	0	0	0	0	0	0	0	0	0	0	0	0	0	0	0	0.0117886189593344	0.000876873628462538	0	0	0	0	0	0	0.0259560645150681	0	0	0	0	0	0	0	0	0.147656876464487	0	0	0	0	0	0
0	0.00641487542488254	0	0	0	0	0	0.00551348351565221	0	0.144526887455614	0	0	0	0.127422856766345	0	0	0.0296013224583004	0	0.197767088473376	0	0.0202093272339354	0	0.00884209319085269	0.167335444658401	0	0	0	0.0078257987960008	0	0	0	0	0	0	0	0.199608760751293	0	0	0	0	0	0	0	0	0	0	0	0	0	0	0	0	0	0	0	0	0	0	0	0.0383466350102195	0	0	0	0.000787172027830057	0	0	0	0.0457982542372972	0	0	0	0	0	0	0	0	0	0	0	0	0	0	0	0	0	0
0.00828633623508913	0	0	0	0	0	0	0	0	0.335866939047725	0	0	0	0.125128237644875	0	0	0	0	0.150281119535633	0	0	0	0	0.0756115910409619	0	0	0	0.00256584431152716	0	0	0	0	0	0	0	0.284818530687812	0	0	0	0	0	0	0	0	0	0	0	0	0	0	0	0.000426946585879226	0	0	0	0	0	0	0	0	0	0	0	0	0	0	0	0	0	0	0.0119156098279297	0	0.00509884508256765	0	0	0	0	0	0	0	0	0	0	0	0	0
0	0.0129732825235647	0	0	0	0	0	0	0.00523865426483117	0.151561063926585	0	0	0	0.213907371246029	0	0	0	0	0.177479084949271	0	0	0.00634798879825772	0.00254171888904519	0.128265300972489	0	0	0	0	0	0	0	0	0	0	0	0.200202450641618	0	0	0	0	0.00477695622201245	0	0	0	0	0	0	0	0	0	0	0	0.00143122616261717	0	0	0.00697895079110632	0	0	0	0.0121320623554973	0	0.0258222303591799	0	0	0	0	0	0	0	0	0	0	0	0	0.0503416578978969	0	0	0	0	0	0	0	0	0	0	0
0	0.002953317795883	0	0	0	0	0	0	0	0.107578675145368	0	0.0535330625655996	0	0.228243497359126	0	0	0	0	0.234199174730077	0	0.0074073661254193	0	0	0.203352025550781	0	0	0	0	0	0	0	0	0	0	0	0.0715569629972071	0	0	0	0	0	0.000386411603635816	0	0	0	0	0	0	0	0	0	0	0	0	0	0	0	0	0	0	0	0	0.0457949691492705	0	0.00803719727473919	0	0.034688682409352	0	0	0	0	0.00226865729353984	0	0	0	0	0	0	0	0	0	0	0	0	0	0
0	0	0	0	0	0	0	0	0.0158166332804219	0.270239645785096	0	0	0.0256960338250346	0.105693376156904	0	0	0	0	0.168934817762368	0	0	0	0.0224469294990965	0.169094591468569	0	0	0	0	0	0	0	0	0	0	0	0.120182925500708	0	0	0	0	0	0.0256858724389225	0	0	0	0	0	0	0	0	0	0	0	0	0	0	0	0	0	0	0	0	0.00422754722312935	0.0300618884100647	0	0	0	0	0	0	0.0385164765530671	0	0	0	0.00340326209661795	0	0	0	0	0	0	0	0	0	0	0
0	0	0	0	0	0	0	0	0	0.136214398201466	0	0	0	0.107182247275616	0	0	0	0	0.146681303511335	0	0	0	0	0.257836223829824	0	0	0.036742594081669	0.0113496473063744	0	0	0	0	0	0	0	0.137247818226464	0	0	0	0	0	0.0257254702739854	0	0	0	0	0	0	0	0	0	0	0	0	0.00581975559419438	0	0	0.00908323270249138	0	0	0	0	0	0	0	0	0.068790048028976	0	0	0	0	0	0.00245969129147191	0.00790355770434003	0	0	0	0	0	0	0	0	0	0.0373645702549905	0.00959944171680145	0
0	0.0422712669708943	0	0	0	0	0	0	0	0.0853079508325431	0	0	0	0.238430700947619	0	0	0	0	0.181466589138443	0	0	0	0.00427675116679139	0.123186987758473	0	0	0	0	0	0	0	0	0	0	0	0.0895113928769229	0	0	0	0	0	0.0571218694194729	0	0	0	0	0	0	0	0	0	0	0	0	0	0	0	0	0	0	0	0	0	0	0.00298742524070111	0	0.0153505383558405	0	0	0	0	0	0.0269910456582973	0	0.133097481634001	0	0	0	0	0	0	0	0	0	0	0
