"SBS1"	"SBS2"	"SBS3"	"SBS4"	"SBS5"	"SBS6"	"SBS7a"	"SBS7b"	"SBS7c"	"SBS7d"	"SBS8"	"SBS9"	"SBS10a"	"SBS10b"	"SBS10c"	"SBS10d"	"SBS11"	"SBS12"	"SBS13"	"SBS14"	"SBS15"	"SBS16"	"SBS17a"	"SBS17b"	"SBS18"	"SBS19"	"SBS20"	"SBS21"	"SBS22a"	"SBS22b"	"SBS23"	"SBS24"	"SBS25"	"SBS26"	"SBS27"	"SBS28"	"SBS29"	"SBS30"	"SBS31"	"SBS32"	"SBS33"	"SBS34"	"SBS35"	"SBS36"	"SBS37"	"SBS38"	"SBS39"	"SBS40a"	"SBS40b"	"SBS40c"	"SBS41"	"SBS42"	"SBS43"	"SBS44"	"SBS45"	"SBS46"	"SBS47"	"SBS48"	"SBS49"	"SBS50"	"SBS51"	"SBS52"	"SBS53"	"SBS54"	"SBS55"	"SBS56"	"SBS57"	"SBS58"	"SBS59"	"SBS60"	"SBS84"	"SBS85"	"SBS86"	"SBS87"	"SBS88"	"SBS89"	"SBS90"	"SBS91"	"SBS92"	"SBS93"	"SBS94"	"SBS95"	"SBS96"	"SBS97"	"SBS98"	"SBS99"
0	0	0	0	0	0	0	0	0.0101231926980695	0.129334163184307	0	2.43591713415642e-08	0.0198032739011015	0.18875013405128	0	0	0	0.0141983452175205	0.177794501421111	0	0	0	0	0.206177712863578	0	0	0	0	0	0	0	0	0	0	0	0.212904166536784	0	0	0	0	0	0	0	0	0	0	0	0	0.00329740241407309	0	0.00944654446771939	0	0	0	0	0	0	0	0	0	0	0	0	0	0	0	0	0	0	0	0.0281705388852842	0	0	0	0	0	0	0	0	0	0	0	0	0	0	0
0	0	0	0	0	0	0	0	0.0089177702883213	0.20642588750128	0	2.6945870183934e-08	0	0.159026573584981	0	0	0	0	0.200112993380912	0	0	0	0	0.239403123304115	0	0	0	0	0	0	0	0	0	0	0	0.16915930027797	0	0	0	0	0	0	0	0	0	0	0	0	0	0	0	0	0	0	0	0	0	0	0	0	0	0	0	0	0	0	0	0.00468631287901906	0	0	0	0	0	0	0	0	0	0	0	0	0	0	0	0.0122680118375307	0	0
0	0	0	0	0	0	0	0	0	0.159871525510965	0	2.23302939400514e-08	0	0.204981017718607	0	0	0	0	0.204549283119582	0	0	0	0	0.21937871873595	0	0	0	0	0	0	0	0	0	0	0	0.17228390751882	0	0	0	0	0	0	0	0	0	0	0.00709356216776155	0	0	0	0	0	0	0	0	0	0	0	0	0	0	0	0	0	0	0	0	0	0	0	0	0	0	0	0	0	0	0	0	0.0318419628980215	0	0	0	0	0	0
0	0	0	0	0	0	0	0	0	0.20518715504323	0	2.49700483828433e-08	0	0.212195090756612	0	0	0	0	0.184668235656572	0	0	0	0	0.197391128293538	0	0	0	0	0	0	0	0	0	0	0	0.197243809003709	0	0	0	0	0	0	0	0	0	0	0	0	0	0	0	0	0	0	0	0	0	0	0	0	0	0.00331455627629123	0	0	0	0	0	0	0	0	0	0	0	0	0	0	0	0	0	0	0	0	0	0	0	0
0	0	0	0	0	0	0	0	0.00718540308052298	0.218769109226979	0	2.29063851598284e-08	0	0.194359051124818	0	0	0	0	0.200291170933452	0	0	0	0	0.193187073319791	0	0	0	0	0	0	0	0	0	0	0	0.179773134556831	0	0	0	0	0	0	0	0	0	0	0	0	0	0	0	0	0	0	0	0	0	0	0	0	0	0	0	0	0	0	0	0.00643503485122019	0	0	0	0	0	0	0	0	0	0	0	0	0	0	0	0	0	0
0	0	0	0	0	0	0	0	0.00628545894658814	0.196504447584426	0	2.51688142224579e-08	0	0.184146549759366	0	0	0	0	0.203787916719749	0	0	0	0.00967938283981291	0.190740443410347	0	0	0	0	0	0	0	0	0	0	0	0.200907941727335	0	0	0	0	0	0	0	0	0	0	0	0	0	0	0	0	0	0	0	0	0	0	0	0	0	0	0	0	0	0	0	0	0	0	0	0	0.00794783384356209	0	0	0	0	0	0	0	0	0	0	0	0	0
0	0	0	0	0	0	0	0	0	0.169793474424379	0	2.29776045583809e-08	0.0141300586934425	0.208071854197866	0	0	0	0	0.183833263439911	0	0	0	0	0.218506769902719	0	0	0	0	0	0	0	0	0	0	0	0.183605760183226	0	0	0	0.0141142136707048	0	0	0	0	0	0	0	0	0	0	0	0	0	0	0	0	0	0	0	0	0	0.0079445825101467	0	0	0	0	0	0	0	0	0	0	0	0	0	0	0	0	0	0	0	0	0	0	0	0
0	0	0	0	0	0.00589039974142388	0	0.00404785302603927	0	0.201402522270818	0	2.54116261072948e-08	0	0.181099230176015	0	0	0	0	0.201467159187023	0	0	0	0	0.19975789774644	0	0	0	0	0	0	0	0	0	0	0	0.191313812630816	0	0	0	0	0	0	0	0	0	0	0	0	0	0	0	0	0	0	0	0	0	0	0	0	0	0.0150210998097989	0	0	0	0	0	0	0	0	0	0	0	0	0	0	0	0	0	0	0	0	0	0	0	0
0	0	0	0	0	0	0	0	0	0.212813048570986	0	2.62530900132185e-08	0	0.164258524122333	0	0	0.00771049464044112	0	0.195076000772506	0	0	0	0.00431607595766494	0.192544313913734	0	0	0	0	0	0	0	0	0	0	0	0.202986581064774	0	0	0	0	0	0	0	0	0	0	0	0	0	0	0	0	0	0	0	0	0	0	0	0	0	0	0	0	0	0	0	0.0202949347044713	0	0	0	0	0	0	0	0	0	0	0	0	0	0	0	0	0	0
0	0	0	0	0	0	0	0	0	0.162614523280803	0	2.20509995184266e-08	0	0.167107413923853	0	0	0.00754478022333916	0	0.22141393606009	0	0	0	0	0.19684320356755	0	0	0	0	0	0	0	0	0	0	0	0.244476120893366	0	0	0	0	0	0	0	0	0	0	0	0	0	0	0	0	0	0	0	0	0	0	0	0	0	0	0	0	0	0	0	0	0	0	0	0	0	0	0	0	0	0	0	0	0	0	0	0	0	0
0	0	0	0	0	0	0	0.00459013057157439	0	0.185692331226674	0	2.5987155339559e-08	0	0.155170796435661	0	0	0	0	0.200586625677428	0	0	0	0	0.258466263058859	0	0	0	0	0	0	0	0	0	0	0	0.184332087381282	0	0	0	0	0	0	0	0	0	0	0	0	0	0	0	0	0	0	0	0	0	0	0	0	0	0	0	0	0	0	0	0.00375658062081555	0	0	0	0	0	0	0	0	0	0	0	0	0	0	0	0.00740515904055112	0	0
0	0	0	0	0	0	0	0	0	0.193254390698364	0	2.43028195731468e-08	0.0099743272161016	0.172397425349537	0	0	0.0118105664104247	0	0.204958099004823	0	0	0	0.0077349293599417	0.173652377298609	0	0	0	0	0	0	0	0	0	0	0	0.224395314541176	0	0	0	0	0	0	0	0	0	0	0	0	0	0	0	0	0	0	0	0	0	0	0	0.00182254581820376	0	0	0	0	0	0	0	0	0	0	0	0	0	0	0	0	0	0	0	0	0	0	0	0	0	0
0	0	0	0	0	0.0094416462334314	0	0.0134779251004022	0	0.18333150338322	0	2.24263014500756e-08	0.0127022554690932	0.198308988270358	0	0	0	0	0.187580510322305	0	0	0	0	0.223911339426554	0	0	0	0	0	0	0	0	0	0	0	0.163853113333025	0	0	0	0	0	0	0	0	0	0	0	0	0	0	0	0	0	0	0	0	0	0	0	0	0	0.00739269603531146	0	0	0	0	0	0	0	0	0	0	0	0	0	0	0	0	0	0	0	0	0	0	0	0
0	0	0	0	0	0	0	0	0	0.206435046094897	0	2.31679851319189e-08	0	0.196682003380987	0	0	0	0	0.192567619185969	0	0	0	0.0111837711540193	0.185727539206163	0	0	0	0	0.00530540759361238	0	0	0	0	0	0	0.187663364118684	0	0	0	0	0	0	0	0	0	0	0	0	0.0083501926726673	0	0	0	0	0	0	0	0	0	0	0	0	0.00608503342501603	0	0	0	0	0	0	0	0	0	0	0	0	0	0	0	0	0	0	0	0	0	0	0	0
0	0	0	0	0	0	0	0	0	0.180244229794721	0	2.15498103031677e-08	0	0.202754281412807	0	0	0.00651949906801462	0	0.211069009365827	0	0	0	0	0.199680836405005	0	0	0	0	0	0	0	0	0	0	0	0.199732122403815	0	0	0	0	0	0	0	0	0	0	0	0	0	0	0	0	0	0	0	0	0	0	0	0	0	0	0	0	0	0	0	0	0	0	0	0	0	0	0	0	0	0	0	0	0	0	0	0	0	0
0	0	0	0	0	0	0	0	0	0.177001302022473	0	2.23863853476781e-08	0	0.186829363123651	0	0	0	0	0.211075911549117	0	0	0	0.0040545887632185	0.154645898639432	0	0	0	0	0	0	0	0	0	0	0	0.195358557410351	0	0	0	0	0	0	0	0	0	0	0	0	0	0	0	0.00299837418320679	0	0	0	0	0	0	0	0.0143213646642381	0	0.0121465819982245	0	0	0	0	0.0250440266764332	0	0	0	0	0	0	0.0019272282133159	0	0	0	0	0	0	0.00711306883220794	0	0	0.00748371153774494	0	0
0	0	0	0	0	0	0	0	0	0.217263016205343	0	2.63942187355857e-08	0	0.188251091131182	0	0	0	0	0.213180634801303	0	0	0	0	0.212078643031685	0	0	0	0	0	0	0	0	0	0	0	0.160150882693173	0	0	0	0	0	0	0	0	0	0	0	0	0	0	0	0	0	0	0	0	0	0	0	0	0	0	0	0	0	0	0.00201917669546816	0	0	0	0.00705652904762728	0	0	0	0	0	0	0	0	0	0	0	0	0	0	0
0	0	0	0	0	0	0	0	0.0120017783133328	0.20428335933075	0	2.27037776860625e-08	0.00116446190457269	0.199531053615405	0	0	0	0	0.194780898199419	0	0	0	0.00913820197613572	0.184188549384258	0	0	0	0	0	0	0	0	0	0	0	0.18282255812824	0	0	0	0.00378113297242801	0	0	0	0	0	0	0	0	0	0	0	0	0	0	0	0	0.00830798347168073	0	0	0	0	0	0	0	0	0	0	0	0	0	0	0	0	0	0	0	0	0	0	0	0	0	0	0	0	0
0	0	0	0	0	0	0	0	0	0.190562570197449	0	2.31853884019061e-08	0	0.23744280536754	0	0	0	0	0.179144991930878	0	0	0	0	0.195123062085985	0	0	0	0	0	0	0	0	0	0	0	0.153559375628974	0	0	0	0	0	0	0	0	0	0	0	0	0.0409165283040579	0	0	0	0	0	0	0	0	0	0	0	0	0.00325064329972788	0	0	0	0	0	0	0	0	0	0	0	0	0	0	0	0	0	0	0	0	0	0	0	0
0	0	0	0	0	0	0	0	0	0.164410044092797	0	2.30490016551442e-08	0.0256436539593834	0.179370601772672	0	0	0.0083373827778096	0	0.190593370013396	0	0	0	0	0.224379418814397	0	0	0	0	0	0	0	0	0	0	0	0.143874354331513	0	0	0	0	0	0	0	0	0	0	0	0	0.0177053568660464	0	0	0	0	0	0	0	0	0	0	0	0	0.00456495778855909	0	0	0	0	0	0	0	0	0	0	0	0	0	0	0	0	0	0.0411208365344249	0	0	0	0	0	0
0	0	0	0	0	0	0	0	0	0.156047662924634	0	2.45532831423697e-08	0	0.193816061417338	0	0	0	0	0.218081673633519	0	0	0	0	0.263351993140746	0	0	0	0	0	0	0	0	0	0	0	0.16870258433048	0	0	0	0	0	0	0	0	0	0	0	0	0	0	0	0	0	0	0	0	0	0	0	0	0	0	0	0	0	0	0	0	0	0	0	0	0	0	0	0	0	0	0	0	0	0	0	0	0	0
0	0	0	0	0	0	0	0	0	0.184788349913026	0	2.25862417916752e-08	0	0.196021351882003	0	0	0	0.00451338477115154	0.201065827962763	0	0	0	0.00151289737118249	0.202149864815753	0	0	0	0	0	0	0	0	0	0	0	0.181051383583268	0	0	0	0	0	0	0	0	0	0	0	0	0	0	0	0	0	0	0	0	0	0	0	0	0	0	0	0	0	0	0	0.00969136051691379	0	0	0.00534750740557036	0	0	0	0	0	0	0	0	0	0	0	0	0.0138580491921269	0	0
0	0	0	0	0	0	0	0	0	0.147705719356551	0	2.73412416983087e-08	0.0108949452705196	0.217816465592551	0	0	0	0	0.179361522827695	0	0	0	0	0.267132468835424	0	0	0	0	0	0	0	0	0	0	0	0.146100359580852	0	0	0	0	0	0	0	0	0.00593962949868941	0	0	0	0.0208331646405904	0	0	0	0	0	0	0	0	0	0	0	0	0	0	0	0	0	0	0	0	0	0	0	0	0	0.0042156970558854	0	0	0	0	0	0	0	0	0	0	0
0	0	0	0	0	0	0	0	0	0.229439090584705	0	0	0.012733155047016	0.170902285493667	0	0	0	0	0.185394615434235	0	0	0	0	0.148591792937261	0	0	0	0	0	0	0	0	0	0	0	0.222366022706158	0	0	0	0	0	0	0	0	0	0	0	0	0.0121192434855452	0	0	0	0	0	0	0	0	0	0	0	0	0	0	0	0	0	0	0	0	0	0	0	0.0184537943114129	0	0	0	0	0	0	0	0	0	0	0	0	0
0	0	0	0	0	0	0	0	0	0.182998206655786	0	2.08947699919466e-08	0	0.196684142784372	0	0	0.0142037612248057	0	0.191796618745345	0	0	0	0	0.157514158607463	0	0	0	0	0	0	0	0	0	0	0	0.234513419235402	0	0	0	0	0	0	0	0	0	0	0	0	0	0	0	0	0	0	0	0	0	0	0	0.00444530172649373	0	0.00613547100111322	0	0	0	0	0	0	0	0	0	0	0	0	0	0	0	0	0	0.0117088991244498	0	0	0	0	0	0
0	0	0	0	0	0	0	0	0	0.207810325254207	0	2.45354313824008e-08	0	0.175667437725545	0	0	0	0	0.199136104169399	0	0	0	0.00116395810529632	0.244604267565039	0	0	0	0	0	0	0	0	0	0	0	0.144401497507001	0	0	0	0	0	0	0	0	0	0	0	0	0	0	0	0	0	0	0	0	0	0	0	0	0	0.0100965725637336	0	0	0	0	0	0.0171198125743488	0	0	0	0	0	0	0	0	0	0	0	0	0	0	0	0	0	0
0	0	0	0	0	0	0	0.00686517231879906	0	0.197539699543188	0	2.29091838473469e-08	0	0.208523578755929	0	0	0	0	0.186070496698993	0	0	0	0	0.200060237393253	0	0	0	0	0	0	0	0	0	0	0	0.17461253565841	0	0	0	0	0	0	0	0	0	0	0	0	0	0	0	0	0	0	0	0	0	0	0	0	0	0.0215615737962553	0	0	0	0	0	0.00476668292598786	0	0	0	0	0	0	0	0	0	0	0	0	0	0	0	0	0	0
0	0	0	0	0	0	0	0	0	0.200421957905959	0	2.11240951615882e-08	0	0.200213125254836	0	0	0	0	0.224618152107448	0	0	0	0	0.172037016702434	0	0	0	0	0	0	0	0	0	0	0	0.202709726905227	0	0	0	0	0	0	0	0	0	0	0	0	0	0	0	0	0	0	0	0	0	0	0	0	0	0	0	0	0	0	0	0	0	0	0	0	0	0	0	0	0	0	0	0	0	0	0	0	0	0
0	0	0	0	0	0	0	0	0	0.201953624985165	0	2.14262298011925e-08	0	0.200747215472843	0	0	0	0	0.155030289775477	0	0	0	0	0.215407906024494	0	0	0	0	0	0	0	0	0	0	0	0.216886705707336	0	0	0	0	0	0	0	0	0	0	0	0	0	0	0	0	0	0	0	0	0	0	0	0	0	0.00997423660845526	0	0	0	0	0	0	0	0	0	0	0	0	0	0	0	0	0	0	0	0	0	0	0	0
0	0	0	0	0	0	0	0	0	0.176302545652831	0	2.07819092392071e-08	0	0.236972394711594	0	0	0	0	0.172466853385281	0	0	0	0	0.159940973912475	0	0	0	0	0	0	0	0	0	0	0	0.236960733687167	0	0	0	0	0	0	0	0	0	0	0	0	0	0	0	0	0	0	0	0	0	0	0	0	0	0	0	0	0	0.0173564778687426	0	0	0	0	0	0	0	0	0	0	0	0	0	0	0	0	0	0	0	0
0	0	0	0	0	0	0	0	0	0.230321019752877	0	2.27842127443737e-08	0.0115738031274115	0.18057500090572	0	0	0	0	0.1729060773728	0	0	0	0	0.211536977479186	0	0	0	0	0	0	0	0	0	0	0	0.193087098577794	0	0	0	0	0	0	0	0	0	0	0	0	0	0	0	0	0	0	0	0	0	0	0	0	0	0	0	0	0	0	0	0	0	0	0	0	0	0	0	0	0	0	0	0	0	0	0	0	0	0
0	0	0	0	0	0	0	0	0	0.181185902923008	0	0.0134130177678271	0.00768385445854583	0.176438288906499	0	0	0	0	0.177726614602658	0	0	0	0	0.244701654691949	0	0	0	0	0	0.00131667029832823	0	0	0	0	0	0.192716371290173	0	0	0	0	0	0	0	0	0	0	0	0	0	0	0.00481762506101269	0	0	0	0	0	0	0	0	0	0	0	0	0	0	0	0	0	0	0	0	0	0	0	0	0	0	0	0	0	0	0	0	0	0	0
0	0	0	0	0	0	0	0	0	0.216473525197913	0	2.27692359444638e-08	0.0054766054401839	0.21621461963044	0	0	0	0	0.183850346331251	0	0	0	0	0.199657294746579	0	0	0	0	0	0	0	0	0	0	0	0.178327585884397	0	0	0	0	0	0	0	0	0	0	0	0	0	0	0	0	0	0	0	0	0	0	0	0	0	0	0	0	0	0	0	0	0	0	0	0	0	0	0	0	0	0	0	0	0	0	0	0	0	0
0	0	0	0	0	0	0	0	0	0.184694399463397	0	2.52179297717622e-08	0	0.187057973271111	0	0	0	0	0.211236243495425	0	0	0	0	0.209922251539353	0	0	0	0	0	0	0	0	0	0	0	0.207089107012784	0	0	0	0	0	0	0	0	0	0	0	0	0	0	0	0	0	0	0	0	0	0	0	0	0	0	0	0	0	0	0	0	0	0	0	0	0	0	0	0	0	0	0	0	0	0	0	0	0	0
0	0	0	0	0	0	0	0.00557421483582357	0.00412152547363631	0.183957055762585	0	0.000438390061025103	0	0.177559200956855	0	0	0	0	0.210349563417458	0	0	0	0.00935413518302991	0.176857357695306	0	0	0	0.0142596252101391	0	0	0	0	0	0	0	0.193968114355266	0	0	0	0	0	0	0	0	0	0.00306852301569793	0	0	0	0	0	0	0	0	0	0	0.00262405832227948	0	0	0.00696730242444239	0	0	0.0109009332864551	0	0	0	0	0	0	0	0	0	0	0	0	0	0	0	0	0	0	0	0	0	0	0
0	0	0	0	0	0	0	0	0	0.174927077372983	0	2.06610986565995e-08	0	0.217281722420531	0	0.00276831715308181	0	0	0.185766370344002	0	0	0	0	0.165923819334379	0	0	0	0	0	0	0	0	0	0	0	0.243276531455784	0	0	0	0	0	0	0	0	0	0	0	0	0	0	0	0	0	0	0	0	0	0	0	0	0	0.0100561412581401	0	0	0	0	0	0	0	0	0	0	0	0	0	0	0	0	0	0	0	0	0	0	0	0
0	0	0	0	0	0	0	0	0	0.203673398583326	0	2.58469468995966e-08	0	0.161047240669913	0	0	0	0	0.196537187331479	0	0	0	0	0.216219617165195	0	0	0	0	0	0	0	0	0	0	0	0.222522530403141	0	0	0	0	0	0	0	0	0	0	0	0	0	0	0	0	0	0	0	0	0	0	0	0	0	0	0	0	0	0	0	0	0	0	0	0	0	0	0	0	0	0	0	0	0	0	0	0	0	0
0	0	0	0	0	0	0	0	0	0.205762404693685	0	2.31633129154118e-08	0.00902140489542598	0.174428513589755	0	0	0.00652317323579663	0	0.206696980465841	0	0	0	0	0.19119796722779	0	0	0	0	0	0	0	0	0	0	0	0.190282453839851	0	0	0	0	0	0	0	0	0	0	0	0	0	0	0	0	0	0	0	0	0	0	0	0	0	0.00132718709641915	0	0	0	0	0	0.0147598917921239	0	0	0	0	0	0	0	0	0	0	0	0	0	0	0	0	0	0
0	0	0	0	0	0	0	0	0	0.214607773794881	0	2.22383331469637e-08	0	0.183690559999468	0	0	0.00409151365019605	0	0.195905011040202	0	0	0	0.00543799678004244	0.162823621616395	0	0	0	0	0	0	0	0	0	0	0	0.213228192584006	0	0	0	0	0	0	0	0	0	0	0	0	0	0	0	0	0	0	0	0	0.0181434409692319	0	0	0	0	0	0	0	0	0	0	0	0	0	0	0	0.00207186732724473	0	0	0	0	0	0	0	0	0	0	0	0	0
0	0	0	0	0	0	0	0	0	0.187376406208574	0	2.09792570825445e-08	0.00300875978450497	0.149977901630427	0	0.024877971729469	0	0	0.21922732799431	0	0	0	0.0175980731409934	0.172116971370319	0	0	0	0	0	0	0	0	0	0	0	0.222432102572509	0	0	0	0	0	0	0	0	0	0	0	0	0	0	0	0	0	0	0	0	0	0	0	0	0	0.00338446458963715	0	0	0	0	0	0	0	0	0	0	0	0	0	0	0	0	0	0	0	0	0	0	0	0
0	0	0	0	0	0	0	0	0	0.223335402808917	0	2.43398301791492e-08	0	0.170223788413938	0	0	0	0	0.21204021096812	0	0	0	0	0.205525931373036	0	0	0	0	0	0	0	0	0	0	0	0.172573808044803	0	0	0	0	0	0	0	0	0	0	0	0	0	0	0	0	0	0	0	0	0	0	0	0	0	0.00972170420219903	0	0	0	0	0	0	0	0	0	0	0	0	0.00657912984915523	0	0	0	0	0	0	0	0	0	0	0
0	0	0	0	0	0	0	0	0	0.183147808768289	0	2.24416681621597e-08	0	0.182667568702303	0	0	0	0	0.193875876823898	0	0	0	0	0.230362780938496	0	0	0	0	0	0	0	0	0	0	0	0.186455694260641	0	0	0	0.00579152560359629	0	0	0	0	0	0	0	0	0	0	0	0	0	0	0	0	0	0	0	0	0	0.017698722461108	0	0	0	0	0	0	0	0	0	0	0	0	0	0	0	0	0	0	0	0	0	0	0	0
0	0	0	0	0	0	0	0	0	0.145437372567612	0	2.43160303628095e-08	0.0167039573551105	0.223943159324639	0	0	0.00254413374090396	0	0.174297710602023	0	0	0	0.0126917197999717	0.170960606144744	0	0	0	0	0	0	0	0	0	0	0	0.205421612308641	0	0	0	0	0	0	0	0	0	0	0	0	0	0	0	0	0	0	0	0	0	0	0	0	0	0	0	0	0	0	0	0.0219134319475608	0	0	0	0	0	0	0	0	0	0	0	0.0260862718927639	0	0	0	0	0	0
0	0	0	0	0	0	0	0	0	0.19091795139392	0	2.15889632720585e-08	0	0.235895783302515	0	0	0	0	0.200110248486984	0	0	0	0	0.19147372705457	0	0	0	0	0	0	0	0	0	0	0	0.181602268173048	0	0	0	0	0	0	0	0	0	0	0	0	0	0	0	0	0	0	0	0	0	0	0	0	0	0	0	0	0	0	0	0	0	0	0	0	0	0	0	0	0	0	0	0	0	0	0	0	0	0
0	0	0	0	0	0	0	0.00549922795520087	0	0.203863918151846	0	2.14873258356371e-08	0.000884338419904977	0.187064568084215	0	0	0	0	0.202158990111799	0	0	0	0.00261149145443772	0.169452422009022	0	0	0	0	0	0	0	0	0	0	0	0.217255283952662	0	0	0	0	0	0	0	0	0	0	0	0	0	0	0	0	0	0	0	0	0.0112097383735864	0	0	0	0	0	0	0	0	0	0	0	0	0	0	0	0	0	0	0	0	0	0	0	0	0	0	0	0	0
0	0	0	0	0	0	0	0	0	0.187106969843077	0	2.26497630380017e-08	0.0061933254326325	0.200350630368542	0	0	0	0	0.203909639252407	0	0	0	0	0.188289077009804	0	0	0	0	0	0	0	0	0	0	0	0.206593887195712	0	0	0	0	0	0	0	0	0	0	0	0	0	0	0	0	0	0	0	0	0	0	0	0	0	0	0	0	0	0	0	0	0	0	0	0	0	0	0.00755644824806267	0	0	0	0	0	0	0	0	0	0	0
0	0	0	0	0	0	0	0	0	0.200772727849303	0	2.33653866899719e-08	0	0.177084845621621	0	0	0	0	0.198693061463677	0	0	0	0	0.182232227924269	0	0	0	0	0	0	0	0	0	0	0	0.233164471359895	0	0	0	0	0	0	0	0	0	0	0	0	0	0	0	0	0	0	0	0	0	0	0	0	0	0.00141581538311452	0	0	0	0	0	0	0	0	0.00663682703273324	0	0	0	0	0	0	0	0	0	0	0	0	0	0	0
0	0	0	0	0	0	0	0	0	0.206866929529922	0	2.13216169740408e-08	0	0.185472514433256	0	0	0	0	0.199392037831193	0	0	0	0	0.193718616064408	0	0	0	0	0	0	0	0	0	0	0	0.203664983981268	0	0	0	0	0	0	0	0	0	0	0	0	0	0	0	0	0	0	0	0	0	0	0	0	0	0.0108848968383352	0	0	0	0	0	0	0	0	0	0	0	0	0	0	0	0	0	0	0	0	0	0	0	0
0	0	0	0	0	0	0	0	0.020854013103119	0.169900808557977	0	2.28534093348432e-08	0	0.160714479165167	0	0	0	0	0.220239969655638	0	0	0	0	0.17872433495853	0	0	0	0	0	0	0	0	0	0	0	0.234714797164546	0	0	0	0	0	0	0	0	0	0	0	0	0	0	0.0148515745416137	0	0	0	0	0	0	0	0	0	0	0	0	0	0	0	0	0	0	0	0	0	0	0	0	0	0	0	0	0	0	0	0	0	0	0
0	0	0	0	0	0	0	0	0	0.178077259149564	0	2.2290222088856e-08	0.010738001275904	0.202266003689544	0	0	0	0	0.204363768566885	0	0	0	0	0.240872570123411	0	0	0	0	0	0	0	0	0	0	0	0.154710263319078	0	0	0	0	0	0	0	0	0	0	0	0	0	0	0	0	0	0	0	0	0	0	0	0	0	0	0	0	0	0	0.00897211158539268	0	0	0	0	0	0	0	0	0	0	0	0	0	0	0	0	0	0	0
0	0	0	0	0	0	0	0	0	0.202698774466701	0	2.19079732286026e-08	0.00122943703238874	0.198638221223375	0	0	0	0	0.2025642385097	0	0	0	0	0.200608265920141	0	0	0	0	0	0	0	0	0	0	0	0.194261040939721	0	0	0	0	0	0	0	0	0	0	0	0	0	0	0	0	0	0	0	0	0	0	0	0	0	0	0	0	0	0	0	0	0	0	0	0	0	0	0	0	0	0	0	0	0	0	0	0	0	0
0	0	0	0	0	0	0	0	0	0.19552994404795	0	2.3264583705321e-08	0.00392752510079199	0.20035594638576	0	0	0	0	0.188697832852407	0	0	0	0	0.180617372094145	0	0	0	0	0	0	0	0	0	0	0	0.212333500149108	0	0	0	0	0	0	0	0	0	0	0	0	0	0	0	0	0	0	0	0	0	0	0	0	0	0	0	0	0	0	0	0	0	0	0	0	0	0	0	0	0.018537856105254	0	0	0	0	0	0	0	0	0
0	0	0	0	0	0	0	0	0	0.212077170435083	0	2.28160728957267e-08	0	0.210355566788452	0	0	0	0	0.166679388029677	0	0	0	0	0.233138706268236	0	0	0	0	0	0	0	0	0	0	0	0.17774914566248	0	0	0	0	0	0	0	0	0	0	0	0	0	0	0	0	0	0	0	0	0	0	0	0	0	0	0	0	0	0	0	0	0	0	0	0	0	0	0	0	0	0	0	0	0	0	0	0	0	0
0	0	0	0	0	0	0	0	0	0.177007346096075	0	6.95116562476178e-05	0	0.208086862793311	0	0	0	0	0.177024203053842	0	0	0	0	0.163356556852946	0	0	0	0	0	0	0	0	0	0	0	0.249526511151072	0	0	0	0	0	0	0	0	0	0	0	0	0	0	0.0122728555893887	0	0	0	0	0	0	0	0	0	0	0	0	0	0	0	0	0	0	0	0	0	0	0	0.0040060848281798	0	0	0	0	0	0	0	0	0	0	0.00865006797893813
0	0	0	0	0	0	0	0	0	0.181577479954681	0	2.1948500254859e-08	0.00148338173932949	0.198408678664698	0	0	0	0	0.213016195925986	0	0	0	0	0.201775859619512	0	0	0	0	0	0	0	0	0	0	0	0.169624240597196	0	0	0	0	0	0	0	0	0	0	0	0	0	0	0	0	0	0	0	0	0	0	0	0	0	0	0	0	0	0	0	0	0	0	0	0	0	0	0.0117980382429912	0	0	0	0	0.0223161033071079	0	0	0	0	0	0
0	0	0	0	0	0	0	0	0	0.173054306376245	0	2.01779729959696e-08	0	0.25381723791521	0	0	0	0	0.169443867409338	0	0	0	0	0.181762358482566	0	0	0	0	0	0	0	0	0	0	0	0.221922209638668	0	0	0	0	0	0	0	0	0	0	0	0	0	0	0	0	0	0	0	0	0	0	0	0	0	0	0	0	0	0	0	0	0	0	0	0	0	0	0	0	0	0	0	0	0	0	0	0	0	0
0	0	0	0	0	0	0	0	0	0.18623181145095	0	2.42952910827633e-08	0	0.201586129871233	0	0	0	0	0.184405041276886	0	0	0	0.00795962496112685	0.185030437690887	0	0	0	0	0	0	0	0	0	0	0	0.218713354220213	0	0	0	0	0	0	0	0	0	0	0	0	0	0	0	0	0	0	0	0	0	0	0	0	0	0.00746609599991533	0	0	0	0	0	0	0	0	0	0	0	0.00860748023349815	0	0	0	0	0	0	0	0	0	0	0	0
0	0	0	0	0	0.00199006854915314	0	0	0	0.226118044414196	0	2.58459769869549e-08	0.00762537700201541	0.17037165832973	0	0	0.00763196625280662	0	0.206780326084486	0	0	0	0	0.212591056107052	0	0	0	0	0	0	0	0	0	0	0	0.148753736468044	0	0	0	0	0	0	0	0	0	0	0	0	0	0	0	0	0	0	0	0	0	0	0	0	0	0	0	0	0	0	0	0.0181377409465392	0	0	0	0	0	0	0	0	0	0	0	0	0	0	0	0	0	0
0	0	0	0	0	0	0	0	0	0.209129791181199	0	2.33007379089965e-08	0	0.171414065120588	0	0	0	0	0.190643899036137	0	0	0	0	0.194560484103069	0	0	0	0	0	0	0	0	0	0	0	0.2235885015687	0	0	0	0	0	0	0	0	0	0	0	0	0	0	0	0	0	0	0	0	0	0	0	0	0	0.0106632356895688	0	0	0	0	0	0	0	0	0	0	0	0	0	0	0	0	0	0	0	0	0	0	0	0
0	0	0	0	0	0	0	0	0	0.2496874063721	0	2.24379630840591e-08	0.00691631591512161	0.186308730840799	0	0	0	0	0.180850061549808	0	0	0	0	0.216539089445936	0	0	0	0	0	0	0	0	0	0	0	0.154726179992086	0	0	0	0	0	0	0	0	0	0	0	0	0	0	0	0	0	0	0	0	0	0	0	0	0	0	0	0	0	0	0	0.00497219344618642	0	0	0	0	0	0	0	0	0	0	0	0	0	0	0	0	0	0
0	0	0	0	0	0	0	0	0	0.182990220217186	0	2.21239833292275e-08	0	0.195835849818822	0	0	0	0	0.211385750919438	0	0	0	0	0.183196244806117	0	0	0	0	0	0	0	0	0	0	0	0.211940210427013	0	0	0	0	0	0	0	0	0	0	0	0	0	0	0	0	0	0	0	0	0.0146517016874403	0	0	0	0	0	0	0	0	0	0	0	0	0	0	0	0	0	0	0	0	0	0	0	0	0	0	0	0	0
0	0	0	0	0	0	0	0	0	0.185295530742887	0	2.29454537562293e-08	0	0.184981346453611	0	0	0	0	0.188075160593892	0	0	0	0	0.196243859387215	0	0	0	0	0	0	0	0	0	0	0	0.245404079876941	0	0	0	0	0	0	0	0	0	0	0	0	0	0	0	0	0	0	0	0	0	0	0	0	0	0	0	0	0	0	0	0	0	0	0	0	0	0	0	0	0	0	0	0	0	0	0	0	0	0
0	0	0	0	0	0	0	0	0	0.124717353787264	0	2.04896443933875e-08	0	0.225799351509424	0	0	0	0	0.190848318970245	0	0	0	0	0.166028405143366	0	0	0	0	0	0	0	0	0	0	0	0.211928299590525	0	0	0	0	0	0	0	0	0	0	0	0	0	0	0.0473726979547782	0	0	0	0	0	0	0	0	0	0	0.00576386981391673	0	0	0	0	0	0	0	0	0	0	0	0	0	0	0	0	0	0.0275416827408366	0	0	0	0	0	0
0	0	0	0	0	0	0	0	0	0.199726836856139	0	2.75945258161856e-08	0.00118993498188721	0.188272293005744	0	0	0	0	0.207790807116482	0	0	0	0	0.237373722196138	0	0	0	0	0	0	0	0	0	0	0	0.165646378249084	0	0	0	0	0	0	0	0	0	0	0	0	0	0	0	0	0	0	0	0	0	0	0	0	0	0	0	0	0	0	0	0	0	0	0	0	0	0	0	0	0	0	0	0	0	0	0	0	0	0
0	0	0	0	0	0	0	0	0	0.228540994635804	0	2.29093670860541e-08	0.00301813936436124	0.216451103333369	0	0	0	0	0.183110364242433	0	0	0	0	0.186215781006009	0	0	0	0	0	0	0	0	0	0	0	0.182663594508656	0	0	0	0	0	0	0	0	0	0	0	0	0	0	0	0	0	0	0	0	0	0	0	0	0	0	0	0	0	0	0	0	0	0	0	0	0	0	0	0	0	0	0	0	0	0	0	0	0	0
0	0	0	0	0	0	0	0	0	0.149449548856716	0	2.23685399470182e-08	0	0.219465446787803	0	0	0	0	0.188171341452159	0	0	0.0112330763196397	0.00851584756997525	0.189517802442134	0	0	0	0	0	0	0	0	0	0	0	0.178661139664609	0	0	0	0	0	0	0	0	0.0150986112078336	0	0	0	0	0	0.0220277652683297	0	0	0	0	0	0	0	0	0	0	0	0	0	0	0	0.00941393118610189	0	0	0	0	0	0.00844546687615941	0	0	0	0	0	0	0	0	0	0	0	0	0
0	0	0	0	0	0	0	0	0.00413997319597177	0.214817198650263	0	2.13697291591029e-08	0.0016151186954098	0.177455651716627	0	0	0	0	0.158002513517539	0	0	0	0	0.210534481103202	0	0	0	0	0	0	0	0	0	0	0	0.202832789206568	0	0	0	0	0	0	0	0	0	0	0	0	0	0	0	0	0	0	0	0	0	0	0	0	0	0.00369158313322115	0	0	0	0	0	0.0269106694114691	0	0	0	0	0	0	0	0	0	0	0	0	0	0	0	0	0	0
0	0	0	0	0	0	0	0	0	0.247061304074319	0	2.57119952869696e-08	0.0103819490021163	0.184971152329394	0	0	0	0	0.206045536308065	0	0	0	0	0.198757170304563	0	0	0	0	0	0	0	0	0	0	0	0.152782862269548	0	0	0	0	0	0	0	0	0	0	0	0	0	0	0	0	0	0	0	0	0	0	0	0	0	0	0	0	0	0	0	0	0	0	0	0	0	0	0	0	0	0	0	0	0	0	0	0	0	0
0	0	0	0	0	0	0	0	0	0.195859651367268	0	2.04054064388091e-08	0.015676875703988	0.187511986755906	0	0	0	0	0.179331383284456	0	0	0	0	0.202677968380278	0	0	0	0	0	0	0	0	0	0	0	0.210818651301964	0	0	0	0	0	0	0	0	0	0	0	0	0	0	0	0	0	0	0	0	0	0	0	0	0	0	0	0	0	0	0	0	0	0	0.00812346280073369	0	0	0	0	0	0	0	0	0	0	0	0	0	0	0
0	0	0	0	0	0	0	0	0	0.186118958406741	0	0.0173418958082922	0	0.177779397688415	0	0	0	0	0.195690159873708	0	0	0	0	0.211135645925488	0	0	0	0	0	0	0	0	0	0	0	0.180603060122061	0	0	0	0	0	0	0	0	0	0	0	0	0	0	0	0	0	0	0	0	0.00698115938050601	0	0	0	0	0	0	0	0	0	0	0	0	0	0.0178457327016446	0	0	0	0	0	0	0	0	0	0	0	0	0.00650399009314329	0	0
0	0	0	0	0	0	0	0	0	0.169554250309994	0	2.23238710204196e-08	0	0.194277160476255	0	0	0	0	0.202911283965746	0	0	0	0.00479729460509681	0.180767441751259	0	0	0	0	0	0	0	0	0	0	0	0.199148726775664	0	0	0	0	0	0	0	0	0	0	0	0	0	0	0	0	0	0	0	0	0.0057495677520186	0	0	0	0	0	0	0	0	0	0	0.0427942520400956	0	0	0	0	0	0	0	0	0	0	0	0	0	0	0	0	0	0
0	0	0	0	0	0	0	0	0	0.17058719369519	0	2.12432200412417e-08	0	0.220267262577982	0	0	0	0	0.172736611985507	0	0	0	0.0115906808292686	0.216362889695263	0	0	0	0	0	0	0	0	0	0	0	0.192498329841919	0	0	0	0	0	0	0	0	0	0	0	0	0	0	0	0	0	0	0	0	0	0	0	0	0	0	0	0	0	0	0.0159570101316496	0	0	0	0	0	0	0	0	0	0	0	0	0	0	0	0	0	0	0
0	0	0	0	0	0	0	0	0	0.210408266448602	0	2.22328728518744e-08	0.00217257094367144	0.188233825419881	0	0	0	0	0.167844345817812	0	0	0	0	0.174939926100298	0	0	0	0	0	0	0	0	0	0	0	0.229205148134559	0	0	0	0	0	0	0	0	0	0	0	0	0	0	0	0	0	0	0	0	0	0	0	0	0	0	0	0	0	0	0.00508214270792148	0.0221137521943817	0	0	0	0	0	0	0	0	0	0	0	0	0	0	0	0	0	0
0	0	0	0	0	0	0	0	0	0.185186536020608	0	2.08450958246035e-08	0.00270640443652897	0.20140795015379	0	0	0	0	0.171675704109929	0	0	0	0.00293141502414929	0.221697320604838	0	0	0	0	0	0	0	0	0	0	0	0.199422318987757	0	0	0	0	0	0	0	0	0	0	0	0	0	0	0	0	0	0	0	0	0	0	0	0	0	0	0	0	0	0	0	0.014972329817304	0	0	0	0	0	0	0	0	0	0	0	0	0	0	0	0	0	0
0	0	0	0	0	0	0	0	0	0.17204199162476	0	2.07103361251648e-08	0	0.210362270428132	0	0	0	0	0.185745038068151	0	0	0	0	0.232386594248834	0	0	0	0	0	0	0	0	0	0	0	0.183033099220027	0	0	0	0	0	0	0	0	0	0	0	0	0	0	0	0	0	0	0	0	0	0	0	0	0	0	0	0	0	0	0	0.0164309856997595	0	0	0	0	0	0	0	0	0	0	0	0	0	0	0	0	0	0
0	0	0	0	0	0	0	0.00532808763152762	0	0.186270076695943	0	2.25816627507635e-08	0	0.192931176334925	0	0	0	0	0.205975514432938	0	0	0	0	0.215960711566901	0	0	0	0	0	0	0	0	0	0	0	0.170248735133298	0	0	0	0	0	0	0	0	0	0	0	0	0	0	0	0	0	0	0	0	0	0	0	0	0	0	0	0	0	0	0	0	0	0	0	0	0	0	0	0	0	0	0	0.0232856756228036	0	0	0	0	0	0
0	0	0	0	0	0	0	0	0	0.202954675518614	0	2.28722590628255e-08	0	0.209822502053011	0	0	0	0	0.189479852518388	0	0	0	0	0.198611114578621	0	0	0	0	0.00366482544422689	0	0	0	0	0	0	0.195467007014881	0	0	0	0	0	0	0	0	0	0	0	0	0	0	0	0	0	0	0	0	0	0	0	0	0	0	0	0	0	0	0	0	0	0	0	0	0	0	0	0	0	0	0	0	0	0	0	0	0	0
0	0	0	0	0	0	0	0	0	0.144633098680589	0	2.2524252255255e-08	0	0.204164078851355	0	0	0	0	0.175745887599587	0	0	0	0	0.206797510425728	0	0	0	0	0	0	0	0	0	0	0	0.181250086987567	0	0	0	0	0	0	0	0	0	0	0	0	0	0	0.0160329722604105	0	0	0	0	0	0.00660858065396056	0	0	0	0	0.0103085755877574	0	0	0	0	0.037621796310152	0	0	0	0.00464022931522155	0	0	0	0.00228604468381437	0	0	0	0	0	0	0	0	0.00991111611960592	0	0
0	0	0	0	0	0	0	0.00548215541744861	0	0.175317315595031	0	2.52211047126544e-08	0	0.166506699748248	0	0	0	0	0.206203644276983	0	0	0	0	0.224663071547139	0	0	0	0	0	0	0	0	0	0	0	0.160084429236856	0	0	0	0	0	0	0	0	0	0	0	0	0	0	0	0	0	0	0	0	0	0	0	0	0	0	0	0	0	0	0	0.00371090502850655	0	0	0	0	0	0	0	0	0	0	0	0.0580317539286834	0	0	0	0	0	0
0	0	0	0	0	0	0	0	0	0.173719808457342	0	2.31104601356731e-08	0.00525699300517808	0.203034834804747	0	0	0	0	0.175176698236545	0	0	0	0	0.214814345750001	0	0	0	0	0	0	0	0	0	0.00219579214989351	0	0.207522522178689	0	0	0	0	0	0	0	0	0	0	0	0	0	0	0	0	0	0	0	0	0	0	0	0	0	0	0	0	0	0	0	0	0	0	0	0	0	0	0.0182789823071452	0	0	0	0	0	0	0	0	0	0	0
0	0	0	0	0	0	0	0	0	0.213616384288391	0	2.25049798161007e-08	0	0.18019786079389	0	0	0	0	0.203383183542388	0	0	0	0	0.186324812390406	0	0	0	0	0	0	0	0	0	0	0	0.201142943826866	0	0	0	0	0	0	0	0	0	0	0	0	0	0	0	0	0	0	0	0	0	0	0	0	0	0.00929742186464002	0	0	0	0	0	0	0	0	0	0	0	0	0.00603737078843855	0	0	0	0	0	0	0	0	0	0	0
0	0	0	0	0	0	0	0	0	0.223459029281565	0	2.5155631988391e-08	0	0.161525632803347	0	0	0	0	0.194146829345584	0	0	0	0	0.179428812106248	0	0	0	0	0	0	0	0.0029969249748192	0	0	0	0.208442676560334	0	0	0	0	0	0	0	0	0	0	0	0	0	0	0	0	0	0	0	0	0.00563300595461504	0	0	0	0	0.00702344920636362	0	0	0	0	0	0	0	0	0	0	0	0	0	0	0	0	0	0	0	0	0.00991614718276763	0	0	0.00742746742872575
0	0	0	0	0	0	0	0	0	0.178489608380657	0	2.4561288039359e-08	0	0.189043384119538	0	0	0	0	0.190008054437914	0	0	0	0	0.218507293948869	0	0	0	0	0	0	0	0	0	0	0	0.210116495856081	0	0	0	0	0	0	0	0	0	0	0	0	0	0	0	0	0	0	0	0	0	0	0	0	0	0.0017847368789505	0	0	0	0	0.0120504018167017	0	0	0	0	0	0	0	0	0	0	0	0	0	0	0	0	0	0	0
0	0	0	0	0	0	0	0	0	0.191698633092394	0	2.3753955249455e-08	0	0.184925789505236	0	0	0	0	0.202584321261241	0	0	0	0	0.171391379254893	0	0	0	0	0	0	0	0	0	0	0	0.235330725999836	0	0	0	0	0	0	0	0	0	0	0	0	0	0	0	0	0	0	0	0	0	0	0	0	0	0.00665222000222631	0	0	0	0	0	0	0	0	0.0074169071302185	0	0	0	0	0	0	0	0	0	0	0	0	0	0	0
0	0	0	0	0	0.00189774081103804	0	0	0	0.170311747094126	0	2.24869673682213e-08	0	0.202580919960124	0	0	0	0	0.214246969224733	0	0	0	0	0.184176065092592	0	0	0	0	0	0	0	0	0	0	0	0.214462215700644	0	0	0	0	0	0	0	0	0	0	0	0	0	0	0	0	0	0	0	0	0.00621030249121394	0	0	0	0	0.00611401713856218	0	0	0	0	0	0	0	0	0	0	0	0	0	0	0	0	0	0	0	0	0	0	0	0
0	0	0	0	0	0	0	0	0	0.185557660616749	0	2.38075022674988e-08	0.00252553248852957	0.22556319562623	0	0	0	0	0.200625909638671	0	0	0	0	0.229034081000359	0	0	0	0	0	0	0	0	0	0	0	0.156693596821959	0	0	0	0	0	0	0	0	0	0	0	0	0	0	0	0	0	0	0	0	0	0	0	0	0	0	0	0	0	0	0	0	0	0	0	0	0	0	0	0	0	0	0	0	0	0	0	0	0	0
0	0	0	0	0	0	0	0	0	0.218491808596751	0	2.58809089052115e-08	0	0.18185455455045	0	0	0	0	0.204914988825676	0	0	0	0	0.211460556349615	0	0	0	0	0	0	0	0	0	0	0	0.162390635114069	0	0	0	0	0	0	0	0	0	0	0	0	0	0	0	0.0111419155859072	0	0	0	0	0	0	0	0	0	0	0	0	0	0	0	0	0	0	0	0	0	0	0	0	0	0	0	0	0	0	0	0.00974551509662351	0	0
0	0	0	0	0	0	0	0	0	0.206505129753351	0	2.09560074751608e-08	0	0.187418579666799	0	0	0	0	0.19044101321002	0	0	0	0	0.225563140422641	0	0	0	0	0	0	0	0	0	0	0	0.190072115991182	0	0	0	0	0	0	0	0	0	0	0	0	0	0	0	0	0	0	0	0	0	0	0	0	0	0	0	0	0	0	0	0	0	0	0	0	0	0	0	0	0	0	0	0	0	0	0	0	0	0
0	0	0	0	0	0	0	0.0099978704728587	0	0.18176475974704	0	2.59304722877649e-08	0	0.183011883716192	0	0	0	0.0112900291181635	0.201066657708294	0	0	0	0	0.22654799034412	0	0	0	0	0	0	0	0	0	0	0	0.158988079930428	0	0	0	0	0	0	0	0	0	0	0	0	0	0	0.0125587442870759	0	0	0	0	0	0	0	0	0	0	0	0	0	0	0	0.00446085074730908	0	0	0	0	0	0	0	0	0	0	0	0	0.00857033325752828	0	0	0	0.00174277474051873	0	0
0	0	0	0	0	0	0	0	0	0.204975805006898	0	0.00526109782642609	0.0107751143586638	0.190117378588986	0	0	0	0	0.222016048424933	0	0	0	0	0.172486640410904	0	0	0	0	0	0	0	0	0	0	0	0.172039326305871	0	0.00376591791255612	0	0	0	0	0	0	0	0	0.00452174028811892	0	0	0	0	0	0	0	0	0	0	0	0	0	0	0	0	0	0	0	0.00867423075700785	0	0	0	0	0	0	0	0	0	0	0	0	0	0	0	0	0.00536670011963475	0	0
0	0	0	0	0	0	0	0	0	0.219525140345058	0	0.0348112342149271	0	0.1774372603345	0	0	0	0	0.167027039785744	0	0	0	0	0.186962166415	0	0	0	0	0	0	0	0	0	0	0	0.20637729692318	0	0	0	0	0	0	0	0	0	0	0	0	0	0	0	0	0	0	0	0	0.0015728150533908	0	0	0.00277297613666591	0	0	0	0	0	0	0	0	0	0	0	0	0.00351407079153409	0	0	0	0	0	0	0	0	0	0	0	0	0
0	0	0	0	0	0	0	0	0	0.219744380290438	0	7.36928450986987e-05	0	0.166562610634157	0	0	0	0	0.21028428786521	0	0	0	0	0.22280531631571	0	0	0	0	0	0	0	0	0	0	0	0.164374217220556	0	0	0	0	0	0	0	0	0	0	0	0	0	0	0	0	0	0	0	0	0.0161554948288309	0	0	0	0	0	0	0	0	0	0	0	0	0	0	0	0	0	0	0	0	0	0	0	0	0	0	0	0	0
0	0	0	0	0	0	0	0.0225726554449396	0	0.188726927499514	0	2.36547744283062e-08	0.00854743359729307	0.180477738265673	0	0	0	0	0.198030154738107	0	0	0	0	0.184477326835701	0	0	0	0	0	0	0	0	0	0	0	0.190556648092062	0	0	0	0	0	0	0	0	0	0	0	0	0	0	0	0	0	0	0	0	0	0	0	0	0	0.00362329016362592	0	0	0	0	0	0.0229878017083098	0	0	0	0	0	0	0	0	0	0	0	0	0	0	0	0	0	0
0	0	0	0	0	0	0	0	0	0.211208976715415	0	2.12303344262365e-08	0	0.181231406112501	0	0	0	0	0.17634628188276	0	0	0	0	0.21022549567525	0	0	0	0	0	0	0	0	0	0	0	0.201847455209199	0	0	0	0	0	0	0	0	0	0	0	0	0	0	0	0	0	0	0	0	0	0	0	0	0	0.00458232430964878	0	0	0	0.00104293972726151	0	0	0	0	0	0	0	0	0.0135150991376304	0	0	0	0	0	0	0	0	0	0	0
0	0	0	0	0	0	0	0	0	0.207779156618024	0	2.42622969184855e-08	0	0.197067119544761	0	0.00794480315641665	0	0	0.174635349781797	0	0	0	0	0.198584183060581	0	0	0	0	0	0	0	0	0	0	0	0.206180333601078	0	0	0	0	0	0	0	0	0	0	0	0	0	0	0	0	0	0	0	0	0	0	0	0	0	0.000943161045918834	0	0	0	0	0	0	0	0	0	0	0	0	0	0	0	0	0	0	0	0	0	0.00686586892912633	0	0
0	0	0	0	0	0	0	0	0	0.155424499889269	0	2.19820831574455e-08	0	0.206229609392749	0	0	0	0	0.210632029287465	0	0	0	0.0029743510711918	0.203241321754562	0	0	0	0	0	0	0	0	0	0	0	0.204598642147314	0	0	0	0	0	0	0	0	0	0	0	0	0	0	0	0	0	0	0	0	0	0	0	0	0	0	0	0	0	0	0.0168995244753652	0	0	0	0	0	0	0	0	0	0	0	0	0	0	0	0	0	0	0
0	0	0	0	0	0	0	0	0	0.171058312118855	0	2.21504662515129e-08	0	0.174408032750549	0	0	0	0	0.199736825262953	0	0	0	0	0.207644537368684	0	0	0	0	0	0	0	0	0	0	0	0.227617326015027	0	0	0	0	0	0	0	0	0	0	0	0	0	0	0	0	0	0	0	0	0	0	0	0	0	0	0	0	0	0	0	0.0195349443334657	0	0	0	0	0	0	0	0	0	0	0	0	0	0	0	0	0	0
0	0	0	0	0	0	0	0.00527352620697674	0	0.17328454053094	0	0	0	0.179185268970519	0	0.0212323519341449	0	0	0.20885539718502	0	0	0	0	0.151788286953371	0	0	0	0.0168015522854372	0	0	0	0	0	0	0	0.194739138318523	0	0	0	0	0	0	0	0	0	0	0	0	0.0127110022842588	0	0	0	0	0	0	0	0	0	0	0.00557812912780633	0	0.00228069222021728	0	0	0	0	0	0	0	0	0	0	0	0	0	0	0	0	0	0.0282701139827853	0	0	0	0	0	0
0	0	0	0	0	0	0	0	0	0.192018131213648	0	2.42187035070065e-08	0	0.219422578723568	0	0	0	0	0.213595974099373	0	0	0	0	0.194300303842603	0	0	0	0	0	0	0	0	0	0	0	0.157774888042628	0	0	0	0	0	0	0	0	0	0	0	0	0	0	0	0	0	0	0	0	0	0	0	0	0	0	0	0	0	0	0.002658422548659	0	0	0	0	0	0	0	0.0202296773108173	0	0	0	0	0	0	0	0	0	0	0
0	0	0	0	0	0	0	0	0	0.188758214820728	0	2.09892252409113e-08	0.0104081162225191	0.181485790211196	0	0	0.0142079487100506	0	0.158423650388422	0	0	0	0	0.216412035397043	0	0	0	0	0	0	0	0	0	0	0	0.212145226406435	0	0	0	0	0	0	0	0	0	0	0	0	0	0	0	0	0	0	0	0	0	0	0	0.0113116970772453	0	0	0	0	0	0	0	0.00684729977713586	0	0	0	0	0	0	0	0	0	0	0	0	0	0	0	0	0	0
