"SBS1"	"SBS2"	"SBS3"	"SBS4"	"SBS5"	"SBS6"	"SBS7a"	"SBS7b"	"SBS7c"	"SBS7d"	"SBS8"	"SBS9"	"SBS10a"	"SBS10b"	"SBS10c"	"SBS10d"	"SBS11"	"SBS12"	"SBS13"	"SBS14"	"SBS15"	"SBS16"	"SBS17a"	"SBS17b"	"SBS18"	"SBS19"	"SBS20"	"SBS21"	"SBS22a"	"SBS22b"	"SBS23"	"SBS24"	"SBS25"	"SBS26"	"SBS27"	"SBS28"	"SBS29"	"SBS30"	"SBS31"	"SBS32"	"SBS33"	"SBS34"	"SBS35"	"SBS36"	"SBS37"	"SBS38"	"SBS39"	"SBS40a"	"SBS40b"	"SBS40c"	"SBS41"	"SBS42"	"SBS43"	"SBS44"	"SBS45"	"SBS46"	"SBS47"	"SBS48"	"SBS49"	"SBS50"	"SBS51"	"SBS52"	"SBS53"	"SBS54"	"SBS55"	"SBS56"	"SBS57"	"SBS58"	"SBS59"	"SBS60"	"SBS84"	"SBS85"	"SBS86"	"SBS87"	"SBS88"	"SBS89"	"SBS90"	"SBS91"	"SBS92"	"SBS93"	"SBS94"	"SBS95"	"SBS96"	"SBS97"	"SBS98"	"SBS99"
0	0	0	0	0	0	0	0	0	0.300089394099211	0	2.23673441365522e-08	0	0.126263422901418	0	0	0	0	0.183645065774919	0	0	0	0	0.250347648467878	0	0	0	0	0	0	0	0	0	0	0	0.119658194212913	0	0	0	0	0	0	0	0	0	0.0199962521763172	0	0	0	0	0	0	0	0	0	0	0	0	0	0	0	0	0	0	0	0	0	0	0	0	0	0	0	0	0	0	0	0	0	0	0	0	0	0	0	0
0	0	0	0	0	0	0	0	0	0.303331856937609	0	0	0.0060891442001379	0.124986994018801	0	0	0.0228402960146704	0	0.18649239938856	0	0	0	0	0.17952823353272	0	0	0	0	0	0	0	0	0	0	0	0.176731049460757	0	0	0	0	0	0	0	0	0	0	0	0	2.64467452804503e-08	0	0	0	0	0	0	0	0	0	0	0	0	0	0	0	0	0	0	0	0	0	0	0	0	0	0	0	0	0	0	0	0	0	0	0	0	0
0	0	0	0	0	0	0	0	0	0.259958377793374	0	2.43146581119348e-08	0	0.209433368748431	0	0	0	0	0.125876603904164	0	0	0	0	0.216608858583574	0	0	0.0139428482511519	0	0	0	0	0	0	0	0	0.0918947978837803	0	0	0	0	0	0	0	0	0	0.0351924913109288	0	0	0	0	0	0	0	0	0	0	0	0	0	0	0	0	0	0	0.0470926292099382	0	0	0	0	0	0	0	0	0	0	0	0	0	0	0	0	0	0	0	0	0
0	0	0	0	0	0	0	0.0064177139314644	0	0.134771412113859	0	0	0.0133070329143751	0.225396958384554	0	0	0.014718964080457	0	0.151604083145421	0	0	0	0	0.0790721208899629	0	0	0	0	0	0	0	0	0	0	0	0.29817585428295	0	0	0	0	0	0	0	0	0	0	0	0	2.09676999230017e-08	0	0	0	0	0	0	0	0	0	0	0	0	0.0464837587150427	0	0	0	0	0	0	0	0	0	0	0	0	0.0300520805742138	0	0	0	0	0	0	0	0	0	0	0
0	0	0	0	0	0	0	0	0	0.135121112110835	0	2.16682623884516e-08	0	0.0915155173551919	0	0	0	0	0.192750424466914	0	0	0.0417303859053424	0	0.186644225121839	0	0	0	0	0	0	0	0	0	0	0	0.30798221085538	0	0	0	0	0	0	0	0	0	0	0	0	0	0	0	0	0	0	0	0	0	0	0	0	0	0	0	0	0	0	0	0.00757794055446005	0	0	0.0288630437902361	0	0	0	0.00781511817153957	0	0	0	0	0	0	0	0	0	0	0
0	0	0	0	0	0	0	0.025704917647418	0	0.113993144004687	0	0	0	0.0956890287366143	0	0	0	0	0.326410068853138	0	0	0	0	0.237245432843361	0	0	0	0	0	0	0	0	0	0	0	0.100171324279283	0	0	0	0	0	0	0	0	0	0	0	0	0.000872086427816961	0	0	0	0	0	0	0	0	0	0	0	0	0	0	0	0	0	0	0	0	0	0	0	0.0861741923370845	0.013739804870597	0	0	0	0	0	0	0	0	0	0	0	0
0	0	0	0	0	0	0	0	0	0.16158684926556	0	0	0.0561214006576765	0.114349256107112	0	0	0	0	0.307052781754534	0	0	0	0	0.105111894663725	0	0	0	0	0	0	0	0	0	0	0	0.2207015745811	0	0	0	0	0	0	0	0	0	0	0	0	2.06870076966242e-08	0	0	0.0350762222832837	0	0	0	0	0	0	0	0	0	0	0	0	0	0	0	0	0	0	0	0	0	0	0	0	0	0	0	0	0	0	0	0	0	0
0	0	0	0	0	0	0.0154687783365756	0	0.0491958082641809	0.156014946325241	0	0	0	0.162785803185012	0	0	0	0	0.208828125084394	0	0	0	0	0.197338110235786	0	0	0	0	0	0	0	0	0	0	0	0.198889177733709	0	0	0	0	0	0	0	0	0	0	0	0	2.11915976086955e-08	0	0	0	0	0	0	0	0	0	0	0	0	0	0	0	0	0	0	0	0	0	0	0	0	0	0	0	0	0	0	0	0	0	0	0.0114792296435043	0	0
0	0	0	0	0	0	0	0	0	0.0184540975451741	0	2.21493030315603e-08	0.057677135316657	0.2444449192517	0	0	0	0.00791447198828995	0.1806426808939	0	0	0	0	0.329275087978868	0	0	0	0.0302191943310764	0	0	0	0	0	0	0	0.053033959020091	0	0	0	0	0	0	0	0	0	0	0	0	0	0	0	0	0	0	0	0	0	0	0	0	0	0	0.0101572263775267	0	0	0	0	0	0	0	0	0	0	0	0	0	0	0	0	0.0183859339579032	0	0	0	0	0	0.0497952711895104
0	0	0	0	0	0	0	0	0.0176709299920227	0.0833267087663059	0	2.12569853414366e-08	0.00505387772325838	0.237620126807235	0	0	0	0	0.201486637923829	0	0	0	0.0166225258434989	0.2012269172019	0	0	0	0	0	0	0	0	0	0	0	0.204598176253981	0	0	0	0	0	0	0	0	0	0	0	0	0	0	0	0	0	0	0	0	0	0.00323984933531784	0	0	0	0	0	0	0	0	0	0	0	0	0	0	0	0	0	0	0	0	0	0	0	0	0	0.0291542288956655	0	0
0	0	0	0	0	0	0	0	0	0.264913731957065	0	2.35618420492727e-08	0.00872451542371505	0.209321978211917	0	0	0	0	0.195950441860879	0	0	0	0	0.162513483657594	0	0	0	0	0	0	0	0	0	0	0	0.158575825326988	0	0	0	0	0	0	0	0	0	0	0	0	0	0	0	0	0	0	0	0	0	0	0	0	0	0	0	0	0	0	0	0	0	0	0	0	0	0	0	0	0	0	0	0	0	0	0	0	0	0
0	0	0	0	0	0.00920956945270648	0	0	0	0.233160363508548	0	0	0	0.180004240001922	0	0	0	0	0.171021817714804	0	0	0	0	0.108314896539714	0	0	0	0	0	0	0	0	0	0	0	0.298289087969087	0	0	0	0	0	0	0	0	0	0	0	0	2.48132187079374e-08	0	0	0	0	0	0	0	0	0	0	0	0	0	0	0	0	0	0	0	0	0	0	0	0	0	0	0	0	0	0	0	0	0	0	0	0	0
0	0	0	0	0	0	0	0	0	0.191167987252155	0	0	0	0.201606012809938	0	0	0.0215563066539231	0	0.171747564905516	0	0	0	0	0	0	0	0	0	0	0	0	0	0	0	0	0.360032597828791	0	0	0	0	0	0	0	0	0	0	0	0	2.56575233873691e-08	0	0	0	0	0	0	0	0	0	0	0	0	0	0	0	0	0	0	0.0538895048921528	0	0	0	0	0	0	0	0	0	0	0	0	0	0	0	0	0	0
0	0	0	0	0	0	0	0	0	0.18710720017615	0	1.90743361212433e-08	0.0158281562503057	0.157325018381283	0	0	0	0	0.227196739401957	0	0	0	0	0.220806916911688	0	0	0	0	0	0	0	0	0	0	0	0.19173594980428	0	0	0	0	0	0	0	0	0	0	0	0	0	0	0	0	0	0	0	0	0	0	0	0	0	0	0	0	0	0	0	0	0	0	0	0	0	0	0	0	0	0	0	0	0	0	0	0	0	0
0	0	0	0	0	0	0	0	0	0.10679413494974	0	0.0145855494728223	0.0048585260624872	0.207661488590639	0	0	0.0526914200425736	0	0.177814585793572	0	0	0	0	0.220403175373033	0	0	0	0	0	0	0	0	0	0	0	0.119306506614876	0	0	0	0.0217302620277575	0	0.0398083657757358	0	0	0	0.02117220421084	0	0	0	0	0	0	0	0	0	0	0	0	0	0	0	0	0.0131737810859235	0	0	0	0	0	0	0	0	0	0	0	0	0	0	0	0	0	0	0	0	0	0	0
0	0	0	0	0	0	0	0	0	0.0436209919482504	0	2.17586028408349e-08	0	0.313497258113904	0	0.0215930332156635	0	0.0432727690190421	0.135197908188861	0	0	0	0	0.131406114529687	0	0	0	0	0	0	0	0	0	0	0	0.183583216275198	0	0	0	0	0	0	0	0	0	0	0	0	0	0	0.0624163568817638	0	0	0	0	0	0	0	0	0	0	0	0	0	0	0	0	0	0.042515076714847	0	0	0	0	0	0	0	0	0	0	0.0228972533541809	0	0	0	0	0	0
0	0	0	0	0	0	0	0	0	0.208781724451182	0	0	0	0.199950982805551	0	0	0	0	0.108570040826379	0	0	0	0	0.235495032376833	0	0	0	0	0	0	0	0	0	0	0	0.116425768387667	0	0	0	0	0	0	0	0	0	0	0	0	0	0	0	0	0	0	0	0	0	0	0	0	0	0	0	0	0	0	0	0	0	0.00891459139595961	0	0	0	0	0	0	0	0	0	0.0898667118773225	0	0	0	0.0319951478791065	0	0
0	0	0	0	0	0	0	0	0.0126014737076752	0.197673031080637	0	2.4188394425515e-08	0	0.250213389611379	0	0	0	0	0.128590998080976	0	0	0	0	0.153420164643359	0	0	0	0	0	0	0	0	0	0	0	0.135802365707026	0	0	0	0	0	0	0	0	0	0	0	0	0	0	0	0	0	0	0	0	0	0	0	0.0203825010359362	0	0.0171629798475765	0	0	0	0	0.00708695181328397	0.0519719456905032	0	0	0	0	0	0	0	0	0	0	0	0	0	0	0	0.0250941745932546	0	0
0	0	0	0	0	0	0	0	0	0.0797201842575196	0	0	0	0.26066602876835	0	0	0	0	0.224925226389453	0	0	0	0	0.234837795177847	0	0	0	0.0251948354531697	0	0	0	0	0	0	0	0.0253647288134867	0	0	0	0	0	0	0	0	0.0220071997357068	0	0	0	2.26778561379859e-08	0	0	0	0	0	0	0	0	0.00863992693591572	0	0	0	0	0	0	0	0	0	0	0.0140350601887004	0	0	0	0	0	0.0847326564620564	0	0	0	0	0.0198763351399382	0	0	0	0	0	0
0	0	0	0	0	0	0	0	0	0.106203073694368	0	1.99174950269968e-08	0	0.293805278567787	0	0	0	0	0.215920102722715	0	0	0	0.0151292756836129	0.20501608964854	0	0	0	0	0	0	0	0	0	0	0	0.163926159765482	0	0	0	0	0	0	0	0	0	0	0	0	0	0	0	0	0	0	0	0	0	0	0	0	0	0	0	0	0	0	0	0	0	0	0	0	0	0	0	0	0	0	0	0	0	0	0	0	0	0
0	0	0	0	0	0	0	0	0	0.228601530536473	0	2.03231761355965e-08	0	0.206926528394662	0	0	0	0	0.160941822059519	0	0	0	0	0.271304843683533	0	0	0	0	0	0	0	0	0	0	0	0.101306668474871	0	0	0	0	0	0	0	0	0	0	0	0	0	0	0	0	0	0	0	0	0	0	0	0	0	0	0	0	0	0	0	0	0	0	0	0	0	0	0	0	0	0	0	0	0	0	0	0.0114509880593027	0.0194675984684623	0
0	0	0	0	0	0	0	0	0	0.241622862683169	0	2.18971741028224e-08	0	0.205515474975091	0	0	0	0	0.189743470289058	0	0	0	0	0.211147709019864	0	0	0	0	0	0	0	0	0	0	0	0.151970461135644	0	0	0	0	0	0	0	0	0	0	0	0	0	0	0	0	0	0	0	0	0	0	0	0	0	0	0	0	0	0	0	0	0	0	0	0	0	0	0	0	0	0	0	0	0	0	0	0	0	0
0	0	0	0	0	0	0	0	0	0.177676770402365	0	2.64471657238451e-08	0	0.186668214597252	0	0	0	0	0.202515830418464	0	0	0.0481905843522187	0.0232544010459011	0.215921237254959	0	0	0	0	0	0	0	0	0	0	0	0.145772935481674	0	0	0	0	0	0	0	0	0	0	0	0	0	0	0	0	0	0	0	0	0	0	0	0	0	0	0	0	0	0	0	0	0	0	0	0	0	0	0	0	0	0	0	0	0	0	0	0	0	0
0	0	0	0	0	0	0	0	0	0.0658123172090355	0	2.17535879465325e-08	0	0.203735396963311	0	0	0	0	0.243782944996529	0	0	0	0.00751500425225698	0.280451252492403	0	0	0	0	0	0	0	0	0	0	0	0.0581142788348422	0	0	0	0	0	0	0	0	0	0	0	0	0.0217181169965725	0	0.0166161511688705	0	0	0	0	0	0	0	0	0	0	0.0196402710004527	0	0	0	0	0.0608113146877049	0	0	0	0.00918175048674359	0.00754597423549561	0	0.00507520492219444	0	0	0	0	0	0	0	0	0	0	0	0
0	0.010135165015522	0	0	0	0	0.0447231047989743	0	0	0.119235026707316	0	2.37995003947426e-08	0.00398976959220369	0.0781372041199365	0	0	0	0	0.175853380608152	0	0	0	0	0.166971193334008	0	0	0	0	0	0	0	0	0	0	0	0.197955558446398	0	0	0	0	0	0	0	0	0	0	0	0	0	0	0	0	0	0	0	0	0	0	0	0	0	0	0	0	0	0	0.131394702167702	0	0	0	0.00526598487428998	0	0	0	0.0399754090018084	0	0	0	0	0	0	0	0	0	0.0263634775341892	0
0	0	0	0	0	0	0	0	0.0633260924975688	0.111298346161702	0	1.76021211988327e-08	0	0.219799971292828	0	0	0	0	0.13265028674454	0	0	0	0	0.232007789490633	0	0	0	0	0	0	0	0	0	0	0	0.240917496210607	0	0	0	0	0	0	0	0	0	0	0	0	0	0	0	0	0	0	0	0	0	0	0	0	0	0	0	0	0	0	0	0	0	0	0	0	0	0	0	0	0	0	0	0	0	0	0	0	0	0
0	0	0	0	0	0	0	0	0	0.399549198998381	0	0	0	0.0802690545600613	0	0	0	0	0.226408874292755	0	0	0	0	0.169346895794191	0	0	0	0	0	0	0	0	0	0	0	0.102917749520692	0	0	0	0	0	0	0	0	0	0	0	0	2.00196719515342e-08	0	0	0	0	0	0	0	0	0	0	0	0	0	0	0	0	0	0	0	0	0.0215082068142476	0	0	0	0	0	0	0	0	0	0	0	0	0	0	0	0
0	0	0	0	0	0	0	0.127936374657724	0	0.146676814811767	0	0	0	0.111061561806203	0	0	0	0	0.175188591178344	0	0	0	0	0.174094017268505	0	0	0	0	0	0	0	0	0	0	0	0.117075666842072	0	0	0	0	0	0	0	0	0	0	0	0	2.65245961905678e-08	0	0	0	0	0	0	0	0	0	0	0.0847060493321246	0	0.012555253802482	0	0	0	0	0	0	0	0	0	0	0	0	0.0507056437761816	0	0	0	0	0	0	0	0	0	0	0
0	0	0	0	0	0	0	0	0	0.220917389067874	0	1.99999592213095e-08	0	0.105867198684647	0	0	0	0	0.182265154263464	0	0	0	0	0.249062719192787	0	0	0	0	0	0	0	0	0	0	0	0.241887518791269	0	0	0	0	0	0	0	0	0	0	0	0	0	0	0	0	0	0	0	0	0	0	0	0	0	0	0	0	0	0	0	0	0	0	0	0	0	0	0	0	0	0	0	0	0	0	0	0	0	0
0	0	0	0	0	0	0	0	0.00668306062343749	0.204395599696967	0	2.19837498153147e-08	0	0.120170665915452	0	0	0	0	0.195048327292305	0	0	0	0	0.140707476501798	0	0	0	0	0	0	0	0	0	0	0	0.323201551364628	0	0	0	0	0	0	0	0	0	0	0	0	0	0	0	0	0	0	0	0	0	0	0	0	0	0	0	0	0	0	0	0	0	0	0	0	0	0	0	0	0	0	0	0	0	0	0	0.00979329662166306	0	0
0	0	0	0	0	0	0	0.0375998747516181	0	0.149086340065281	0	0	0	0.136554209330699	0	0	0	0	0.253876331406101	0	0	0	0.0096065644676558	0.159900792971114	0	0	0	0	0	0	0	0	0	0	0	0.169441942525958	0	0	0	0	0	0	0	0	0	0.0733457564332257	0	0	2.41994072167211e-08	0	0	0	0	0	0	0	0	0	0	0	0	0	0	0	0	0	0	0	0	0.0105881638489398	0	0	0	0	0	0	0	0	0	0	0	0	0	0	0	0
0	0	0	0	0	0	0	0.00818252069217766	0.00507783039309559	0.201023168059099	0	2.14360709919176e-08	0	0.140699554100876	0	0	0.0284400017233145	0	0.209115040376023	0	0	0	0	0.139943837395689	0	0	0	0	0	0	0	0	0	0	0	0.198754352893509	0	0	0	0	0	0	0	0	0	0	0	0	0	0	0	0	0	0	0	0	0	0	0	0	0	0	0	0	0	0	0	0.016567312388589	0	0	0	0	0	0	0	0	0.0132833833682647	0	0	0	0	0	0	0.038912977173291	0	0
0	0	0	0	0	0	0	0	0	0.106496184498852	0	0	0	0.235468804960793	0	0	0	0	0.213317389325272	0	0	0	0.0273989521221422	0.173376448260948	0	0	0	0	0	0	0	0	0	0	0	0.0761762422831881	0	0	0	0	0	0	0	0	0	0	0	0	0	0	0	0	0	0	0	0	0	0	0	0	0	0	0	0	0	0	0	0	0	0	0	0	0	0	0	0	0	0	0	0.167765978548805	0	0	0	0	0	0
0	0	0	0	0	0	0	0	0	0.152496834352775	0	2.62182381696113e-08	0	0.215451569464399	0	0	0	0.02253487593203	0.185964840235524	0	0	0	0	0.142222582898953	0	0	0	0	0	0	0	0	0	0	0	0.188360635569216	0	0	0	0	0	0	0	0	0.0127926317526663	0	0	0	0	0	0	0	0	0	0	0	0	0	0	0	0	0.0236046757837317	0	0.0363748073546113	0	0	0.0201965204378553	0	0	0	0	0	0	0	0	0	0	0	0	0	0	0	0	0	0	0
0.0102112081084254	0	0	0	0	0	0	0	0	0.103430392216496	0	2.10882302012436e-08	0	0.251307717428584	0	0	0	0	0.183083606469769	0	0	0.0232180123943353	0.031637701204581	0.127883704898429	0	0	0	0	0	0	0	0	0	0	0	0.237407921667063	0	0	0	0	0	0	0	0	0	0	0	0	0	0	0	0	0	0	0	0	0	0.00570786224353903	0	0	0	0	0	0	0	0	0	0	0	0	0.0261118522805483	0	0	0	0	0	0	0	0	0	0	0	0	0	0	0
0	0	0	0	0	0	0	0	0	0.292637307863919	0	2.22615253912635e-08	0	0.186349727797191	0	0	0	0	0.185222748525846	0	0	0	0	0.198160910502463	0	0	0	0	0	0	0	0	0	0	0	0.0921109418536116	0	0	0	0	0	0	0	0	0	0	0	0	0	0	0	0	0	0	0	0	0.0115756292622925	0	0	0	0	0.0339427119331521	0	0	0	0	0	0	0	0	0	0	0	0	0	0	0	0	0	0	0	0	0	0	0	0
0	0	0	0	0	0	0	0	0	0.325143030659809	0	1.62321513057136e-08	0.0422791638730449	0.108090087669654	0	0	0	0	0.176152222475072	0	0	0	0	0.131798580117012	0	0	0	0	0	0	0	0	0	0	0	0.216536898973257	0	0	0	0	0	0	0	0	0	0	0	0	0	0	0	0	0	0	0	0	0	0	0	0	0	0	0	0	0	0	0	0	0	0	0	0	0	0	0	0	0	0	0	0	0	0	0	0	0	0
0	0	0	0	0	0	0	0	0	0.258571201337978	0	0	0	0.105723348163382	0	0	0	0	0.201859109411781	0	0	0	0.0284895622889075	0.0862184105711472	0	0	0	0	0	0	0	0	0	0	0.0365786113047292	0.240467783800792	0	0	0	0	0	0	0	0	0	0	0	0	2.32202014017106e-08	0	0	0	0	0	0	0	0	0.00393753378124372	0	0	0	0	0	0	0	0	0	0.0381544161198383	0	0	0	0	0	0	0	0	0	0	0	0	0	0	0	0	0	0
0	0	0	0	0	0	0	0	0	0.145728274128224	0	2.00410940131453e-08	0	0.270347573676545	0	0	0	0	0.174943136530659	0	0	0	0.00435715611251299	0.158992210721627	0	0	0	0	0	0	0	0	0	0	0	0.213781643194747	0	0	0	0	0	0	0	0	0	0	0	0	0	0	0	0	0	0	0	0	0	0	0	0	0	0.0229044116264234	0	0	0	0	0	0	0	0	0	0	0	0	0	0	0	0	0	0	0	0	0	0.00894557396816825	0	0
0	0	0	0	0	0	0	0	0	0.0969846327477585	0	2.14309000573866e-08	0	0.262261911663194	0	0	0	0	0.138314242091132	0	0	0	0.00258117554600298	0.268914904875769	0	0	0	0	0	0	0	0	0	0	0	0.139486166630801	0	0	0	0	0	0	0	0	0	0	0	0	0	0	0	0	0	0	0	0	0	0	0	0	0	0	0	0	0	0	0.0348465422440274	0.0566104027704145	0	0	0	0	0	0	0	0	0	0	0	0	0	0	0	0	0	0
0	0	0	0	0	0	0	0	0.00621077609682245	0.184031992324431	0	2.61435386089923e-08	0.0345339317857726	0.220682830035878	0	0	0	0	0.160506887217586	0	0	0	0.0940057725253207	0.185243416423558	0	0	0	0	0	0	0	0	0	0	0	0.108238837544192	0	0	0	0	0	0	0	0	0	0	0	0	0	0	0	0	0	0	0	0	0	0	0	0	0	0.00654552990290085	0	0	0	0	0	0	0	0	0	0	0	0	0	0	0	0	0	0	0	0	0	0	0	0
0	0	0	0	0	0	0	0	0	0.141010553893693	0	2.34049618792323e-08	0	0.215072956450981	0	0	0	0	0.182038662324812	0	0	0	0.0212367623235673	0.20002597925109	0	0	0	0	0	0	0	0	0	0	0	0.156500080814586	0	0	0	0	0	0	0	0	0	0	0	0	0	0	0	0	0	0	0	0	0	0.020523340753459	0	0	0	0	0	0	0	0	0	0.0396410120892478	0	0.00974684511856761	0.0142037835750354	0	0	0	0	0	0	0	0	0	0	0	0	0	0	0
0	0	0	0	0	0	0	0	0	0.278183972925757	0	2.24112742841579e-08	0.036805074706403	0.218974000422143	0	0	0	0	0.132781919140285	0	0	0	0	0.156460644807719	0	0	0	0	0	0	0	0	0	0	0	0.176794365586419	0	0	0	0	0	0	0	0	0	0	0	0	0	0	0	0	0	0	0	0	0	0	0	0	0	0	0	0	0	0	0	0	0	0	0	0	0	0	0	0	0	0	0	0	0	0	0	0	0	0
0	0	0	0	0	0	0	0	0	0.074794855713614	0	2.84655451728774e-08	0	0.16163890527572	0	0	0.032690492979495	0	0.18872056731379	0	0	0	0	0.210729989755823	0	0	0	0	0	0	0	0	0	0	0	0.0656555844020303	0	0	0	0	0	0	0	0	0	0	0	0	0	0	0	0	0	0	0	0	0	0	0	0	0	0.0388068450724739	0	0	0	0	0.0108626273590225	0.192482764884914	0	0	0	0	0	0	0	0	0	0	0	0.0236173387775715	0	0	0	0	0	0
0	0	0	0	0	0	0	0	0	0.184802791237967	0	1.98467995482878e-08	0.0213199860708975	0.113268530089072	0	0	0	0	0.25799907603962	0	0	0	0	0.147923765275803	0	0	0	0	0	0	0	0	0	0	0	0.274685831439841	0	0	0	0	0	0	0	0	0	0	0	0	0	0	0	0	0	0	0	0	0	0	0	0	0	0	0	0	0	0	0	0	0	0	0	0	0	0	0	0	0	0	0	0	0	0	0	0	0	0
0	0	0	0	0	0	0	0	0	0.240875545374729	0	2.15446336757972e-08	0.0472978995976409	0.0991225626009874	0	0	0	0	0.146700558088016	0	0	0	0.0481628762456213	0.0651267042611531	0	0	0	0.0263751657183217	0	0	0	0	0	0	0	0.265366030559481	0	0	0	0	0	0	0	0	0	0	0	0	0	0	0	0	0	0	0	0	0	0	0	0	0	0	0	0	0	0	0.00468185921444604	0	0	0	0	0	0	0	0.0562907767949708	0	0	0	0	0	0	0	0	0	0	0
0	0	0	0	0	0	0	0	0	0.224944192039055	0	2.40870112900227e-08	0	0.130789795751125	0	0	0	0	0.158435963743086	0	0	0	0	0.192238137420259	0	0	0	0	0	0	0	0	0	0	0	0.240084568179412	0	0	0	0	0	0	0	0	0	0	0	0	0	0	0	0	0	0	0	0	0	0	0	0	0	0	0	0	0	0	0	0.0535073187800509	0	0	0	0	0	0	0	0	0	0	0	0	0	0	0	0	0	0
0	0	0	0	0	0	0	0	0	0.165766427041325	0	2.15199319560195e-08	0	0.18356018632552	0	0	0	0	0.197217057933217	0	0	0	0	0.180588891531122	0	0	0	0	0	0	0	0	0	0	0	0.272867415648884	0	0	0	0	0	0	0	0	0	0	0	0	0	0	0	0	0	0	0	0	0	0	0	0	0	0	0	0	0	0	0	0	0	0	0	0	0	0	0	0	0	0	0	0	0	0	0	0	0	0
0	0	0	0	0	0	0	0.075201710809913	0	0.0611170596560523	0	1.9694282225519e-08	0	0.147107027615715	0	0	0	0	0.164321523055665	0	0	0	0.0452158455508369	0.171216413765859	0	0	0	0	0	0	0	0	0	0	0	0.242437089621227	0	0	0	0	0	0	0	0	0	0	0	0	0	0	0	0	0	0	0.0452289625508604	0	0	0	0	0.00687251807678562	0	0.041281829602803	0	0	0	0	0	0	0	0	0	0	0	0	0	0	0	0	0	0	0	0	0	0	0	0
0	0	0	0	0	0	0	0.0110503271370478	0	0.23633268038425	0	2.04189245639598e-08	0.0132127874003786	0.222485426754049	0	0	0	0	0.0835343083386557	0	0	0	0.0282584825333606	0.172153230489228	0	0	0	0	0	0	0	0	0	0	0	0.196444112893507	0	0	0	0	0	0	0	0	0	0	0	0	0	0	0	0	0	0	0	0	0	0	0	0	0	0	0	0	0	0	0	0.0365286236505996	0	0	0	0	0	0	0	0	0	0	0	0	0	0	0	0	0	0
0	0	0	0	0	0	0	0	0	0.0484934145728231	0	2.03723303382065e-08	0.00970411294416015	0.191565475700219	0	0	0	0	0.117360642170764	0	0	0	0.0371337092466252	0.329427245446846	0	0	0	0.038027593597072	0	0	0	0	0	0	0	0.177140542702086	0	0	0	0	0	0	0	0	0	0	0	0	0	0	0	0	0	0	0	0	0	0	0	0	0	0	0	0	0	0.0511472432470745	0	0	0	0	0	0	0	0	0	0	0	0	0	0	0	0	0	0	0	0
0	0.0238700960343485	0	0	0	0	0	0	0.0773062873036105	0.0956308526074083	0	2.27892610306376e-08	0	0.180168984250361	0	0	0	0	0.116553041220389	0	0	0	0	0.450331335778794	0	0	0	0	0	0	0	0	0	0	0	0	0	0	0	0	0	0	0	0	0	0	0	0	0	0	0	0	0	0	0	0	0	0	0	0	0	0.0561393800158279	0	0	0	0	0	0	0	0	0	0	0	0	0	0	0	0	0	0	0	0	0	0	0	0
0	0	0	0	0	0	0	0	0	0.113148114876898	0	1.96733965348315e-08	0	0.221885222424492	0	0	0	0	0	0	0	0	0	0.242639598136746	0	0	0	0	0	0	0	0	0	0	0	0.17682225822327	0	0	0	0	0	0	0	0	0	0	0	0	0	0	0	0	0	0	0	0	0	0	0	0	0	0.0562832061777165	0	0	0	0	0	0.134173058483086	0	0	0	0	0.0550485220043958	0	0	0	0	0	0	0	0	0	0	0	0	0
0	0	0	0	0	0	0	0	0.0721095315249338	0.0655675651228732	0	0	0	0.26697946420909	0	0	0	0	0.245297254202417	0	0	0	0	0.137786057461541	0	0	0	0	0	0	0	0	0	0	0	0.196449368396736	0	0	0	0	0	0	0	0	0	0	0	0	0	0	0	0	0	0	0	0	0	0	0	0	0	0	0	0	0	0	0	0	0	0	0	0	0	0	0	0	0	0	0	2.44801143282301e-08	0	0	0	0	0	0.0158107346022936
0	0	0	0	0	0	0	0	0	0.193548663345683	0	1.86732147417843e-08	0	0.254501653076578	0	0	0	0	0.144802350716566	0	0	0	0	0.320496191536102	0	0	0	0	0	0	0	0	0	0	0	0.086651122651856	0	0	0	0	0	0	0	0	0	0	0	0	0	0	0	0	0	0	0	0	0	0	0	0	0	0	0	0	0	0	0	0	0	0	0	0	0	0	0	0	0	0	0	0	0	0	0	0	0	0
0	0	0	0	0	0	0	0	0	0.191375132795259	0	0	0	0.290232914678882	0	0	0	0	0.180263893769389	0	0	0	0	0.17106216060418	0	0	0	0	0	0	0	0	0	0	0	0.167065877366905	0	0	0	0	0	0	0	0	0	0	0	0	0	0	0	0	0	0	0	0	0	0	0	0	0	0	0	0	0	0	0	0	0	0	0	0	0	0	0	0	0	0	0	2.07853851586158e-08	0	0	0	0	0	0
0	0	0	0	0	0	0	0	0	0.14899328496584	0	0	0	0.344787127945711	0	0	0	0	0.207411095221244	0	0	0	0	0.151996787043433	0	0	0	0	0	0	0	0	0	0	0	0.136577505920329	0	0	0	0	0	0	0	0	0	0	0	0	2.09044758748508e-08	0	0	0	0	0	0	0	0	0	0	0	0	0.0102341779989687	0	0	0	0	0	0	0	0	0	0	0	0	0	0	0	0	0	0	0	0	0	0	0	0
0	0	0	0	0	0	0	0	0	0.26690335634654	0	2.14873105875023e-08	0	0.224971526174941	0	0	0	0	0.153573023995559	0	0	0	0	0.197066025443068	0	0	0	0	0	0	0	0	0	0	0	0.157486046552582	0	0	0	0	0	0	0	0	0	0	0	0	0	0	0	0	0	0	0	0	0	0	0	0	0	0	0	0	0	0	0	0	0	0	0	0	0	0	0	0	0	0	0	0	0	0	0	0	0	0
0	0	0	0	0	0	0	0	0	0.172573308816986	0	0	0.0138919144861803	0.173064994943158	0	0	0	0	0.232273906078472	0	0	0	0	0.144828173131984	0	0	0	0	0	0	0	0	0	0	0	0.263367680604844	0	0	0	0	0	0	0	0	0	0	0	0	2.19383754353631e-08	0	0	0	0	0	0	0	0	0	0	0	0	0	0	0	0	0	0	0	0	0	0	0	0	0	0	0	0	0	0	0	0	0	0	0	0	0
0	0	0	0	0	0	0	0.0150440256179091	0	0.172181838742157	0	2.24037615420445e-08	0	0.111319856801615	0	0	0	0	0.252861392151714	0	0	0	0.0161987471333891	0.246658293964099	0	0	0	0	0	0	0	0	0	0	0	0.14368849466224	0	0	0	0	0	0.0207979830255902	0	0	0	0	0	0	0	0	0	0	0	0	0	0	0	0	0	0	0	0.0212493454975254	0	0	0	0	0	0	0	0	0	0	0	0	0	0	0	0	0	0	0	0	0	0	0	0
0	0	0	0	0	0	0	0.0104132942930058	0	0.116780377900502	0	2.29668981626111e-08	0.0494317490814076	0.258480346780367	0	0	0	0	0.137357848308231	0	0	0	0	0.232636361717939	0	0	0	0	0	0	0	0	0	0	0	0.163892209306767	0	0	0	0	0	0.0310077896448825	0	0	0	0	0	0	0	0	0	0	0	0	0	0	0	0	0	0	0	0	0	0	0	0	0	0	0	0	0	0	0	0	0	0	0	0	0	0	0	0	0	0	0	0
0	0	0	0	0	0	0	0	0.00830358077825115	0.147262364520234	0	0	0.00347060073787456	0.27736740228542	0	0	0	0	0.253790324906532	0	0	0	0	0.12994299107355	0	0	0	0	0	0	0	0	0	0	0	0.147888178574646	0	0	0	0	0	0	0	0	0	0	0	0	2.33577817308618e-08	0	0	0	0	0	0	0	0	0	0	0	0	0	0	0	0	0.0319745337657108	0	0	0	0	0	0	0	0	0	0	0	0	0	0	0	0	0	0	0	0
0	0	0	0	0	0	0	0	0	0.179798022819896	0	2.62074146899151e-08	0.0147668827650225	0.151704189297712	0	0	0	0	0.124897350280617	0	0	0	0.0292290434348199	0.283030083785567	0	0	0	0	0	0	0	0	0	0	0	0.107456625414303	0	0	0	0	0	0	0	0	0	0	0	0	0	0	0	0	0	0	0	0	0	0	0	0	0	0.0443260349808991	0	0	0	0.005067186538452	0	0	0	0	0	0	0	0	0	0	0	0	0	0.0597245544752974	0	0	0	0	0	0
0	0	0	0	0	0	0	0	0	0.14021228858399	0	0	0	0.229983070788531	0	0	0	0	0.228011910544551	0	0	0	0	0.174897897085282	0	0	0	0	0	0	0	0	0	0	0	0.155199232773984	0	0	0	0	0	0	0	0	0	0	0	0	2.44410274989091e-08	0	0	0	0	0	0	0	0	0	0	0	0	0.0264705613288349	0	0	0	0	0	0	0	0	0	0	0	0.0160494318205931	0.0155832502962282	0	0	0	0	0	0	0	0	0.0135923323369781	0	0
0	0	0	0	0	0	0	0	0	0.207568531582195	0	0.000125328701224002	0	0.301976892219889	0	0	0	0	0.151048380643436	0	0.00807301201671936	0	0	0.142617367541688	0	0	0	0	0	0	0	0	0	0	0	0.119595017066446	0	0	0	0	0	0	0	0	0	0	0	0	0	0	0	0	0	0	0	0	0	0.00577139403946048	0	0	0	0.0297157665145706	0	0	0	0	0	0	0	0	0.0335083096743715	0	0	0	0	0	0	0	0	0	0	0	0	0	0	0
0	0	0	0	0	0	0	0	0	0.155105301760506	0	1.95769495719016e-08	0	0.17568574891952	0	0	0	0	0.150622247314455	0	0	0	0	0.200269218158865	0	0	0	0	0	0	0	0	0	0	0	0.318317464269704	0	0	0	0	0	0	0	0	0	0	0	0	0	0	0	0	0	0	0	0	0	0	0	0	0	0	0	0	0	0	0	0	0	0	0	0	0	0	0	0	0	0	0	0	0	0	0	0	0	0
0	0	0	0	0	0	0	0	0	0.15636879335054	0	2.34040796446289e-08	0.0495996437924943	0.162358537451361	0	0	0	0	0.118034384551343	0	0	0	0.0404840189533962	0.12435744716772	0	0	0	0	0	0	0	0	0	0	0	0.325575490399835	0	0	0	0	0	0	0	0	0	0	0	0	0	0	0	0	0	0	0	0	0.0232216609292309	0	0	0	0	0	0	0	0	0	0	0	0	0	0	0	0	0	0	0	0	0	0	0	0	0	0	0	0	0
0	0	0	0	0	0	0	0	0	0.251377613448976	0	0	0	0.12794385122551	0	0	0	0	0.209083098444802	0	0	0	0	0.14038064719717	0	0	0	0	0	0	0	0	0	0	0	0.252762886597707	0	0	0	0	0	0	0	0	0	0	0	0	2.0688393242746e-08	0	0	0	0	0	0	0	0	0	0	0	0	0	0	0	0	0	0	0.0184518823974422	0	0	0	0	0	0	0	0	0	0	0	0	0	0	0	0	0	0
0	0.0138602028692628	0	0	0	0	0	0	0	0.0841164998423009	0	2.05846200067168e-08	0	0.230321726466678	0	0	0	0	0.211211827251241	0	0	0	0.0269692695744473	0.207330302104544	0	0	0	0	0	0	0	0	0	0	0	0.20061588668842	0	0	0	0	0	0	0	0	0	0	0	0	0	0	0	0	0	0	0	0	0	0	0	0	0	0.0122025218920895	0	0	0	0	0	0	0	0	0.013371742726397	0	0	0	0	0	0	0	0	0	0	0	0	0	0	0
0	0	0	0	0	0.00603438958694978	0	0	0	0.142521709433304	0	2.47119979050438e-08	0	0.179514235723047	0	0	0	0	0.205654988524512	0	0	0	0	0.306067135517476	0	0	0	0	0	0	0	0	0	0	0	0.133356336465642	0	0	0	0	0	0	0	0	0	0	0	0	0	0	0	0	0	0	0	0	0	0	0	0	0	0	0	0	0	0	0.0109971628696374	0	0	0	0.0158540171674337	0	0	0	0	0	0	0	0	0	0	0	0	0	0	0
0	0	0	0	0	0	0	0	0	0.168586410956181	0	0	0	0.172264204905711	0	0	0	0	0.317524407620229	0	0	0	0	0.107666027323993	0	0	0	0	0	0	0	0	0	0	0	0.184669931204546	0	0	0	0	0	0	0	0	0	0	0	0	1.94001165168026e-08	0	0	0	0	0	0	0	0.0208792033864196	0	0	0	0	0	0	0	0	0	0	0	0	0	0	0	0	0	0	0	0	0	0	0	0	0	0	0.0284097952028037	0	0
0	0	0	0	0	0	0	0	0	0.203920339093424	0	0	0	0.25963318609204	0	0	0	0	0.160663213737603	0	0	0	0	0.189245310884476	0	0	0	0	0	0	0	0	0	0	0	0.118996222119121	0	0	0	0	0	0	0	0	0	0	0	0	2.51407896061463e-08	0	0	0	0	0	0	0	0.0245480033111115	0	0	0	0	0	0	0	0	0	0	0	0	0.0218128888707672	0	0	0.0211808107506669	0	0	0	0	0	0	0	0	0	0	0	0	0
0	0	0	0	0	0	0	0	0	0.21897825959308	0	1.96907468989368e-08	0	0.242053527067262	0	0	0	0	0.105891828779864	0	0	0	0	0.226847412548946	0	0	0	0	0	0	0	0	0	0	0	0.206228952320103	0	0	0	0	0	0	0	0	0	0	0	0	0	0	0	0	0	0	0	0	0	0	0	0	0	0	0	0	0	0	0	0	0	0	0	0	0	0	0	0	0	0	0	0	0	0	0	0	0	0
0	0	0	0	0	0	0	0	0	0.181346765917631	0	0	0	0.125742950712733	0	0	0	0	0.231617859894289	0	0	0	0.0388478965640653	0.0648000648031656	0	0	0	0	0	0	0	0	0	0.0082985482212634	0	0.253832941578859	0	0	0	0	0	0	0.0217676956224679	0	0	0	0.0198866568642417	0	0.00474526424539784	0	0	0	0	0	0	0	0	0	0	0	0	0	0	0	0	0	0	0	0	0.0163251780476757	0	0	0	0	0.0205618895478196	0	0.0122262879803914	0	0	0	0	0	0	0	0	0
0	0.0179964572743061	0	0	0	0	0	0	0	0.200858439725409	0	2.24290435214748e-08	0	0.213432746126506	0	0	0	0	0.0820399891747369	0	0	0	0	0.0712063335348459	0	0	0	0	0	0	0	0	0	0	0	0.284272987751621	0	0	0	0	0	0	0	0	0	0	0	0	0	0	0	0	0	0	0	0	0.066575507813531	0	0	0	0	0.0176814205662792	0	0	0	0	0	0	0	0	0.0056123438005811	0	0	0	0	0	0	0	0	0.0403237518031395	0	0	0	0	0	0
0	0	0	0	0	0	0	0	0	0.0760929175299082	0	1.68717712271166e-08	0	0.279866439711892	0	0	0	0	0.222060126200616	0	0	0	0.00980504667381591	0.125822760677655	0	0	0	0	0	0	0	0	0	0	0	0.286352692334342	0	0	0	0	0	0	0	0	0	0	0	0	0	0	0	0	0	0	0	0	0	0	0	0	0	0	0	0	0	0	0	0	0	0	0	0	0	0	0	0	0	0	0	0	0	0	0	0	0	0
0	0	0	0	0	0	0	0	0	0.119727890398495	0	2.12278525595598e-08	0	0.203125870704527	0	0	0	0	0.255334645681252	0	0	0	0.00588120779025841	0.301323172020164	0	0	0	0	0	0	0	0	0	0	0	0.0866767441618984	0	0	0	0	0	0	0	0	0	0	0	0	0	0	0	0	0	0	0	0	0	0	0	0	0	0	0	0	0	0	0	0	0	0.0279304480155528	0	0	0	0	0	0	0	0	0	0	0	0	0	0	0	0
0	0	0	0	0	0	0	0	0	0.200988627630741	0	0	0	0.214261828355998	0	0	0	0	0.221209144672993	0	0	0	0	0.0914771423450135	0	0	0	0	0	0	0	0	0	0	0	0.248802271558884	0	0	0	0	0	0	0	0	0	0	0	0	2.12348524034336e-08	0	0	0	0	0	0	0	0.0232609642015183	0	0	0	0	0	0	0	0	0	0	0	0	0	0	0	0	0	0	0	0	0	0	0	0	0	0	0	0	0
0	0	0	0	0	0	0	0	0	0.117174006327651	0	0.032969853130724	0.0342134206694244	0.155927629887857	0	0	0.0229401433953433	0	0.203751461818236	0	0	0	0	0.19272399492558	0	0	0	0	0	0	0	0	0	0	0	0.0832197319872071	0	0	0	0	0	0	0	0	0.016089257163377	0	0	0	0	0	0	0	0	0	0	0	0	0	0	0	0	0	0	0	0	0	0	0.140990500694601	0	0	0	0	0	0	0	0	0	0	0	0	0	0	0	0	0	0
0	0	0	0	0	0	0	0	0	0.101924702748134	0	1.97665340159734e-08	0	0.23406442102345	0	0	0	0	0.192640946277441	0	0	0	0	0.0823183111937894	0	0	0	0	0	0	0	0	0	0	0	0.342966264367704	0	0	0	0	0	0	0	0	0	0	0	0	0	0	0	0	0	0	0	0	0	0	0	0	0	0	0	0	0	0	0.0396606535877232	0	0	0	0	0	0.00642468103522485	0	0	0	0	0	0	0	0	0	0	0	0	0
0	0	0	0	0	0	0	0	0.00886500348983732	0.0664260537526049	0	0	0	0.224542914932364	0	0.0101677319701317	0	0	0.224271463115457	0	0	0	0	0.168929608501529	0	0	0	0	0	0	0	0	0	0	0	0.1927864598019	0	0	0	0	0	0	0	0	0	0	0	0	1.84554166190615e-08	0	0	0	0	0	0	0	0	0	0	0	0	0.0604298366099638	0	0	0	0	0	0.0435809093707953	0	0	0	0	0	0	0	0	0	0	0	0	0	0	0	0	0	0
0	0	0	0	0	0	0	0	0	0.0589627391306612	0	2.17620475707594e-08	0	0.244160545815051	0	0	0	0	0.176849198268517	0	0	0	0	0.199036025135207	0	0	0	0	0	0	0	0	0	0	0	0.162193335620737	0	0	0	0	0	0	0	0	0	0	0	0	0	0	0	0	0	0	0	0	0	0	0	0	0	0	0	0	0	0	0	0.158798134267779	0	0	0	0	0	0	0	0	0	0	0	0	0	0	0	0	0	0
0	0	0	0	0	0	0	0	0	0.268226067765889	0	2.17649705289422e-08	0.00868466895948551	0.144741332457979	0	0	0	0	0.176455790106766	0	0	0	0	0.299495034643438	0	0	0	0	0	0	0	0	0	0	0	0.102397084301472	0	0	0	0	0	0	0	0	0	0	0	0	0	0	0	0	0	0	0	0	0	0	0	0	0	0	0	0	0	0	0	0	0	0	0	0	0	0	0	0	0	0	0	0	0	0	0	0	0	0
0	0	0	0	0	0	0	0	0	0.114899775996844	0	2.20411589355215e-08	0.0152159448520973	0.238376517477641	0	0	0	0	0.135312277620323	0	0	0	0.00789135323230605	0.0932584749496122	0	0	0	0	0	0	0	0	0	0	0	0.301947172137503	0	0	0	0	0	0	0	0	0	0	0	0	0	0	0	0	0	0	0	0	0	0	0	0	0	0	0	0	0	0	0	0.0605130529078898	0.00521801829491787	0	0	0	0	0	0.0273673904897063	0	0	0	0	0	0	0	0	0	0	0
0	0	0	0	0	0	0	0	0	0.125008419611358	0	0	0.00425747383750722	0.162896602806206	0	0	0	0	0.312743872219336	0	0	0	0	0.141238618568006	0	0	0	0	0	0	0	0	0	0	0	0.251935959301859	0	0	0	0	0	0	0	0	0	0	0	0	1.87794035278248e-08	0	0	0	0	0	0	0	0	0.00191903487632336	0	0	0	0	0	0	0	0	0	0	0	0	0	0	0	0	0	0	0	0	0	0	0	0	0	0	0	0
0	0	0	0	0	0	0	0	0	0.219351983818348	0	0	0	0.136019775280152	0	0	0	0	0.218344975254089	0	0	0	0	0.163097305694431	0	0	0	0	0	0	0	0	0	0	0	0.15794747511319	0	0	0	0.0461027153796375	0	0	0	0	0	0	0	0	2.38983205332507e-08	0	0	0	0	0	0	0	0	0	0	0	0	0	0	0	0	0	0	0	0	0	0	0	0	0	0.059135745561832	0	0	0	0	0	0	0	0	0	0	0
0	0	0	0	0	0	0	0	0	0.0960880159225205	0	0	0.00900234837519493	0.145746771659151	0	0	0	0	0.246492559792409	0	0	0	0	0.20924559658365	0	0	0	0	0	0	0	0	0	0	0	0.199295021964488	0	0	0	0	0	0	0	0	0	0	0	0	0.0941296857025868	0	0	0	0	0	0	0	0	0	0	0	0	0	0	0	0	0	0	0	0	0	0	0	0	0	0	0	0	0	0	0	0	0	0	0	0	0
0	0	0	0	0	0	0	0	0	0.116695900610484	0	2.25398871278629e-08	0.0146354281713379	0.299353936767776	0	0	0	0	0.132604497581323	0	0	0	0.00958716208640037	0.21291282799779	0	0	0	0	0	0	0	0	0	0	0	0.214210224245002	0	0	0	0	0	0	0	0	0	0	0	0	0	0	0	0	0	0	0	0	0	0	0	0	0	0	0	0	0	0	0	0	0	0	0	0	0	0	0	0	0	0	0	0	0	0	0	0	0	0
0	0	0	0	0	0	0	0	0	0.120119983637224	0	0	0	0.211726201776035	0	0	0	0	0.259663124314129	0	0	0	0	0.154789025865265	0	0	0	0.0238990593592726	0	0	0	0	0	0	0	0.186920624409356	0	0	0	0	0.0428819578267271	0	0	0	0	0	0	0	2.28119907328763e-08	0	0	0	0	0	0	0	0	0	0	0	0	0	0	0	0	0	0	0	0	0	0	0	0	0	0	0	0	0	0	0	0	0	0	0	0	0
0	0	0	0	0	0.00785828946384659	0	0.00856107803681913	0	0.126206440258878	0	0	0	0.225347029225767	0	0	0	0	0.157825609682008	0	0	0	0	0.296232506363214	0	0	0	0	0	0	0	0	0	0	0	0.0355248374255991	0	0	0	0	0	0	0	0	0	0	0	0	0	0	0	0	0	0	0	0	0	0	0	0	0	0	0	0	0	0	0	0	0	0	0	0	0	0	0	0	0	0	0	0.142444209543868	0	0	0	0	0	0
0	0	0	0	0	0	0	0	0	0.152833990604684	0	2.14966163122828e-08	0	0.123858760690695	0	0	0	0	0.168349750428016	0	0	0	0.00525195788369759	0.0938880580144932	0	0	0	0	0	0	0	0	0	0	0	0.334263524735081	0	0	0	0	0	0	0	0	0	0	0	0	0	0	0	0	0	0	0	0	0	0	0	0	0	0.0608989635494342	0	0	0	0	0	0	0	0	0	0	0	0	0	0	0	0	0	0.0606549725972827	0	0	0	0	0	0
0	0	0	0	0	0	0	0	0	0.171207146192922	0	0	0	0.168317625264384	0	0	0	0	0.213898883760595	0	0	0	0	0.169710180527964	0	0	0	0	0	0	0	0	0	0	0	0.210250809060273	0	0	0	0.0194844641535726	0	0	0	0	0	0.0102142526304743	0	0	1.98485957210176e-08	0	0	0	0	0	0	0	0	0	0	0	0	0	0	0	0	0	0	0	0	0	0	0	0	0.0369166185612191	0	0	0	0	0	0	0	0	0	0	0	0
0	0	0	0	0	0	0	0	0	0.0807189472493903	0	0	0.0134184282183564	0.135223306504604	0	0	0	0	0.212430435668808	0	0	0	0	0.155352712210715	0	0	0	0.0381237701995013	0	0	0	0	0	0	0	0.262428553348143	0	0	0	0	0	0	0	0	0	0	0	0	0	0	0	0	0	0	0	0	0	0	0	0	0	0	0	0	0	0	0	0	0	0	0	0	0	0	0	0	0	0	0	0.102303846600483	0	0	0	0	0	0
0	0	0	0	0	0	0	0	0	0.151675181085207	0	2.23988635675918e-08	0	0.140861057777626	0	0	0.03960969762558	0	0.211199041362079	0	0.00492830464806079	0	0	0.180169534524886	0	0	0	0	0	0	0	0	0	0	0	0.213787054373309	0	0	0	0	0	0	0	0	0	0	0	0	0	0	0	0	0	0	0	0	0	0	0	0.0166310085159372	0	0	0	0	0	0	0	0.0411390976884525	0	0	0	0	0	0	0	0	0	0	0	0	0	0	0	0	0	0
0	0	0	0	0	0	0	0	0	0.33766777728234	0	1.94313162071753e-08	0	0.124961061029582	0	0	0	0	0.14871819016293	0	0	0	0	0.0742742262190592	0	0	0	0	0	0	0	0	0	0	0	0.314378725874772	0	0	0	0	0	0	0	0	0	0	0	0	0	0	0	0	0	0	0	0	0	0	0	0	0	0	0	0	0	0	0	0	0	0	0	0	0	0	0	0	0	0	0	0	0	0	0	0	0	0
0	0.00984293482678389	0	0	0	0	0	0	0	0.156708235734887	0	0	0	0.233353344159341	0	0	0	0	0.188622052047785	0	0	0	0	0.136707615249829	0	0	0	0	0	0	0	0	0	0	0	0.22207413352861	0	0	0	0	0	0	0	0	0	0	0	0	2.24027481173445e-08	0	0	0	0	0	0	0	0	0	0	0	0	0.0219907787913378	0	0	0	0	0	0	0	0	0	0	0	0	0.0307008832586791	0	0	0	0	0	0	0	0	0	0	0
0	0	0	0	0	0	0	0	0	0.110090370854182	0	0.0125336606496713	0	0.251501155381138	0	0	0	0	0.254407904369255	0	0	0	0	0.225101199236348	0	0	0	0	0	0	0	0	0	0	0	0.0826697986284453	0	0	0	0	0	0	0	0	0	0	0	0	0	0	0	0	0	0	0	0	0	0	0	0	0	0	0.0374150597677203	0	0	0	0.0262808511132394	0	0	0	0	0	0	0	0	0	0	0	0	0	0	0	0	0	0	0
0	0	0	0	0	0	0	0	0.0164504285946468	0.299002270961295	0	2.31006489406284e-08	0.0262216081528105	0.114034213834487	0	0	0	0	0.183199424230117	0	0	0	0.0211599306402899	0.185307158091247	0	0	0	0	0	0	0	0	0	0	0	0.131642465324282	0	0	0	0	0	0	0	0	0	0	0	0	0	0	0	0	0	0	0	0	0	0	0	0	0	0	0	0	0	0	0	0	0	0	0.0229824770701751	0	0	0	0	0	0	0	0	0	0	0	0	0	0	0
0	0	0	0	0	0	0	0	0	0.151145130269859	0	2.7045176553568e-08	0	0.11639364900621	0	0	0	0	0.157207294239217	0	0	0	0	0.279175777080236	0	0	0.0373439039442861	0	0	0	0	0	0	0	0	0.15328113589885	0	0	0	0	0	0	0	0	0	0	0	0	0	0	0	0	0	0	0	0	0	0.00870618019599895	0	0	0	0	0	0	0	0	0.0584756368212678	0	0	0	0	0	0	0	0	0	0	0	0	0	0	0	0	0.0382712654988982	0	0
0	0.0426427131098778	0	0	0	0	0	0	0	0.0845838045841416	0	0	0	0.255839673522075	0	0	0	0	0.196690168310271	0	0	0	0	0.129926807482234	0	0	0	0	0	0	0	0	0	0	0	0.0973675245879918	0	0	0	0	0	0.055922594984421	0	0	0	0	0	0	2.82360508983241e-08	0	0	0	0	0	0	0	0	0	0	0	0	0	0	0	0	0	0	0	0	0	0	0	0	0	0.137026685182938	0	0	0	0	0	0	0	0	0	0	0
