"SBS1"	"SBS2"	"SBS3"	"SBS4"	"SBS5"	"SBS6"	"SBS7a"	"SBS7b"	"SBS7c"	"SBS7d"	"SBS8"	"SBS9"	"SBS10a"	"SBS10b"	"SBS10c"	"SBS10d"	"SBS11"	"SBS12"	"SBS13"	"SBS14"	"SBS15"	"SBS16"	"SBS17a"	"SBS17b"	"SBS18"	"SBS19"	"SBS20"	"SBS21"	"SBS22a"	"SBS22b"	"SBS23"	"SBS24"	"SBS25"	"SBS26"	"SBS27"	"SBS28"	"SBS29"	"SBS30"	"SBS31"	"SBS32"	"SBS33"	"SBS34"	"SBS35"	"SBS36"	"SBS37"	"SBS38"	"SBS39"	"SBS40a"	"SBS40b"	"SBS40c"	"SBS41"	"SBS42"	"SBS43"	"SBS44"	"SBS45"	"SBS46"	"SBS47"	"SBS48"	"SBS49"	"SBS50"	"SBS51"	"SBS52"	"SBS53"	"SBS54"	"SBS55"	"SBS56"	"SBS57"	"SBS58"	"SBS59"	"SBS60"	"SBS84"	"SBS85"	"SBS86"	"SBS87"	"SBS88"	"SBS89"	"SBS90"	"SBS91"	"SBS92"	"SBS93"	"SBS94"	"SBS95"	"SBS96"	"SBS97"	"SBS98"	"SBS99"
0	0	0	0	0	0	0	0	0	0.123551071743432	0	0	0	0.196273554079249	0	0	0	0	0.205905771909551	0	0	0	0	0.265327083738484	0	0	0	0	0	0	0	0	0	0	0	0.208942518529285	0	0	0	0	0	0	0	0	0	0	0	0	0	0	0	0	0	0	0	0	0	0	0	0	0	0	0	0	0	0	0	0	0	0	0	0	0	0	0	0	0	0	0	0	0	0	0	0	0	0
0	0	0	0	0	0	0	0	0	0.214720203322944	0	0	0	0.135825141666491	0	0	0	0	0.244026749223241	0	0	0	0	0.240538697827964	0	0	0	0	0	0	0	0	0	0	0	0.16488920795936	0	0	0	0	0	0	0	0	0	0	0	0	0	0	0	0	0	0	0	0	0	0	0	0	0	0	0	0	0	0	0	0	0	0	0	0	0	0	0	0	0	0	0	0	0	0	0	0	0	0
0	0	0	0	0	0	0	0	0	0.218273925295459	0	0	0	0.140381853357469	0	0	0	0	0.196916374065446	0	0	0	0	0.194899739530221	0	0	0	0	0	0	0	0	0	0	0	0.249528107751404	0	0	0	0	0	0	0	0	0	0	0	0	0	0	0	0	0	0	0	0	0	0	0	0	0	0	0	0	0	0	0	0	0	0	0	0	0	0	0	0	0	0	0	0	0	0	0	0	0	0
0	0	0	0	0	0	0	0	0	0.239956677558281	0	0	0	0.0810627887927687	0	0	0	0	0.2245433304854	0	0	0	0	0.255613036390943	0	0	0	0	0	0	0	0	0	0	0	0.198824166772607	0	0	0	0	0	0	0	0	0	0	0	0	0	0	0	0	0	0	0	0	0	0	0	0	0	0	0	0	0	0	0	0	0	0	0	0	0	0	0	0	0	0	0	0	0	0	0	0	0	0
0	0	0	0	0	0	0	0	0	0.143787417234675	0	0	0	0.197560990754764	0	0	0	0	0.20453902058364	0	0	0	0	0.223222000487716	0	0	0	0	0	0	0	0	0	0	0	0.230890570939205	0	0	0	0	0	0	0	0	0	0	0	0	0	0	0	0	0	0	0	0	0	0	0	0	0	0	0	0	0	0	0	0	0	0	0	0	0	0	0	0	0	0	0	0	0	0	0	0	0	0
0	0	0	0	0	0	0	0	0	0.179472166812312	0	0	0	0.196044392484266	0	0	0	0	0.215351468168472	0	0	0	0	0.290827971839951	0	0	0	0	0	0	0	0	0	0	0	0.118304000694999	0	0	0	0	0	0	0	0	0	0	0	0	0	0	0	0	0	0	0	0	0	0	0	0	0	0	0	0	0	0	0	0	0	0	0	0	0	0	0	0	0	0	0	0	0	0	0	0	0	0
0	0	0	0	0	0	0	0	0	0.110009526845747	0	0	0	0.23286505011663	0	0	0	0	0.230658292347397	0	0	0	0	0.247944286907029	0	0	0	0	0	0	0	0	0	0	0	0.178522843783197	0	0	0	0	0	0	0	0	0	0	0	0	0	0	0	0	0	0	0	0	0	0	0	0	0	0	0	0	0	0	0	0	0	0	0	0	0	0	0	0	0	0	0	0	0	0	0	0	0	0
0	0	0	0	0	0	0	0	0	0.139465458071789	0	0	0	0.177784982881998	0	0	0	0	0.247194308052778	0	0	0	0	0.189195150511195	0	0	0	0	0	0	0	0	0	0	0	0.246360100482241	0	0	0	0	0	0	0	0	0	0	0	0	0	0	0	0	0	0	0	0	0	0	0	0	0	0	0	0	0	0	0	0	0	0	0	0	0	0	0	0	0	0	0	0	0	0	0	0	0	0
0	0	0	0	0	0	0	0	0	0.157088338597875	0	0	0	0.264969386847198	0	0	0	0	0.180223731254976	0	0	0	0	0.279706103054385	0	0	0	0	0	0	0	0	0	0	0	0.118012440245567	0	0	0	0	0	0	0	0	0	0	0	0	0	0	0	0	0	0	0	0	0	0	0	0	0	0	0	0	0	0	0	0	0	0	0	0	0	0	0	0	0	0	0	0	0	0	0	0	0	0
0	0	0	0	0	0	0	0	0	0.222964998464269	0	0	0	0.155319323960792	0	0	0	0	0.149841833794687	0	0	0	0	0.138169308906337	0	0	0	0	0	0	0	0	0	0	0	0.333704534873915	0	0	0	0	0	0	0	0	0	0	0	0	0	0	0	0	0	0	0	0	0	0	0	0	0	0	0	0	0	0	0	0	0	0	0	0	0	0	0	0	0	0	0	0	0	0	0	0	0	0
0	0	0	0	0	0	0	0	0	0.230292951767464	0	0	0	0.222805739182243	0	0	0	0	0.190373357537618	0	0	0	0	0.172217103895409	0	0	0	0	0	0	0	0	0	0	0	0.184310847617266	0	0	0	0	0	0	0	0	0	0	0	0	0	0	0	0	0	0	0	0	0	0	0	0	0	0	0	0	0	0	0	0	0	0	0	0	0	0	0	0	0	0	0	0	0	0	0	0	0	0
0	0	0	0	0	0	0	0	0	0.242092647636361	0	0	0	0.206396853239043	0	0	0	0	0.178076353923721	0	0	0	0	0.0939648391685584	0	0	0	0	0	0	0	0	0	0	0	0.279469306032317	0	0	0	0	0	0	0	0	0	0	0	0	0	0	0	0	0	0	0	0	0	0	0	0	0	0	0	0	0	0	0	0	0	0	0	0	0	0	0	0	0	0	0	0	0	0	0	0	0	0
0	0	0	0	0	0	0	0	0	0.140920298327846	0	0	0	0.17743372715585	0	0	0	0	0.219138334541215	0	0	0	0	0.210742906661603	0	0	0	0	0	0	0	0	0	0	0	0.251764733313486	0	0	0	0	0	0	0	0	0	0	0	0	0	0	0	0	0	0	0	0	0	0	0	0	0	0	0	0	0	0	0	0	0	0	0	0	0	0	0	0	0	0	0	0	0	0	0	0	0	0
0	0	0	0	0	0	0	0	0	0.222825119674824	0	0	0	0.203199665600146	0	0	0	0	0.130358653516792	0	0	0	0	0.19708742365188	0	0	0	0	0	0	0	0	0	0	0	0.246529137556357	0	0	0	0	0	0	0	0	0	0	0	0	0	0	0	0	0	0	0	0	0	0	0	0	0	0	0	0	0	0	0	0	0	0	0	0	0	0	0	0	0	0	0	0	0	0	0	0	0	0
0	0	0	0	0	0	0	0	0	0.121543496963062	0	0	0	0.186459891604795	0	0	0	0	0.259440998239445	0	0	0	0	0.249689680668026	0	0	0	0	0	0	0	0	0	0	0	0.182865932524672	0	0	0	0	0	0	0	0	0	0	0	0	0	0	0	0	0	0	0	0	0	0	0	0	0	0	0	0	0	0	0	0	0	0	0	0	0	0	0	0	0	0	0	0	0	0	0	0	0	0
0	0	0	0	0	0	0	0	0	0.125718075293923	0	0	0	0.295483122172954	0	0	0	0	0.170022340645252	0	0	0	0	0.223726127323587	0	0	0	0	0	0	0	0	0	0	0	0.185050334564284	0	0	0	0	0	0	0	0	0	0	0	0	0	0	0	0	0	0	0	0	0	0	0	0	0	0	0	0	0	0	0	0	0	0	0	0	0	0	0	0	0	0	0	0	0	0	0	0	0	0
0	0	0	0	0	0	0	0	0	0.206250696059188	0	0	0	0.163519556259323	0	0	0	0	0.213403765172816	0	0	0	0	0.230119826432135	0	0	0	0	0	0	0	0	0	0	0	0.186706156076538	0	0	0	0	0	0	0	0	0	0	0	0	0	0	0	0	0	0	0	0	0	0	0	0	0	0	0	0	0	0	0	0	0	0	0	0	0	0	0	0	0	0	0	0	0	0	0	0	0	0
0	0	0	0	0	0	0	0	0	0.216170909417294	0	0	0	0.155054397529632	0	0	0	0	0.207691784951766	0	0	0	0	0.141948750335442	0	0	0	0	0	0	0	0	0	0	0	0.279134157765866	0	0	0	0	0	0	0	0	0	0	0	0	0	0	0	0	0	0	0	0	0	0	0	0	0	0	0	0	0	0	0	0	0	0	0	0	0	0	0	0	0	0	0	0	0	0	0	0	0	0
0	0	0	0	0	0	0	0	0	0.196727342212293	0	0	0	0.200700228779997	0	0	0	0	0.159806202271693	0	0	0	0	0.221956233969555	0	0	0	0	0	0	0	0	0	0	0	0.220809992766462	0	0	0	0	0	0	0	0	0	0	0	0	0	0	0	0	0	0	0	0	0	0	0	0	0	0	0	0	0	0	0	0	0	0	0	0	0	0	0	0	0	0	0	0	0	0	0	0	0	0
0	0	0	0	0	0	0	0	0	0.176811165256761	0	0	0	0.23975116039676	0	0	0	0	0.156466972027579	0	0	0	0	0.166053623651184	0	0	0	0	0	0	0	0	0	0	0	0.260917078667716	0	0	0	0	0	0	0	0	0	0	0	0	0	0	0	0	0	0	0	0	0	0	0	0	0	0	0	0	0	0	0	0	0	0	0	0	0	0	0	0	0	0	0	0	0	0	0	0	0	0
0	0	0	0	0	0	0	0	0	0.143939547987373	0	0	0	0.333633468206635	0	0	0	0	0.135419083958153	0	0	0	0	0.206788018553438	0	0	0	0	0	0	0	0	0	0	0	0.180219881294401	0	0	0	0	0	0	0	0	0	0	0	0	0	0	0	0	0	0	0	0	0	0	0	0	0	0	0	0	0	0	0	0	0	0	0	0	0	0	0	0	0	0	0	0	0	0	0	0	0	0
0	0	0	0	0	0	0	0	0	0.0510427972880963	0	0	0	0.328276406878432	0	0	0	0	0.0154847099907988	0	0	0	0	0.315070670928128	0	0	0	0	0	0	0	0	0	0	0	0.290125414914545	0	0	0	0	0	0	0	0	0	0	0	0	0	0	0	0	0	0	0	0	0	0	0	0	0	0	0	0	0	0	0	0	0	0	0	0	0	0	0	0	0	0	0	0	0	0	0	0	0	0
0	0	0	0	0	0	0	0	0	0.179799742063829	0	0	0	0.301358709847539	0	0	0	0	0.212213743588256	0	0	0	0	0.201802471461312	0	0	0	0	0	0	0	0	0	0	0	0.104825333039064	0	0	0	0	0	0	0	0	0	0	0	0	0	0	0	0	0	0	0	0	0	0	0	0	0	0	0	0	0	0	0	0	0	0	0	0	0	0	0	0	0	0	0	0	0	0	0	0	0	0
0	0	0	0	0	0	0	0	0	0.233648604573075	0	0	0	0.198427660352119	0	0	0	0	0.151047422319548	0	0	0	0	0.127130595158085	0	0	0	0	0	0	0	0	0	0	0	0.289745717597174	0	0	0	0	0	0	0	0	0	0	0	0	0	0	0	0	0	0	0	0	0	0	0	0	0	0	0	0	0	0	0	0	0	0	0	0	0	0	0	0	0	0	0	0	0	0	0	0	0	0
0	0	0	0	0	0	0	0	0	0.273825210595689	0	0	0	0.159387411789636	0	0	0	0	0.205152605663608	0	0	0	0	0.217802654736028	0	0	0	0	0	0	0	0	0	0	0	0.143832117215039	0	0	0	0	0	0	0	0	0	0	0	0	0	0	0	0	0	0	0	0	0	0	0	0	0	0	0	0	0	0	0	0	0	0	0	0	0	0	0	0	0	0	0	0	0	0	0	0	0	0
0	0	0	0	0	0	0	0	0	0.157631518262812	0	0	0	0.290812837071291	0	0	0	0	0.160637095934013	0	0	0	0	0.253599532890889	0	0	0	0	0	0	0	0	0	0	0	0.137319015840996	0	0	0	0	0	0	0	0	0	0	0	0	0	0	0	0	0	0	0	0	0	0	0	0	0	0	0	0	0	0	0	0	0	0	0	0	0	0	0	0	0	0	0	0	0	0	0	0	0	0
0	0	0	0	0	0	0	0	0	0.27366955269295	0	0	0	0.117090997354188	0	0	0	0	0.177782025128561	0	0	0	0	0.23620778986404	0	0	0	0	0	0	0	0	0	0	0	0.195249634960261	0	0	0	0	0	0	0	0	0	0	0	0	0	0	0	0	0	0	0	0	0	0	0	0	0	0	0	0	0	0	0	0	0	0	0	0	0	0	0	0	0	0	0	0	0	0	0	0	0	0
0	0	0	0	0	0	0	0	0	0.209592489134427	0	0	0	0.246247116830229	0	0	0	0	0.14837694695791	0	0	0	0	0.247103417267138	0	0	0	0	0	0	0	0	0	0	0	0.148680029810296	0	0	0	0	0	0	0	0	0	0	0	0	0	0	0	0	0	0	0	0	0	0	0	0	0	0	0	0	0	0	0	0	0	0	0	0	0	0	0	0	0	0	0	0	0	0	0	0	0	0
0	0	0	0	0	0	0	0	0	0.190369183500302	0	0	0	0.123414909213732	0	0	0	0	0.214515973697657	0	0	0	0	0.230115727620097	0	0	0	0	0	0	0	0	0	0	0	0.241584205968212	0	0	0	0	0	0	0	0	0	0	0	0	0	0	0	0	0	0	0	0	0	0	0	0	0	0	0	0	0	0	0	0	0	0	0	0	0	0	0	0	0	0	0	0	0	0	0	0	0	0
0	0	0	0	0	0	0	0	0	0.229290433973424	0	0	0	0.180413299038327	0	0	0	0	0.252425249543201	0	0	0	0	0.151382222438434	0	0	0	0	0	0	0	0	0	0	0	0.186488795006614	0	0	0	0	0	0	0	0	0	0	0	0	0	0	0	0	0	0	0	0	0	0	0	0	0	0	0	0	0	0	0	0	0	0	0	0	0	0	0	0	0	0	0	0	0	0	0	0	0	0
0	0	0	0	0	0	0	0	0	0.172209739337488	0	0	0	0.205988509898185	0	0	0	0	0.196172466987725	0	0	0	0	0.151404387539051	0	0	0	0	0	0	0	0	0	0	0	0.274224896237551	0	0	0	0	0	0	0	0	0	0	0	0	0	0	0	0	0	0	0	0	0	0	0	0	0	0	0	0	0	0	0	0	0	0	0	0	0	0	0	0	0	0	0	0	0	0	0	0	0	0
0	0	0	0	0	0	0	0	0	0	0	0	0	0.287789183783851	0	0	0	0	0.133477174696949	0	0	0	0	0.222731248073837	0	0	0	0	0	0	0	0	0	0	0	0.356002393445363	0	0	0	0	0	0	0	0	0	0	0	0	0	0	0	0	0	0	0	0	0	0	0	0	0	0	0	0	0	0	0	0	0	0	0	0	0	0	0	0	0	0	0	0	0	0	0	0	0	0
0	0	0	0	0	0	0	0	0	0.189214115784414	0	0	0	0.295404712135306	0	0	0	0	0.16954191233713	0	0	0	0	0.260145413103013	0	0	0	0	0	0	0	0	0	0	0	0.0856938466401368	0	0	0	0	0	0	0	0	0	0	0	0	0	0	0	0	0	0	0	0	0	0	0	0	0	0	0	0	0	0	0	0	0	0	0	0	0	0	0	0	0	0	0	0	0	0	0	0	0	0
0	0	0	0	0	0	0	0	0	0.198816463160668	0	0	0	0.190560545481282	0	0	0	0	0.138987049392554	0	0	0	0	0.162693285496231	0	0	0	0	0	0	0	0	0	0	0	0.308942656469264	0	0	0	0	0	0	0	0	0	0	0	0	0	0	0	0	0	0	0	0	0	0	0	0	0	0	0	0	0	0	0	0	0	0	0	0	0	0	0	0	0	0	0	0	0	0	0	0	0	0
0	0	0	0	0	0	0	0	0	0.222191990196605	0	0	0	0.197969678463953	0	0	0	0	0.155005391636012	0	0	0	0	0.195750561603988	0	0	0	0	0	0	0	0	0	0	0	0.229082378099442	0	0	0	0	0	0	0	0	0	0	0	0	0	0	0	0	0	0	0	0	0	0	0	0	0	0	0	0	0	0	0	0	0	0	0	0	0	0	0	0	0	0	0	0	0	0	0	0	0	0
0	0	0	0	0	0	0	0	0	0.159346175177514	0	0	0	0.285124149973982	0	0	0	0	0.1494112711623	0	0	0	0	0.349706550498409	0	0	0	0	0	0	0	0	0	0	0	0.0564118531877954	0	0	0	0	0	0	0	0	0	0	0	0	0	0	0	0	0	0	0	0	0	0	0	0	0	0	0	0	0	0	0	0	0	0	0	0	0	0	0	0	0	0	0	0	0	0	0	0	0	0
0	0	0	0	0	0	0	0	0	0.270720482794882	0	0	0	0.0948759829518056	0	0	0	0	0.200052196367604	0	0	0	0	0.225228589584469	0	0	0	0	0	0	0	0	0	0	0	0.20912274830124	0	0	0	0	0	0	0	0	0	0	0	0	0	0	0	0	0	0	0	0	0	0	0	0	0	0	0	0	0	0	0	0	0	0	0	0	0	0	0	0	0	0	0	0	0	0	0	0	0	0
0	0	0	0	0	0	0	0	0	0.221234382395199	0	0	0	0.18772405518005	0	0	0	0	0.149371686435303	0	0	0	0	0.285080981351471	0	0	0	0	0	0	0	0	0	0	0	0.156588894637977	0	0	0	0	0	0	0	0	0	0	0	0	0	0	0	0	0	0	0	0	0	0	0	0	0	0	0	0	0	0	0	0	0	0	0	0	0	0	0	0	0	0	0	0	0	0	0	0	0	0
0	0	0	0	0	0	0	0	0	0.201170636705237	0	0	0	0.169995341875999	0	0	0	0	0.122949475143695	0	0	0	0	0.205023429154665	0	0	0	0	0	0	0	0	0	0	0	0.300861117120404	0	0	0	0	0	0	0	0	0	0	0	0	0	0	0	0	0	0	0	0	0	0	0	0	0	0	0	0	0	0	0	0	0	0	0	0	0	0	0	0	0	0	0	0	0	0	0	0	0	0
0	0	0	0	0	0	0	0	0	0.198930061129356	0	0	0	0.212724434410867	0	0	0	0	0.232370927587744	0	0	0	0	0.128110743221267	0	0	0	0	0	0	0	0	0	0	0	0.227863833650766	0	0	0	0	0	0	0	0	0	0	0	0	0	0	0	0	0	0	0	0	0	0	0	0	0	0	0	0	0	0	0	0	0	0	0	0	0	0	0	0	0	0	0	0	0	0	0	0	0	0
0	0	0	0	0	0	0	0	0	0.16650913511369	0	0	0	0.152251664653992	0	0	0	0	0.228842170009466	0	0	0	0	0.162129665078409	0	0	0	0	0	0	0	0	0	0	0	0.290267365144443	0	0	0	0	0	0	0	0	0	0	0	0	0	0	0	0	0	0	0	0	0	0	0	0	0	0	0	0	0	0	0	0	0	0	0	0	0	0	0	0	0	0	0	0	0	0	0	0	0	0
0	0	0	0	0	0	0	0	0	0.229794580960548	0	0	0	0.167615093140613	0	0	0	0	0.153841048133381	0	0	0	0	0.249632838636362	0	0	0	0	0	0	0	0	0	0	0	0.199116439129097	0	0	0	0	0	0	0	0	0	0	0	0	0	0	0	0	0	0	0	0	0	0	0	0	0	0	0	0	0	0	0	0	0	0	0	0	0	0	0	0	0	0	0	0	0	0	0	0	0	0
0	0	0	0	0	0	0	0	0	0.20723464741316	0	0	0	0.229223271383157	0	0	0	0	0.192279242460415	0	0	0	0	0.216217086630991	0	0	0	0	0	0	0	0	0	0	0	0.155045752112277	0	0	0	0	0	0	0	0	0	0	0	0	0	0	0	0	0	0	0	0	0	0	0	0	0	0	0	0	0	0	0	0	0	0	0	0	0	0	0	0	0	0	0	0	0	0	0	0	0	0
0	0	0	0	0	0	0	0	0	0.262747125333341	0	0	0	0.0809326976374766	0	0	0	0	0.203052095845368	0	0	0	0	0.184619318233985	0	0	0	0	0	0	0	0	0	0	0	0.268648762949829	0	0	0	0	0	0	0	0	0	0	0	0	0	0	0	0	0	0	0	0	0	0	0	0	0	0	0	0	0	0	0	0	0	0	0	0	0	0	0	0	0	0	0	0	0	0	0	0	0	0
0	0	0	0	0	0	0	0	0	0.192119661025	0	0	0	0.249939388385156	0	0	0	0	0.204972160802052	0	0	0	0	0.206196178046919	0	0	0	0	0	0	0	0	0	0	0	0.146772611740873	0	0	0	0	0	0	0	0	0	0	0	0	0	0	0	0	0	0	0	0	0	0	0	0	0	0	0	0	0	0	0	0	0	0	0	0	0	0	0	0	0	0	0	0	0	0	0	0	0	0
0	0	0	0	0	0	0	0	0	0.1566745680061	0	0	0	0.211972378423551	0	0	0	0	0.25394457515366	0	0	0	0	0.267374497295404	0	0	0	0	0	0	0	0	0	0	0	0.110033981121286	0	0	0	0	0	0	0	0	0	0	0	0	0	0	0	0	0	0	0	0	0	0	0	0	0	0	0	0	0	0	0	0	0	0	0	0	0	0	0	0	0	0	0	0	0	0	0	0	0	0
0	0	0	0	0	0	0	0	0	0.239453274983469	0	0	0	0.276931330428083	0	0	0	0	0.195005877272657	0	0	0	0	0.21299101649947	0	0	0	0	0	0	0	0	0	0	0	0.075618500816321	0	0	0	0	0	0	0	0	0	0	0	0	0	0	0	0	0	0	0	0	0	0	0	0	0	0	0	0	0	0	0	0	0	0	0	0	0	0	0	0	0	0	0	0	0	0	0	0	0	0
0	0	0	0	0	0	0	0	0	0.1978808858187	0	0	0	0.250862193653812	0	0	0	0	0.226743216908266	0	0	0	0	0.100207652861753	0	0	0	0	0	0	0	0	0	0	0	0.224306050757468	0	0	0	0	0	0	0	0	0	0	0	0	0	0	0	0	0	0	0	0	0	0	0	0	0	0	0	0	0	0	0	0	0	0	0	0	0	0	0	0	0	0	0	0	0	0	0	0	0	0
0	0	0	0	0	0	0	0	0	0.203303048902254	0	0	0	0.122892251428872	0	0	0	0	0.207388399496368	0	0	0	0	0.153182256350949	0	0	0	0	0	0	0	0	0	0	0	0.313234043821557	0	0	0	0	0	0	0	0	0	0	0	0	0	0	0	0	0	0	0	0	0	0	0	0	0	0	0	0	0	0	0	0	0	0	0	0	0	0	0	0	0	0	0	0	0	0	0	0	0	0
0	0	0	0	0	0	0	0	0	0.140001012637975	0	0	0	0.270850281481652	0	0	0	0	0.189005858766185	0	0	0	0	0.283219152831479	0	0	0	0	0	0	0	0	0	0	0	0.11692369428271	0	0	0	0	0	0	0	0	0	0	0	0	0	0	0	0	0	0	0	0	0	0	0	0	0	0	0	0	0	0	0	0	0	0	0	0	0	0	0	0	0	0	0	0	0	0	0	0	0	0
0	0	0	0	0	0	0	0	0	0.182450026389408	0	0	0	0.155523667012412	0	0	0	0	0.221873975224482	0	0	0	0	0.177421018057877	0	0	0	0	0	0	0	0	0	0	0	0.262731313315821	0	0	0	0	0	0	0	0	0	0	0	0	0	0	0	0	0	0	0	0	0	0	0	0	0	0	0	0	0	0	0	0	0	0	0	0	0	0	0	0	0	0	0	0	0	0	0	0	0	0
0	0	0	0	0	0	0	0	0	0.173390530297523	0	0	0	0.148029599994918	0	0	0	0	0.206984983422777	0	0	0	0	0.263374036847572	0	0	0	0	0	0	0	0	0	0	0	0.208220849437209	0	0	0	0	0	0	0	0	0	0	0	0	0	0	0	0	0	0	0	0	0	0	0	0	0	0	0	0	0	0	0	0	0	0	0	0	0	0	0	0	0	0	0	0	0	0	0	0	0	0
0	0	0	0	0	0	0	0	0	0.133604060107217	0	0	0	0.252575315727862	0	0	0	0	0.13924570567708	0	0	0	0	0.203943319349936	0	0	0	0	0	0	0	0	0	0	0	0.270631599137905	0	0	0	0	0	0	0	0	0	0	0	0	0	0	0	0	0	0	0	0	0	0	0	0	0	0	0	0	0	0	0	0	0	0	0	0	0	0	0	0	0	0	0	0	0	0	0	0	0	0
0	0	0	0	0	0	0	0	0	0.216714819441663	0	0	0	0.199085961809782	0	0	0	0	0.177084283056751	0	0	0	0	0.17579788381052	0	0	0	0	0	0	0	0	0	0	0	0.231317051881284	0	0	0	0	0	0	0	0	0	0	0	0	0	0	0	0	0	0	0	0	0	0	0	0	0	0	0	0	0	0	0	0	0	0	0	0	0	0	0	0	0	0	0	0	0	0	0	0	0	0
0	0	0	0	0	0	0	0	0	0.166389360292734	0	0	0	0.131579408455735	0	0	0	0	0.197709345646549	0	0	0	0	0.212759856434847	0	0	0	0	0	0	0	0	0	0	0	0.291562029170136	0	0	0	0	0	0	0	0	0	0	0	0	0	0	0	0	0	0	0	0	0	0	0	0	0	0	0	0	0	0	0	0	0	0	0	0	0	0	0	0	0	0	0	0	0	0	0	0	0	0
0	0	0	0	0	0	0	0	0	0.243356013121332	0	0	0	0.138285153176847	0	0	0	0	0.105601803946038	0	0	0	0	0.228957939220673	0	0	0	0	0	0	0	0	0	0	0	0.28379909053511	0	0	0	0	0	0	0	0	0	0	0	0	0	0	0	0	0	0	0	0	0	0	0	0	0	0	0	0	0	0	0	0	0	0	0	0	0	0	0	0	0	0	0	0	0	0	0	0	0	0
0	0	0	0	0	0	0	0	0	0.158656721674939	0	0	0	0.187199272622387	0	0	0	0	0.189029360198048	0	0	0	0	0.199129108243771	0	0	0	0	0	0	0	0	0	0	0	0.265985537260855	0	0	0	0	0	0	0	0	0	0	0	0	0	0	0	0	0	0	0	0	0	0	0	0	0	0	0	0	0	0	0	0	0	0	0	0	0	0	0	0	0	0	0	0	0	0	0	0	0	0
0	0	0	0	0	0	0	0	0	0.236333540170229	0	0	0	0.240296090179928	0	0	0	0	0.174481621829333	0	0	0	0	0.19860208617828	0	0	0	0	0	0	0	0	0	0	0	0.15028666164223	0	0	0	0	0	0	0	0	0	0	0	0	0	0	0	0	0	0	0	0	0	0	0	0	0	0	0	0	0	0	0	0	0	0	0	0	0	0	0	0	0	0	0	0	0	0	0	0	0	0
0	0	0	0	0	0	0	0	0	0.158437950018308	0	0	0	0.171443416106057	0	0	0	0	0.219197295810454	0	0	0	0	0.229699895398472	0	0	0	0	0	0	0	0	0	0	0	0.22122144266671	0	0	0	0	0	0	0	0	0	0	0	0	0	0	0	0	0	0	0	0	0	0	0	0	0	0	0	0	0	0	0	0	0	0	0	0	0	0	0	0	0	0	0	0	0	0	0	0	0	0
0	0	0	0	0	0	0	0	0	0.0992027535650885	0	0	0	0.265061453711752	0	0	0	0	0.225699681927637	0	0	0	0	0.162343934779995	0	0	0	0	0	0	0	0	0	0	0	0.247692176015527	0	0	0	0	0	0	0	0	0	0	0	0	0	0	0	0	0	0	0	0	0	0	0	0	0	0	0	0	0	0	0	0	0	0	0	0	0	0	0	0	0	0	0	0	0	0	0	0	0	0
0	0	0	0	0	0	0	0	0	0.115595824257901	0	0	0	0.208553292375362	0	0	0	0	0.197726209145415	0	0	0	0	0.264217156625612	0	0	0	0	0	0	0	0	0	0	0	0.21390751759571	0	0	0	0	0	0	0	0	0	0	0	0	0	0	0	0	0	0	0	0	0	0	0	0	0	0	0	0	0	0	0	0	0	0	0	0	0	0	0	0	0	0	0	0	0	0	0	0	0	0
0	0	0	0	0	0	0	0	0	0.216678405247628	0	0	0	0.258583656716081	0	0	0	0	0.158261964401121	0	0	0	0	0.143119080319491	0	0	0	0	0	0	0	0	0	0	0	0.223356893315679	0	0	0	0	0	0	0	0	0	0	0	0	0	0	0	0	0	0	0	0	0	0	0	0	0	0	0	0	0	0	0	0	0	0	0	0	0	0	0	0	0	0	0	0	0	0	0	0	0	0
0	0	0	0	0	0	0	0	0	0.210228629403059	0	0	0	0.186550624151588	0	0	0	0	0.210248297629399	0	0	0	0	0.279298485033286	0	0	0	0	0	0	0	0	0	0	0	0.113673963782668	0	0	0	0	0	0	0	0	0	0	0	0	0	0	0	0	0	0	0	0	0	0	0	0	0	0	0	0	0	0	0	0	0	0	0	0	0	0	0	0	0	0	0	0	0	0	0	0	0	0
0	0	0	0	0	0	0	0	0	0.126678364306234	0	0	0	0.213479655460691	0	0	0	0	0.210099307676839	0	0	0	0	0.190838430253607	0	0	0	0	0	0	0	0	0	0	0	0.258904242302629	0	0	0	0	0	0	0	0	0	0	0	0	0	0	0	0	0	0	0	0	0	0	0	0	0	0	0	0	0	0	0	0	0	0	0	0	0	0	0	0	0	0	0	0	0	0	0	0	0	0
0	0	0	0	0	0	0	0	0	0.136936240665797	0	0	0	0.210130613912694	0	0	0	0	0.190732787619601	0	0	0	0	0.203230504157908	0	0	0	0	0	0	0	0	0	0	0	0.258969853644001	0	0	0	0	0	0	0	0	0	0	0	0	0	0	0	0	0	0	0	0	0	0	0	0	0	0	0	0	0	0	0	0	0	0	0	0	0	0	0	0	0	0	0	0	0	0	0	0	0	0
0	0	0	0	0	0	0	0	0	0.0977134346193264	0	0	0	0.36106230647043	0	0	0	0	0.253538662308864	0	0	0	0	0.241273559659776	0	0	0	0	0	0	0	0	0	0	0	0.0464120369416039	0	0	0	0	0	0	0	0	0	0	0	0	0	0	0	0	0	0	0	0	0	0	0	0	0	0	0	0	0	0	0	0	0	0	0	0	0	0	0	0	0	0	0	0	0	0	0	0	0	0
0	0	0	0	0	0	0	0	0	0.271825536531474	0	0	0	0.164716907245896	0	0	0	0	0.178272251858962	0	0	0	0	0.182048746337081	0	0	0	0	0	0	0	0	0	0	0	0.203136558026587	0	0	0	0	0	0	0	0	0	0	0	0	0	0	0	0	0	0	0	0	0	0	0	0	0	0	0	0	0	0	0	0	0	0	0	0	0	0	0	0	0	0	0	0	0	0	0	0	0	0
0	0	0	0	0	0	0	0	0	0.233306775490042	0	0	0	0.142999427857025	0	0	0	0	0.169556043777406	0	0	0	0	0.169905297458345	0	0	0	0	0	0	0	0	0	0	0	0.284232455417183	0	0	0	0	0	0	0	0	0	0	0	0	0	0	0	0	0	0	0	0	0	0	0	0	0	0	0	0	0	0	0	0	0	0	0	0	0	0	0	0	0	0	0	0	0	0	0	0	0	0
0	0	0	0	0	0	0	0	0	0.153376455943218	0	0	0	0.184103438343891	0	0	0	0	0.184976546401693	0	0	0	0	0.204351836091751	0	0	0	0	0	0	0	0	0	0	0	0.273191723219447	0	0	0	0	0	0	0	0	0	0	0	0	0	0	0	0	0	0	0	0	0	0	0	0	0	0	0	0	0	0	0	0	0	0	0	0	0	0	0	0	0	0	0	0	0	0	0	0	0	0
0	0	0	0	0	0	0	0	0	0.259483930506063	0	0	0	0.218971881607843	0	0	0	0	0.1687355563378	0	0	0	0	0.271689063052882	0	0	0	0	0	0	0	0	0	0	0	0.0811195684954112	0	0	0	0	0	0	0	0	0	0	0	0	0	0	0	0	0	0	0	0	0	0	0	0	0	0	0	0	0	0	0	0	0	0	0	0	0	0	0	0	0	0	0	0	0	0	0	0	0	0
0	0	0	0	0	0	0	0	0	0.213814905394238	0	0	0	0.194142415889532	0	0	0	0	0.205370439685236	0	0	0	0	0.162492024865935	0	0	0	0	0	0	0	0	0	0	0	0.224180214165059	0	0	0	0	0	0	0	0	0	0	0	0	0	0	0	0	0	0	0	0	0	0	0	0	0	0	0	0	0	0	0	0	0	0	0	0	0	0	0	0	0	0	0	0	0	0	0	0	0	0
0	0	0	0	0	0	0	0	0	0.194932119850581	0	0	0	0.190782540536519	0	0	0	0	0.138157370197649	0	0	0	0	0.187441183920647	0	0	0	0	0	0	0	0	0	0	0	0.288686785494603	0	0	0	0	0	0	0	0	0	0	0	0	0	0	0	0	0	0	0	0	0	0	0	0	0	0	0	0	0	0	0	0	0	0	0	0	0	0	0	0	0	0	0	0	0	0	0	0	0	0
0	0	0	0	0	0	0	0	0	0.160393096257795	0	0	0	0.191898350775879	0	0	0	0	0.237842026231016	0	0	0	0	0.263323800554921	0	0	0	0	0	0	0	0	0	0	0	0.146542726180388	0	0	0	0	0	0	0	0	0	0	0	0	0	0	0	0	0	0	0	0	0	0	0	0	0	0	0	0	0	0	0	0	0	0	0	0	0	0	0	0	0	0	0	0	0	0	0	0	0	0
0	0	0	0	0	0	0	0	0	0.229778478373392	0	0	0	0.172494490727592	0	0	0	0	0.203836440177346	0	0	0	0	0.189113403261827	0	0	0	0	0	0	0	0	0	0	0	0.204777187459843	0	0	0	0	0	0	0	0	0	0	0	0	0	0	0	0	0	0	0	0	0	0	0	0	0	0	0	0	0	0	0	0	0	0	0	0	0	0	0	0	0	0	0	0	0	0	0	0	0	0
0	0	0	0	0	0	0	0	0	0.194168424885076	0	0	0	0.236450354876405	0	0	0	0	0.197499688002381	0	0	0	0	0.262543351495633	0	0	0	0	0	0	0	0	0	0	0	0.109338180740505	0	0	0	0	0	0	0	0	0	0	0	0	0	0	0	0	0	0	0	0	0	0	0	0	0	0	0	0	0	0	0	0	0	0	0	0	0	0	0	0	0	0	0	0	0	0	0	0	0	0
0	0	0	0	0	0	0	0	0	0.126398133221989	0	0	0	0.260594919284633	0	0	0	0	0.226032184046651	0	0	0	0	0.171910672831048	0	0	0	0	0	0	0	0	0	0	0	0.215064090615678	0	0	0	0	0	0	0	0	0	0	0	0	0	0	0	0	0	0	0	0	0	0	0	0	0	0	0	0	0	0	0	0	0	0	0	0	0	0	0	0	0	0	0	0	0	0	0	0	0	0
0	0	0	0	0	0	0	0	0	0.176715795479861	0	0	0	0.224774711307473	0	0	0	0	0.162102062461693	0	0	0	0	0.263730779999949	0	0	0	0	0	0	0	0	0	0	0	0.172676650751023	0	0	0	0	0	0	0	0	0	0	0	0	0	0	0	0	0	0	0	0	0	0	0	0	0	0	0	0	0	0	0	0	0	0	0	0	0	0	0	0	0	0	0	0	0	0	0	0	0	0
0	0	0	0	0	0	0	0	0	0.2150469129248	0	0	0	0.151780871492328	0	0	0	0	0.216915100580421	0	0	0	0	0.232982297490999	0	0	0	0	0	0	0	0	0	0	0	0.183274817511451	0	0	0	0	0	0	0	0	0	0	0	0	0	0	0	0	0	0	0	0	0	0	0	0	0	0	0	0	0	0	0	0	0	0	0	0	0	0	0	0	0	0	0	0	0	0	0	0	0	0
0	0	0	0	0	0	0	0	0	0.107483259498129	0	0	0	0.149475955589052	0	0	0	0	0.280908153179819	0	0	0	0	0.143757202160232	0	0	0	0	0	0	0	0	0	0	0	0.318375429572769	0	0	0	0	0	0	0	0	0	0	0	0	0	0	0	0	0	0	0	0	0	0	0	0	0	0	0	0	0	0	0	0	0	0	0	0	0	0	0	0	0	0	0	0	0	0	0	0	0	0
0	0	0	0	0	0	0	0	0	0.243066941169438	0	0	0	0.200289182602565	0	0	0	0	0.180989370028995	0	0	0	0	0.169696447651496	0	0	0	0	0	0	0	0	0	0	0	0.205958058547506	0	0	0	0	0	0	0	0	0	0	0	0	0	0	0	0	0	0	0	0	0	0	0	0	0	0	0	0	0	0	0	0	0	0	0	0	0	0	0	0	0	0	0	0	0	0	0	0	0	0
0	0	0	0	0	0	0	0	0	0.174385375710415	0	0	0	0.142069748918487	0	0	0	0	0.270790392331645	0	0	0	0	0.188781122239543	0	0	0	0	0	0	0	0	0	0	0	0.223973360799909	0	0	0	0	0	0	0	0	0	0	0	0	0	0	0	0	0	0	0	0	0	0	0	0	0	0	0	0	0	0	0	0	0	0	0	0	0	0	0	0	0	0	0	0	0	0	0	0	0	0
0	0	0	0	0	0	0	0	0	0.223614232023774	0	0	0	0.156872065433602	0	0	0	0	0.161339788804067	0	0	0	0	0.188519258282286	0	0	0	0	0	0	0	0	0	0	0	0.269654655456272	0	0	0	0	0	0	0	0	0	0	0	0	0	0	0	0	0	0	0	0	0	0	0	0	0	0	0	0	0	0	0	0	0	0	0	0	0	0	0	0	0	0	0	0	0	0	0	0	0	0
0	0	0	0	0	0	0	0	0	0.206548000081853	0	0	0	0.16599228361097	0	0	0	0	0.106775622247228	0	0	0	0	0.230526536642116	0	0	0	0	0	0	0	0	0	0	0	0.290157557417834	0	0	0	0	0	0	0	0	0	0	0	0	0	0	0	0	0	0	0	0	0	0	0	0	0	0	0	0	0	0	0	0	0	0	0	0	0	0	0	0	0	0	0	0	0	0	0	0	0	0
0	0	0	0	0	0	0	0	0	0.199713548793974	0	0	0	0.171661051378521	0	0	0	0	0.161947076051675	0	0	0	0	0.253523458864348	0	0	0	0	0	0	0	0	0	0	0	0.213154864911482	0	0	0	0	0	0	0	0	0	0	0	0	0	0	0	0	0	0	0	0	0	0	0	0	0	0	0	0	0	0	0	0	0	0	0	0	0	0	0	0	0	0	0	0	0	0	0	0	0	0
0	0	0	0	0	0	0	0	0	0.163371030048299	0	0	0	0.173659944790135	0	0	0	0	0.152082244975138	0	0	0	0	0.215163529614202	0	0	0	0	0	0	0	0	0	0	0	0.295723250572226	0	0	0	0	0	0	0	0	0	0	0	0	0	0	0	0	0	0	0	0	0	0	0	0	0	0	0	0	0	0	0	0	0	0	0	0	0	0	0	0	0	0	0	0	0	0	0	0	0	0
0	0	0	0	0	0	0	0	0	0.119215565370638	0	0	0	0.209824223239518	0	0	0	0	0.15578126922254	0	0	0	0	0.268404930162342	0	0	0	0	0	0	0	0	0	0	0	0.246774012004962	0	0	0	0	0	0	0	0	0	0	0	0	0	0	0	0	0	0	0	0	0	0	0	0	0	0	0	0	0	0	0	0	0	0	0	0	0	0	0	0	0	0	0	0	0	0	0	0	0	0
0	0	0	0	0	0	0	0	0	0.181305852855281	0	0	0	0.216115450717896	0	0	0	0	0.177800921700454	0	0	0	0	0.201708815856728	0	0	0	0	0	0	0	0	0	0	0	0.22306895886964	0	0	0	0	0	0	0	0	0	0	0	0	0	0	0	0	0	0	0	0	0	0	0	0	0	0	0	0	0	0	0	0	0	0	0	0	0	0	0	0	0	0	0	0	0	0	0	0	0	0
0	0	0	0	0	0	0	0	0	0.235093741082262	0	0	0	0.146632089097164	0	0	0	0	0.232685316757228	0	0	0	0	0.281629560998188	0	0	0	0	0	0	0	0	0	0	0	0.103959292065158	0	0	0	0	0	0	0	0	0	0	0	0	0	0	0	0	0	0	0	0	0	0	0	0	0	0	0	0	0	0	0	0	0	0	0	0	0	0	0	0	0	0	0	0	0	0	0	0	0	0
0	0	0	0	0	0	0	0	0	0.205681397279581	0	0	0	0.205193345684551	0	0	0	0	0.201262568450696	0	0	0	0	0.176639063810541	0	0	0	0	0	0	0	0	0	0	0	0.211223624774631	0	0	0	0	0	0	0	0	0	0	0	0	0	0	0	0	0	0	0	0	0	0	0	0	0	0	0	0	0	0	0	0	0	0	0	0	0	0	0	0	0	0	0	0	0	0	0	0	0	0
0	0	0	0	0	0	0	0	0	0.169363953234166	0	0	0	0.195401989811862	0	0	0	0	0.160050705909596	0	0	0	0	0.217867459188459	0	0	0	0	0	0	0	0	0	0	0	0.257315891855916	0	0	0	0	0	0	0	0	0	0	0	0	0	0	0	0	0	0	0	0	0	0	0	0	0	0	0	0	0	0	0	0	0	0	0	0	0	0	0	0	0	0	0	0	0	0	0	0	0	0
0	0	0	0	0	0	0	0	0	0.0892106441889816	0	0	0	0.263743742866661	0	0	0	0	0.175708363746697	0	0	0	0	0.268440732794892	0	0	0	0	0	0	0	0	0	0	0	0.202896516402768	0	0	0	0	0	0	0	0	0	0	0	0	0	0	0	0	0	0	0	0	0	0	0	0	0	0	0	0	0	0	0	0	0	0	0	0	0	0	0	0	0	0	0	0	0	0	0	0	0	0
0	0	0	0	0	0	0	0	0	0.241642660227411	0	0	0	0.224854880961094	0	0	0	0	0.120277774206469	0	0	0	0	0.218322115135083	0	0	0	0	0	0	0	0	0	0	0	0.194902569469942	0	0	0	0	0	0	0	0	0	0	0	0	0	0	0	0	0	0	0	0	0	0	0	0	0	0	0	0	0	0	0	0	0	0	0	0	0	0	0	0	0	0	0	0	0	0	0	0	0	0
0	0	0	0	0	0	0	0	0	0.113775559197019	0	0	0	0.289414107715718	0	0	0	0	0.200907663543835	0	0	0	0	0.221920468998183	0	0	0	0	0	0	0	0	0	0	0	0.173982200545244	0	0	0	0	0	0	0	0	0	0	0	0	0	0	0	0	0	0	0	0	0	0	0	0	0	0	0	0	0	0	0	0	0	0	0	0	0	0	0	0	0	0	0	0	0	0	0	0	0	0
0	0	0	0	0	0	0	0	0	0.177294814062192	0	0	0	0.0980791969199884	0	0	0	0	0.223023592630525	0	0	0	0	0.202289650144228	0	0	0	0	0	0	0	0	0	0	0	0.299312746243067	0	0	0	0	0	0	0	0	0	0	0	0	0	0	0	0	0	0	0	0	0	0	0	0	0	0	0	0	0	0	0	0	0	0	0	0	0	0	0	0	0	0	0	0	0	0	0	0	0	0
0	0	0	0	0	0	0	0	0	0.213626361641081	0	0	0	0.256451474748652	0	0	0	0	0.205300724931888	0	0	0	0	0.171345353219453	0	0	0	0	0	0	0	0	0	0	0	0.153276085458927	0	0	0	0	0	0	0	0	0	0	0	0	0	0	0	0	0	0	0	0	0	0	0	0	0	0	0	0	0	0	0	0	0	0	0	0	0	0	0	0	0	0	0	0	0	0	0	0	0	0
0	0	0	0	0	0	0	0	0	0.137569261801718	0	0	0	0.22791718535818	0	0	0	0	0.2067908358274	0	0	0	0	0.209028755186812	0	0	0	0	0	0	0	0	0	0	0	0.218693961825888	0	0	0	0	0	0	0	0	0	0	0	0	0	0	0	0	0	0	0	0	0	0	0	0	0	0	0	0	0	0	0	0	0	0	0	0	0	0	0	0	0	0	0	0	0	0	0	0	0	0
0	0	0	0	0	0	0	0	0	0.168654680167929	0	0	0	0.200872465305	0	0	0	0	0.208738987454544	0	0	0	0	0.199845061335225	0	0	0	0	0	0	0	0	0	0	0	0.221888805737303	0	0	0	0	0	0	0	0	0	0	0	0	0	0	0	0	0	0	0	0	0	0	0	0	0	0	0	0	0	0	0	0	0	0	0	0	0	0	0	0	0	0	0	0	0	0	0	0	0	0
0	0	0	0	0	0	0	0	0	0.171443130154686	0	0	0	0.172629791754764	0	0	0	0	0.218947383657122	0	0	0	0	0.154304836821839	0	0	0	0	0	0	0	0	0	0	0	0.282674857611589	0	0	0	0	0	0	0	0	0	0	0	0	0	0	0	0	0	0	0	0	0	0	0	0	0	0	0	0	0	0	0	0	0	0	0	0	0	0	0	0	0	0	0	0	0	0	0	0	0	0
0	0	0	0	0	0	0	0	0	0.139153615551749	0	0	0	0.180458403109322	0	0	0	0	0.250598539019091	0	0	0	0	0.196830799881503	0	0	0	0	0	0	0	0	0	0	0	0.232958642438335	0	0	0	0	0	0	0	0	0	0	0	0	0	0	0	0	0	0	0	0	0	0	0	0	0	0	0	0	0	0	0	0	0	0	0	0	0	0	0	0	0	0	0	0	0	0	0	0	0	0
0	0	0	0	0	0	0	0	0	0.134964109028406	0	0	0	0.281841559606219	0	0	0	0	0.179314376603618	0	0	0	0	0.249278827481188	0	0	0	0	0	0	0	0	0	0	0	0.154601127280569	0	0	0	0	0	0	0	0	0	0	0	0	0	0	0	0	0	0	0	0	0	0	0	0	0	0	0	0	0	0	0	0	0	0	0	0	0	0	0	0	0	0	0	0	0	0	0	0	0	0
