"A[C>A]A"	"A[C>A]C"	"A[C>A]G"	"A[C>A]T"	"C[C>A]A"	"C[C>A]C"	"C[C>A]G"	"C[C>A]T"	"G[C>A]A"	"G[C>A]C"	"G[C>A]G"	"G[C>A]T"	"T[C>A]A"	"T[C>A]C"	"T[C>A]G"	"T[C>A]T"	"A[C>G]A"	"A[C>G]C"	"A[C>G]G"	"A[C>G]T"	"C[C>G]A"	"C[C>G]C"	"C[C>G]G"	"C[C>G]T"	"G[C>G]A"	"G[C>G]C"	"G[C>G]G"	"G[C>G]T"	"T[C>G]A"	"T[C>G]C"	"T[C>G]G"	"T[C>G]T"	"A[C>T]A"	"A[C>T]C"	"A[C>T]G"	"A[C>T]T"	"C[C>T]A"	"C[C>T]C"	"C[C>T]G"	"C[C>T]T"	"G[C>T]A"	"G[C>T]C"	"G[C>T]G"	"G[C>T]T"	"T[C>T]A"	"T[C>T]C"	"T[C>T]G"	"T[C>T]T"	"A[T>A]A"	"A[T>A]C"	"A[T>A]G"	"A[T>A]T"	"C[T>A]A"	"C[T>A]C"	"C[T>A]G"	"C[T>A]T"	"G[T>A]A"	"G[T>A]C"	"G[T>A]G"	"G[T>A]T"	"T[T>A]A"	"T[T>A]C"	"T[T>A]G"	"T[T>A]T"	"A[T>C]A"	"A[T>C]C"	"A[T>C]G"	"A[T>C]T"	"C[T>C]A"	"C[T>C]C"	"C[T>C]G"	"C[T>C]T"	"G[T>C]A"	"G[T>C]C"	"G[T>C]G"	"G[T>C]T"	"T[T>C]A"	"T[T>C]C"	"T[T>C]G"	"T[T>C]T"	"A[T>G]A"	"A[T>G]C"	"A[T>G]G"	"A[T>G]T"	"C[T>G]A"	"C[T>G]C"	"C[T>G]G"	"C[T>G]T"	"G[T>G]A"	"G[T>G]C"	"G[T>G]G"	"G[T>G]T"	"T[T>G]A"	"T[T>G]C"	"T[T>G]G"	"T[T>G]T"
"Sample1"	0	0	0	0	1	1	0	2	0	0	0	1	10	4	0	12	0	0	0	1	1	0	0	1	1	0	0	0	33	7	2	30	3	0	0	0	2	0	2	1	2	0	1	4	0	9	38	14	0	0	0	2	1	0	0	1	0	0	0	2	2	2	1	0	1	0	0	8	1	4	0	6	1	1	0	25	7	2	3	4	1	0	3	17	5	1	2	65	0	1	1	22	5	6	2	64
"Sample2"	0	2	0	1	3	0	0	0	1	0	0	1	17	6	0	12	0	1	0	1	1	0	1	1	0	0	0	1	43	9	0	43	0	0	1	5	2	3	0	0	0	1	0	5	1	8	37	18	1	0	1	7	3	0	0	0	0	0	0	0	5	2	0	4	0	1	0	4	1	1	0	4	0	0	0	42	3	5	2	7	2	1	1	22	1	15	4	77	0	0	2	10	3	3	2	66
"Sample3"	0	1	1	0	2	0	0	1	0	0	0	0	14	4	0	13	0	1	2	0	1	0	0	1	0	1	0	0	28	3	1	36	0	0	0	5	2	0	2	2	1	5	1	6	1	3	32	20	2	0	0	8	0	0	0	2	0	0	0	0	1	0	2	3	3	1	1	7	1	1	1	12	2	0	0	34	5	4	2	2	0	2	3	13	4	6	1	61	1	0	2	11	7	1	1	68
"Sample4"	0	0	0	2	2	2	0	0	0	0	0	1	16	3	1	8	0	0	0	1	0	0	0	1	0	1	0	0	49	9	2	31	0	0	0	2	7	0	1	0	1	1	2	2	0	1	35	14	0	0	1	4	0	0	0	0	0	0	0	1	2	0	0	4	0	0	0	10	1	0	0	8	0	2	0	42	5	3	2	5	2	4	1	26	1	6	3	71	0	0	4	21	3	1	0	66
"Sample5"	2	1	0	1	1	1	0	0	0	0	0	0	10	4	1	17	0	0	0	0	1	0	0	0	0	0	0	0	41	10	2	31	2	0	3	4	7	0	0	1	0	2	0	16	6	5	44	11	0	0	1	5	1	0	0	1	0	0	0	0	3	0	0	1	1	1	2	7	2	1	0	5	1	2	1	31	10	2	2	3	2	5	4	10	2	8	1	68	0	0	0	15	4	6	6	73
"Sample6"	0	0	1	1	0	0	0	2	0	2	0	1	13	9	0	11	0	1	0	2	0	0	0	1	0	0	0	0	28	9	2	44	0	0	0	1	1	1	1	0	1	2	4	15	0	3	41	23	0	0	0	5	0	0	0	2	0	0	0	0	3	0	0	2	2	3	0	7	2	1	1	3	1	0	2	32	8	1	4	5	2	1	1	23	3	4	7	74	1	0	0	19	3	3	1	59
"Sample7"	0	5	0	3	1	0	0	0	0	2	0	0	15	9	2	11	0	0	1	0	0	0	0	1	0	0	0	2	35	7	2	39	0	3	0	4	2	1	2	0	1	4	2	10	0	7	44	25	0	0	0	7	0	0	0	2	0	0	0	0	1	0	0	3	4	0	1	4	1	0	0	4	1	1	3	25	15	1	4	4	2	3	5	24	0	4	4	68	0	1	1	10	7	7	0	63
"Sample8"	0	0	0	1	0	2	0	0	0	0	0	0	11	4	0	11	0	1	0	2	1	0	0	0	0	0	0	0	40	5	0	47	0	1	0	6	3	0	3	0	0	1	1	4	3	5	42	22	0	0	1	8	0	1	0	3	0	0	0	2	1	0	1	4	3	0	1	5	0	1	0	3	0	2	0	30	7	1	1	6	1	1	5	16	1	2	0	69	0	1	1	14	4	11	2	79
"Sample9"	0	0	1	2	1	1	0	1	0	0	0	0	6	4	0	4	1	0	0	0	0	0	0	0	0	0	0	0	38	12	0	30	2	1	1	1	4	0	4	1	1	2	1	2	2	7	56	17	0	2	0	2	0	0	1	0	0	0	1	0	1	2	0	1	2	0	1	9	0	2	1	3	6	1	2	35	8	2	1	4	2	6	2	20	2	11	2	75	0	0	0	8	3	3	3	61
"Sample10"	1	1	0	0	0	0	0	3	0	1	0	0	13	6	2	9	0	0	0	1	1	0	0	0	1	0	0	1	23	7	0	29	2	1	2	2	0	0	0	1	0	2	3	6	4	2	36	17	0	0	0	4	1	2	0	0	0	0	0	3	2	1	1	4	0	1	1	2	0	3	0	5	3	0	0	35	13	2	0	7	3	1	2	29	3	8	5	55	0	0	4	10	3	5	5	77
"Sample11"	1	0	0	1	4	1	0	1	0	1	0	0	12	3	0	12	0	0	0	0	1	0	0	0	0	0	0	1	39	7	1	31	1	0	0	6	3	0	1	0	0	5	2	11	1	6	48	20	0	0	0	6	0	0	0	0	0	0	0	0	2	1	0	0	1	0	2	4	0	0	2	11	1	1	1	38	12	4	0	5	3	1	3	17	2	3	3	59	0	1	2	17	7	7	0	66
"Sample12"	0	0	0	1	0	0	0	0	1	0	0	0	11	8	2	5	0	0	0	0	0	0	0	0	0	0	0	1	30	10	3	39	0	0	0	4	1	1	0	1	0	0	1	7	1	6	49	14	0	0	0	6	0	0	0	1	0	0	0	1	0	0	1	10	2	0	4	5	3	3	0	4	1	1	1	40	22	1	1	3	2	0	1	18	4	5	3	51	0	3	1	22	7	9	1	70
"Sample13"	0	0	0	1	2	0	0	0	0	1	0	0	19	5	2	8	1	0	0	0	0	2	0	1	0	1	0	2	39	7	2	35	1	2	2	6	4	1	1	1	0	1	3	4	1	6	43	18	0	0	0	2	0	0	0	0	0	0	0	5	3	0	0	2	4	1	1	6	1	0	1	6	2	4	0	32	4	2	3	6	0	2	3	32	3	2	3	65	0	0	3	14	8	2	3	68
"Sample14"	1	1	0	1	1	0	0	0	0	1	0	1	9	3	6	8	1	0	0	1	0	0	0	0	1	1	0	0	30	6	0	24	0	2	0	3	3	0	0	0	3	1	4	8	0	6	45	17	0	0	1	8	0	1	1	1	1	0	0	0	1	1	0	4	6	0	2	3	1	2	1	9	0	2	4	37	7	2	7	6	3	4	2	25	0	2	1	63	2	4	2	19	13	5	2	71
"Sample15"	0	1	0	1	0	0	0	1	0	0	0	0	6	3	3	9	0	1	0	0	2	0	0	0	1	0	0	0	26	11	1	52	0	1	1	2	2	0	0	0	3	0	2	2	1	6	36	24	0	1	0	9	0	0	0	3	0	0	0	1	1	0	0	4	4	1	0	2	2	1	0	6	0	0	0	24	6	0	3	6	1	6	1	15	1	8	5	66	0	1	4	12	1	4	0	62
"Sample16"	0	0	0	3	1	0	0	0	0	0	0	0	7	7	1	13	0	0	0	0	1	0	0	2	0	0	0	0	37	11	2	33	0	0	4	6	2	0	0	0	0	2	0	13	1	10	65	17	0	0	0	6	0	1	2	2	0	0	0	2	0	0	2	9	1	0	2	9	1	1	0	9	0	0	1	30	7	2	2	9	0	2	1	17	1	6	3	72	0	0	2	22	4	5	3	78
"Sample17"	0	0	0	0	1	0	0	1	1	2	1	0	13	4	2	14	1	1	0	0	0	0	0	0	0	0	0	0	32	6	1	39	1	2	0	3	5	1	1	1	0	2	2	7	0	5	36	18	0	0	1	4	0	0	0	0	0	0	0	4	3	0	1	2	1	1	0	10	3	2	0	4	2	1	0	34	4	2	4	10	6	4	2	19	1	6	0	70	0	2	0	14	3	3	3	67
"Sample18"	0	1	0	1	2	1	0	2	0	0	0	0	13	2	0	11	1	0	0	0	1	0	0	2	2	0	0	2	32	8	1	36	1	2	1	2	3	0	0	1	1	0	1	7	1	7	35	20	0	0	1	2	0	0	1	0	0	0	0	2	5	0	0	4	1	1	1	4	1	0	0	13	2	3	0	35	6	1	4	4	2	1	1	22	5	3	1	54	0	1	0	16	8	3	1	71
"Sample19"	0	0	0	0	1	0	0	3	2	1	0	0	8	5	0	12	0	0	0	0	1	0	0	0	1	1	0	1	31	4	0	32	3	0	1	4	7	0	1	1	0	1	0	7	4	6	48	13	1	0	0	6	1	0	0	3	0	0	0	0	2	0	1	1	1	0	1	8	5	0	1	1	1	0	0	35	15	1	3	3	1	2	4	25	1	9	3	72	1	1	0	13	2	4	1	74
"Sample20"	0	0	0	1	1	2	1	0	1	0	0	1	13	5	1	22	1	1	0	0	0	0	0	1	0	1	0	1	21	8	3	30	3	4	1	3	1	0	1	0	1	4	0	11	1	8	44	18	0	0	0	5	0	1	1	0	0	0	0	0	3	0	1	7	0	0	0	2	2	1	1	6	3	2	0	28	10	3	2	6	3	2	8	23	2	4	2	58	0	0	1	7	7	6	2	70
"Sample21"	2	0	0	1	2	3	0	1	0	0	0	1	5	7	0	7	0	0	1	0	1	0	0	1	0	0	0	0	23	7	2	28	0	1	1	8	3	0	0	1	0	1	0	9	1	4	49	29	0	0	0	4	0	0	0	2	0	0	1	3	1	0	1	3	3	1	1	11	2	1	0	2	3	3	0	25	5	1	2	7	4	3	5	15	2	3	4	52	0	1	0	17	5	4	4	58
"Sample22"	1	0	0	0	3	1	0	0	0	1	0	0	12	6	4	11	0	0	0	0	0	0	0	1	0	0	0	1	36	9	2	17	1	1	0	2	1	0	0	0	0	3	2	6	1	9	56	22	0	0	1	7	0	0	0	1	0	0	0	1	1	0	0	5	2	1	0	3	1	1	0	3	3	1	1	34	3	1	2	4	1	3	2	10	1	2	2	82	1	3	2	8	3	2	1	85
"Sample23"	0	3	0	1	1	0	0	2	0	0	0	0	13	2	1	8	0	0	0	1	0	0	0	1	0	0	0	0	39	5	2	37	3	1	0	5	5	0	0	1	0	1	0	3	1	9	62	22	0	0	0	12	0	0	0	0	0	0	0	1	2	0	1	2	2	0	1	3	0	0	0	5	4	0	0	35	10	0	1	2	0	0	2	14	1	5	2	60	0	1	1	18	6	4	2	59
"Sample24"	0	1	0	0	0	2	0	0	0	0	0	0	12	3	3	15	0	0	0	0	1	0	0	3	0	0	0	1	36	4	2	27	2	0	0	3	7	0	0	0	2	3	0	3	2	4	46	24	0	0	1	4	0	0	0	0	0	0	0	1	2	0	0	9	1	0	1	12	0	4	1	1	2	0	0	44	3	4	4	4	2	2	2	19	1	6	2	58	0	1	1	16	4	3	0	84
"Sample25"	1	4	1	3	1	2	0	1	0	0	2	0	13	3	3	10	0	0	0	1	0	0	0	0	0	0	0	0	33	6	3	35	2	2	1	4	7	0	1	1	1	0	3	8	1	8	36	16	0	1	1	0	0	0	0	2	0	0	0	3	0	0	1	4	1	0	4	7	5	0	0	2	1	0	0	44	11	0	2	2	1	0	0	11	1	9	5	62	0	2	0	16	7	6	3	57
"Sample26"	0	1	0	1	0	0	0	0	0	0	0	1	14	3	1	20	0	0	1	1	0	0	2	0	0	0	1	2	24	2	3	34	2	1	0	4	2	0	0	0	1	2	1	8	1	7	48	24	0	0	0	6	1	0	1	1	0	0	0	0	0	1	1	2	2	0	1	2	3	0	2	5	2	2	1	31	8	3	2	0	3	2	2	24	3	6	5	64	1	1	0	8	5	3	1	57
"Sample27"	1	0	0	0	3	1	0	2	0	0	0	0	12	6	0	21	0	0	0	1	0	0	0	1	0	0	0	0	26	8	0	42	0	0	3	8	9	0	0	0	1	3	6	7	0	7	36	11	0	0	0	7	0	1	0	0	0	0	0	2	0	0	1	6	0	0	1	7	0	0	0	9	0	0	0	47	7	2	2	4	3	1	4	13	1	1	4	73	0	0	1	19	6	4	3	71
"Sample28"	1	0	0	1	2	0	0	1	0	1	0	0	8	1	1	10	0	3	0	3	0	0	1	0	0	1	1	0	24	9	2	29	2	0	2	3	2	0	1	0	0	1	0	12	2	4	45	23	1	0	0	4	0	0	0	0	0	0	1	0	1	1	0	4	2	0	0	3	2	0	1	7	4	1	2	33	9	3	4	1	1	3	1	17	2	6	3	63	1	0	1	19	3	5	1	59
"Sample29"	0	0	0	1	1	0	0	1	1	0	0	0	4	2	1	16	0	0	1	2	1	0	0	0	1	0	0	0	30	3	1	46	3	2	0	7	0	0	0	0	2	0	1	5	1	5	33	18	0	0	2	5	0	0	0	1	0	0	0	1	0	0	0	1	0	0	0	2	3	4	0	2	2	1	0	34	15	2	3	7	1	2	2	25	1	9	4	69	0	1	1	17	4	2	1	71
"Sample30"	0	2	1	2	2	1	0	1	0	1	0	0	11	4	3	15	0	0	1	0	0	0	0	0	1	0	1	0	35	11	0	57	2	1	1	3	0	0	0	0	3	2	0	10	0	6	46	18	0	0	0	6	0	0	0	1	0	1	0	4	0	0	1	6	1	0	0	7	2	1	0	7	0	1	0	46	6	3	4	3	4	3	0	12	4	5	3	61	0	1	3	16	2	2	1	72
"Sample31"	1	0	0	1	0	0	0	2	2	2	0	0	11	2	0	9	1	0	0	0	0	0	0	1	0	0	0	1	38	8	0	30	0	2	0	5	1	0	0	0	0	2	0	9	2	2	46	16	0	0	0	5	2	0	2	2	0	0	0	0	0	0	0	2	3	0	3	9	0	0	0	7	3	0	1	30	7	0	5	6	0	2	0	19	0	7	5	58	0	2	0	10	2	4	3	78
"Sample32"	1	0	0	1	0	0	0	0	0	1	0	0	17	1	1	21	1	0	0	3	0	0	0	3	0	0	0	0	28	1	0	32	2	2	1	6	3	0	0	2	2	0	3	2	3	7	50	21	0	0	1	1	0	0	0	0	0	0	0	0	4	0	2	4	1	0	2	5	1	0	2	10	3	1	0	23	4	1	2	3	1	1	5	38	0	5	2	67	0	0	2	9	5	6	1	77
"Sample33"	0	1	0	0	0	2	0	2	0	0	1	0	9	5	4	11	3	0	0	1	0	0	0	0	0	0	0	1	25	3	0	34	0	1	1	7	5	0	0	1	2	2	1	10	2	1	52	19	0	0	0	5	0	0	0	2	0	0	0	3	3	0	3	3	2	0	0	9	4	0	1	5	1	0	1	32	3	1	2	3	2	1	2	24	1	3	1	61	0	0	1	13	6	2	3	51
"Sample34"	0	0	0	2	2	0	0	1	0	1	0	0	15	1	2	8	1	1	0	2	0	0	0	0	1	0	0	0	40	4	1	25	1	1	0	5	6	0	2	0	0	3	2	8	0	7	51	13	0	0	0	4	1	4	0	1	0	0	1	3	5	0	0	4	0	0	4	4	4	0	0	6	6	0	0	41	6	0	2	12	0	3	2	21	1	5	2	68	0	0	2	21	10	6	4	92
"Sample35"	0	1	0	0	2	0	0	0	1	1	0	0	12	3	0	15	1	0	0	2	1	0	0	1	0	0	0	0	28	3	5	37	0	2	0	3	2	0	0	0	0	0	0	12	3	5	47	14	1	0	0	2	1	0	0	1	0	0	1	1	1	1	1	2	2	1	0	5	2	3	0	6	3	1	1	40	15	1	6	7	1	3	2	22	3	3	2	64	1	1	0	24	8	4	4	72
"Sample36"	0	2	0	0	2	0	0	3	0	0	0	0	12	3	1	14	2	0	0	0	1	0	0	0	0	0	0	0	23	9	3	32	0	0	1	4	4	0	0	1	1	0	1	7	4	2	55	14	0	0	3	2	1	1	0	2	1	0	0	0	2	0	1	1	0	1	2	7	1	0	1	12	0	0	1	31	7	0	3	10	1	0	1	13	0	11	5	81	0	1	0	13	5	5	0	58
"Sample37"	0	3	0	3	0	1	0	1	0	1	0	0	10	3	0	10	1	2	0	0	1	0	0	0	1	0	0	1	33	6	2	35	2	1	1	4	3	0	0	0	2	2	2	7	3	4	28	14	0	0	1	8	0	0	0	1	0	0	0	0	0	1	1	3	1	0	1	5	1	1	0	4	1	0	2	43	7	0	2	13	0	1	0	13	0	6	3	68	0	1	1	15	3	2	4	69
"Sample38"	0	1	0	1	0	0	0	1	1	0	0	0	10	5	4	12	1	0	0	0	0	0	0	1	0	0	0	1	27	9	2	30	1	2	1	6	7	0	0	0	0	2	0	10	2	7	43	16	0	0	0	7	1	0	1	3	0	1	0	3	0	0	0	4	1	2	2	12	1	2	0	6	2	0	0	36	7	2	3	6	2	4	3	26	1	2	3	80	0	1	0	18	9	5	1	65
"Sample39"	0	1	0	0	1	4	0	0	0	0	0	0	8	4	5	13	0	1	0	1	0	0	0	0	0	0	0	1	30	6	0	31	2	5	0	7	3	0	1	0	0	0	0	4	3	6	41	21	0	0	1	9	0	0	0	1	0	0	0	4	1	0	1	3	0	1	2	6	5	0	2	7	2	3	1	36	7	0	2	6	2	3	2	35	1	3	3	64	1	1	1	11	9	6	2	69
"Sample40"	1	1	0	1	1	0	0	0	0	1	0	1	9	3	2	12	1	0	1	0	1	0	0	1	0	0	0	0	35	6	4	41	1	0	0	7	5	0	1	1	1	3	2	6	1	6	44	20	0	0	1	6	0	0	0	3	0	0	0	0	3	0	1	4	2	0	0	4	1	3	1	8	1	0	0	35	4	3	3	5	1	1	0	16	1	7	1	54	0	0	0	4	3	3	2	67
"Sample41"	1	3	0	1	3	1	0	1	0	0	0	3	10	4	0	12	0	0	0	0	0	0	0	0	1	0	1	0	36	5	0	34	1	0	3	5	3	0	1	1	2	4	1	5	3	7	33	25	0	0	1	1	0	1	0	0	0	0	0	1	1	0	1	3	3	0	0	1	1	0	0	3	1	1	2	30	9	0	2	4	1	5	0	23	0	9	6	53	0	0	0	17	6	7	1	64
"Sample42"	0	1	0	1	1	2	0	2	1	0	1	0	12	8	2	8	0	1	0	0	0	0	0	1	0	0	0	0	25	8	1	35	1	1	2	2	3	0	3	0	2	1	1	9	2	11	43	11	0	0	0	2	0	0	0	0	0	0	0	2	0	0	0	5	3	2	2	3	0	0	1	7	2	0	0	44	4	1	0	5	2	6	2	20	5	8	3	76	1	1	0	7	5	3	3	69
"Sample43"	0	0	0	0	0	0	0	3	0	0	0	1	12	3	7	12	1	0	0	2	1	0	0	1	0	0	0	2	33	5	0	37	1	0	0	1	3	0	1	2	0	0	0	9	0	5	49	26	0	0	0	4	0	1	0	0	0	0	0	0	2	0	1	3	2	0	1	9	2	2	1	7	0	2	0	35	12	2	1	5	3	4	1	16	2	1	2	69	0	2	3	17	6	3	1	67
"Sample44"	0	0	0	0	4	0	0	2	1	0	0	0	8	1	2	12	1	2	0	3	0	0	2	0	0	0	0	1	27	10	0	39	4	1	2	8	2	0	0	0	0	1	0	6	5	4	23	17	0	0	0	8	0	0	1	2	0	0	0	0	0	2	1	2	1	0	1	6	3	0	0	7	6	0	1	39	11	2	1	2	0	1	0	23	1	5	2	62	0	0	0	10	7	2	3	70
"Sample45"	0	3	0	0	2	0	0	1	0	2	0	0	13	3	2	17	0	0	0	3	1	0	0	1	0	0	0	0	39	9	2	37	1	1	4	2	1	0	0	2	0	1	1	1	1	3	58	16	0	0	0	4	0	0	0	0	0	0	0	0	0	0	1	2	1	2	0	5	0	0	1	4	2	1	2	41	10	1	4	8	0	0	1	21	5	2	3	66	0	0	0	19	7	5	4	65
"Sample46"	0	0	0	1	0	3	1	2	1	0	0	0	12	8	0	13	0	1	2	0	0	0	0	2	0	0	0	0	35	7	0	42	0	1	2	4	0	0	5	0	0	0	0	11	0	4	41	19	0	0	1	7	1	1	0	2	0	0	0	1	3	0	2	4	2	0	1	8	1	0	1	7	3	2	1	26	11	0	0	6	2	3	2	21	1	2	1	68	0	2	0	10	5	6	1	54
"Sample47"	0	1	0	0	0	0	0	1	0	0	0	0	7	1	0	7	0	0	0	0	3	0	0	0	0	0	0	0	31	7	0	37	1	1	1	5	4	0	2	0	1	2	2	5	2	3	58	20	0	0	0	6	0	0	0	1	0	0	0	0	2	2	6	4	2	0	2	4	1	2	2	7	2	2	1	40	9	0	5	4	0	4	1	15	1	5	7	58	0	2	2	12	4	2	1	50
"Sample48"	0	1	0	0	0	3	0	2	0	1	0	0	6	3	1	10	0	1	0	3	0	0	0	1	0	0	0	0	41	7	3	37	1	1	0	4	4	0	0	0	1	1	3	3	2	3	52	23	0	0	0	11	0	0	0	2	0	0	0	2	1	0	0	1	0	0	4	9	2	0	4	4	1	1	1	36	4	1	2	2	3	2	3	17	5	3	2	46	0	0	0	14	6	1	4	66
"Sample49"	0	1	0	0	2	0	0	0	0	0	0	0	11	7	0	11	0	0	0	1	3	0	0	1	0	0	0	1	28	9	2	49	2	1	0	1	5	0	0	1	0	6	1	6	1	4	37	25	0	0	0	1	0	0	0	1	0	0	0	0	0	0	0	4	2	2	3	5	2	0	0	11	2	0	0	38	9	2	2	9	0	3	0	28	2	6	1	62	0	0	1	22	3	6	2	81
"Sample50"	1	1	0	1	1	0	0	1	0	0	0	0	13	3	0	9	0	0	0	1	2	1	0	1	1	0	0	0	35	4	0	39	2	1	0	2	3	0	1	0	1	3	0	10	0	8	64	13	0	1	1	4	0	1	0	1	0	1	0	0	3	0	2	3	0	0	3	5	4	0	1	1	6	2	1	34	9	3	3	4	1	4	2	18	2	1	6	85	2	3	2	15	4	8	0	68
"Sample51"	0	2	0	0	2	0	0	3	0	2	0	1	13	6	1	10	0	1	0	1	3	0	0	2	0	0	0	1	33	5	3	39	0	1	6	4	3	1	1	0	2	3	3	10	1	5	34	19	0	0	2	4	1	0	0	0	0	0	0	2	1	0	1	6	2	1	0	4	4	1	2	6	4	0	3	32	5	0	0	2	0	3	1	14	6	0	2	63	0	0	0	12	8	5	0	75
"Sample52"	0	1	0	1	1	0	0	2	0	2	0	0	8	9	1	12	0	1	0	0	1	0	0	1	0	0	0	0	36	12	5	37	1	1	1	5	1	0	0	1	2	0	0	4	0	3	38	16	0	0	0	4	0	0	0	1	0	0	0	1	1	0	0	2	4	1	1	5	3	1	0	5	1	1	1	33	13	3	2	8	0	1	5	17	1	7	5	75	0	1	1	26	8	6	2	73
"Sample53"	1	0	0	1	3	1	0	3	0	1	0	0	8	5	1	6	1	0	0	0	0	1	0	0	0	0	0	1	34	6	2	22	2	2	0	5	1	0	0	2	1	1	0	7	1	5	47	25	0	0	0	7	0	0	1	1	0	0	1	3	2	1	0	4	2	1	0	11	1	0	0	4	1	2	0	25	10	2	1	3	2	4	3	17	2	4	0	64	0	2	0	11	4	4	0	75
"Sample54"	0	1	2	1	4	1	0	0	0	0	0	0	12	4	0	8	0	1	0	1	0	0	0	2	0	0	1	0	25	9	0	32	0	1	1	5	4	0	0	1	0	2	1	7	1	5	39	19	0	0	1	7	0	2	0	0	0	0	3	0	3	1	0	6	0	1	2	4	0	0	0	6	3	1	1	31	6	4	3	10	3	2	0	24	1	6	4	53	0	1	3	12	6	5	3	60
"Sample55"	1	1	0	1	4	0	0	0	0	0	0	0	10	5	3	8	1	0	0	1	1	0	1	1	0	0	0	1	33	8	0	34	1	3	4	4	3	2	2	0	0	2	2	4	0	6	31	18	1	0	1	6	0	0	0	0	0	0	1	0	0	1	1	2	0	2	2	2	2	3	1	3	2	0	0	27	15	2	3	3	3	3	1	23	1	4	3	72	0	0	3	15	8	3	2	82
"Sample56"	0	1	2	0	3	1	0	1	1	0	0	0	13	5	2	15	0	2	0	1	1	0	1	0	1	0	0	0	26	7	1	26	0	0	1	2	3	0	3	1	0	0	2	9	2	3	37	26	0	1	0	4	0	1	0	1	0	0	0	2	4	0	1	5	0	1	2	4	0	0	0	8	2	0	0	46	9	1	2	4	2	1	4	26	3	8	3	85	0	2	0	15	10	3	1	92
"Sample57"	0	1	0	1	2	0	0	0	1	0	0	0	8	5	3	10	2	0	0	0	0	0	1	1	0	0	0	0	27	12	1	33	1	1	0	2	0	0	2	0	0	3	3	8	4	9	37	18	0	0	0	5	0	0	3	2	0	0	0	5	0	1	1	10	0	1	1	3	1	2	1	0	2	0	1	27	11	0	4	4	0	0	0	19	1	3	5	64	0	0	1	9	7	4	2	72
"Sample58"	0	2	0	0	6	2	0	0	0	0	0	0	15	3	3	9	1	1	0	1	2	0	0	0	0	0	0	1	27	8	1	33	2	1	0	2	5	0	0	1	0	1	1	8	2	8	52	15	0	0	1	9	0	0	0	2	0	0	1	1	1	0	1	3	0	0	1	2	1	1	1	2	1	0	0	40	11	1	2	6	0	1	1	17	3	9	1	62	0	2	1	8	1	6	1	60
"Sample59"	1	0	0	0	1	2	0	0	0	0	0	0	10	2	2	11	0	0	0	0	2	0	0	0	0	0	0	0	31	6	0	53	0	1	1	4	7	0	1	0	0	3	0	11	0	3	45	19	0	1	0	5	0	0	1	1	0	0	0	2	0	0	0	2	1	0	3	4	0	0	0	2	1	2	1	35	8	3	0	5	1	2	1	29	4	6	1	77	0	2	1	16	4	2	6	77
"Sample60"	0	1	0	0	0	1	0	0	0	0	0	1	13	5	3	4	0	0	0	2	0	0	0	3	0	0	0	0	36	9	1	42	2	0	2	8	2	0	1	1	2	0	2	6	1	5	61	15	0	0	0	8	0	0	0	1	0	0	3	1	0	0	1	3	1	0	2	4	3	0	0	8	2	0	1	25	6	1	3	6	0	2	1	18	3	4	1	62	0	1	0	11	7	3	1	78
"Sample61"	2	0	1	0	0	1	0	0	0	2	0	0	9	6	0	13	0	1	0	0	0	0	1	0	0	0	0	0	27	8	0	37	0	3	1	5	1	0	0	0	0	0	0	5	0	7	43	12	0	0	0	4	0	0	0	2	0	1	1	1	4	0	0	5	2	0	0	1	4	1	2	9	0	4	0	25	6	3	3	5	2	4	2	15	2	9	2	74	0	1	0	12	6	1	5	71
"Sample62"	0	0	0	2	1	1	0	5	1	1	0	0	10	5	0	15	1	0	0	0	0	0	0	0	0	0	0	1	26	8	0	31	0	2	1	6	10	0	0	0	0	5	0	4	0	8	56	12	0	0	0	8	0	0	0	1	0	0	0	4	5	0	0	5	3	0	2	3	2	4	2	8	0	0	0	37	9	5	5	2	1	3	1	20	5	4	3	53	0	1	1	13	10	1	0	68
"Sample63"	0	1	0	1	1	0	0	2	0	0	0	1	9	10	2	22	0	0	0	0	0	1	1	1	2	0	0	0	30	11	1	37	3	0	0	6	3	0	0	1	2	4	0	6	0	8	40	9	0	0	0	2	3	0	1	0	0	0	0	0	1	1	0	2	1	0	1	4	2	3	2	6	1	1	0	35	14	2	3	8	3	1	0	17	2	3	5	71	0	0	2	20	8	2	1	56
"Sample64"	0	1	0	0	0	2	0	0	0	0	0	0	12	2	0	13	0	1	0	1	1	1	0	0	0	0	0	0	40	6	2	31	3	2	1	3	1	0	2	0	0	1	3	11	1	6	44	15	1	0	0	3	0	0	0	2	0	0	0	0	2	0	2	2	0	1	0	7	0	1	0	5	1	1	0	28	7	4	3	7	2	3	1	12	4	7	3	62	1	0	0	16	2	5	1	75
"Sample65"	0	0	0	0	1	0	0	2	1	0	0	0	17	2	1	13	0	0	0	0	2	0	0	0	0	0	1	0	42	2	1	31	2	1	0	3	0	0	0	1	2	1	0	3	2	6	50	14	0	0	3	3	0	0	0	2	0	0	0	0	4	0	2	5	1	0	0	3	2	0	1	7	2	2	1	33	7	4	1	6	2	3	2	23	1	0	2	70	0	1	0	18	6	5	3	80
"Sample66"	0	1	0	0	3	0	0	1	0	1	0	0	12	2	0	7	3	0	0	1	2	0	0	1	1	0	0	0	37	5	0	44	2	0	0	2	2	1	2	0	1	1	1	5	2	7	59	20	0	0	0	5	0	0	0	0	0	0	0	4	1	0	0	4	2	1	2	4	1	1	0	4	2	2	1	32	13	1	5	3	2	0	2	24	1	3	3	57	1	1	2	24	3	7	1	55
"Sample67"	0	0	0	1	1	4	0	0	0	0	0	0	10	4	0	19	0	0	0	1	0	0	0	0	0	0	1	0	22	2	2	47	1	1	1	2	4	2	1	0	2	4	2	9	3	4	40	19	0	0	0	4	0	0	0	1	0	0	0	1	3	1	0	7	1	0	0	5	2	1	0	9	1	3	1	45	15	1	5	1	1	3	2	23	2	1	4	65	0	2	2	7	4	8	3	67
"Sample68"	1	2	0	3	1	2	0	0	0	2	0	1	7	1	1	10	2	1	3	0	0	0	0	0	1	0	0	0	24	1	2	44	1	1	1	2	2	0	1	0	0	2	0	8	1	13	37	20	0	0	1	10	0	0	1	0	0	0	0	1	2	2	0	7	0	0	1	5	1	1	2	6	4	1	0	39	12	4	3	3	1	1	3	29	2	4	3	63	0	0	1	16	2	4	4	77
"Sample69"	1	2	0	0	2	0	0	0	0	0	0	0	5	4	1	11	0	0	0	0	2	0	0	0	0	0	0	0	23	3	1	36	3	1	0	4	3	1	2	0	1	3	0	7	1	10	35	15	0	2	1	7	0	0	0	2	0	1	0	2	1	0	0	4	2	0	1	2	1	2	0	9	1	1	0	26	4	0	4	3	2	1	2	18	2	6	2	59	0	3	1	15	11	5	2	68
"Sample70"	0	2	0	2	0	0	0	2	0	0	0	0	7	6	1	8	0	0	0	1	1	0	0	0	0	0	0	0	35	2	1	33	1	2	1	5	9	2	2	1	2	2	1	6	1	7	49	16	0	0	1	8	0	0	0	1	0	0	0	2	2	0	0	1	1	0	1	7	1	0	1	5	1	2	0	44	10	3	3	3	2	0	3	18	2	3	5	73	1	2	0	10	5	3	3	57
"Sample71"	0	1	0	0	0	0	0	0	0	0	0	0	13	3	0	11	0	0	0	0	0	0	1	1	0	0	0	1	27	12	1	49	6	0	1	5	2	1	0	0	2	1	0	6	2	6	49	16	0	0	0	3	0	0	0	1	0	0	0	1	3	2	1	3	2	1	3	7	5	1	1	4	0	1	0	44	5	1	2	5	4	5	0	15	1	1	8	64	0	1	3	15	8	7	1	76
"Sample72"	0	0	0	2	1	1	0	4	0	0	0	2	6	3	3	6	0	0	0	0	0	0	0	0	0	0	0	0	28	5	2	35	1	2	0	3	4	0	2	0	0	1	1	5	1	5	49	16	0	0	1	5	0	0	0	0	0	0	0	2	1	0	0	3	3	0	3	7	1	4	0	4	0	2	0	37	15	2	1	7	0	1	2	27	2	6	4	68	0	1	0	20	5	6	3	83
"Sample73"	0	3	0	1	2	1	0	0	0	2	0	0	14	3	0	9	1	0	0	2	0	1	1	2	0	0	0	0	35	8	2	48	1	2	0	6	4	1	3	1	3	0	4	12	0	5	42	25	0	0	0	4	0	1	0	4	0	0	0	2	5	0	0	2	1	1	0	9	1	0	2	5	2	0	1	30	7	4	3	9	1	1	1	11	0	4	1	79	1	2	0	14	10	5	3	69
"Sample74"	2	1	0	2	0	3	0	0	0	0	0	0	5	5	3	13	0	0	0	0	0	2	0	2	0	0	0	0	41	7	2	35	2	0	0	2	3	1	1	0	1	2	0	6	1	10	42	16	1	0	0	6	0	0	0	1	0	0	0	0	0	1	2	6	1	0	1	8	1	2	0	0	0	1	0	43	8	0	5	3	0	3	2	23	2	9	8	65	0	0	0	12	1	4	1	69
"Sample75"	0	3	0	2	4	0	0	0	0	0	0	0	9	3	1	15	2	0	0	2	1	0	0	1	0	0	0	1	21	7	1	44	1	1	1	4	5	0	2	2	1	2	0	10	0	2	46	19	0	0	0	5	0	0	0	0	0	0	2	0	4	0	1	5	2	0	0	3	0	0	1	2	2	0	1	30	10	5	5	5	0	4	4	19	1	5	1	68	1	0	0	17	6	2	1	54
"Sample76"	2	2	0	1	1	3	0	1	2	1	0	0	4	2	0	11	0	0	0	0	2	0	1	2	1	0	0	0	34	7	2	43	1	0	0	3	3	1	2	0	0	0	1	6	0	5	52	22	0	0	3	2	2	0	0	0	0	0	0	1	2	1	2	7	1	0	3	3	2	1	1	2	0	3	0	27	5	1	0	2	0	2	1	18	3	5	3	58	0	1	1	13	8	9	1	68
"Sample77"	2	1	0	3	4	1	0	0	1	1	0	0	15	5	1	12	0	0	0	1	1	0	0	1	1	0	0	0	29	8	2	30	1	2	1	6	0	1	0	2	0	2	1	11	7	7	47	9	0	0	3	2	0	0	0	1	0	0	0	0	3	0	0	2	1	0	0	2	3	0	2	6	3	1	0	34	13	3	0	5	0	2	3	10	7	8	4	69	0	0	2	18	2	5	2	66
"Sample78"	1	1	1	5	1	2	0	1	0	1	0	0	11	1	2	12	0	0	0	0	0	0	0	0	0	0	0	0	39	7	0	39	4	2	0	4	3	0	1	0	3	1	1	8	2	3	39	14	0	1	0	3	0	0	0	2	0	0	0	1	0	0	0	5	2	0	1	4	1	2	1	6	2	1	1	39	13	0	4	3	3	3	1	16	2	7	2	75	0	0	1	14	8	3	1	70
"Sample79"	1	0	2	2	3	0	0	0	0	1	0	0	7	3	1	7	1	0	0	1	2	1	0	0	0	0	1	0	42	5	1	34	0	0	1	3	3	1	2	1	0	0	0	12	1	13	34	20	0	0	1	3	0	1	1	1	0	0	0	1	2	0	1	3	2	0	3	4	0	3	0	7	2	0	0	24	9	5	0	10	4	5	4	32	0	1	1	50	0	1	0	10	3	3	1	60
"Sample80"	0	0	0	0	3	1	0	1	0	0	0	1	11	3	3	8	0	0	0	0	0	0	0	0	1	0	0	1	34	5	0	33	1	0	0	6	9	0	0	0	0	1	0	14	0	10	46	16	0	0	1	6	0	0	0	0	0	0	0	2	1	1	0	2	2	1	2	4	1	1	3	3	1	0	0	38	16	0	0	7	2	1	5	19	1	7	0	60	0	0	3	14	7	4	5	68
"Sample81"	1	0	0	0	1	0	0	2	0	2	0	0	7	3	0	14	0	0	0	2	1	0	0	2	0	0	0	2	50	3	1	49	1	0	2	4	2	0	2	1	4	1	0	10	4	7	41	16	0	0	0	16	0	0	1	1	0	0	1	2	4	0	0	4	0	0	1	4	0	2	3	5	0	0	0	37	13	5	1	0	0	0	1	15	1	5	1	67	1	2	0	25	2	3	1	77
"Sample82"	0	1	0	1	3	1	0	0	0	0	0	0	9	6	0	18	0	0	0	1	0	0	0	1	0	0	0	0	30	8	4	30	1	0	1	2	7	0	1	2	3	0	0	9	2	6	36	18	0	0	0	3	0	0	0	1	0	0	0	1	2	1	1	5	5	1	2	6	2	1	0	10	2	0	0	35	14	0	0	9	2	6	2	17	1	3	6	68	0	0	0	8	8	6	1	78
"Sample83"	0	4	0	1	1	2	0	1	0	0	0	0	5	0	1	8	0	0	0	1	1	0	0	1	0	0	0	1	21	4	0	31	3	0	1	4	2	1	0	0	0	1	2	2	1	6	42	19	0	0	0	6	0	0	0	1	0	0	0	1	2	0	0	2	1	1	0	4	1	0	0	9	1	2	1	39	11	2	1	3	2	0	1	28	3	7	3	79	0	1	1	15	5	4	2	88
"Sample84"	2	1	0	0	2	0	0	1	0	0	0	0	11	8	0	11	0	0	0	2	0	0	0	1	0	0	0	0	39	7	4	29	2	0	1	6	2	0	1	0	0	2	0	11	3	9	43	17	0	0	0	3	0	0	0	1	0	0	0	0	4	0	2	1	1	0	1	7	1	0	2	4	1	0	0	38	13	2	3	6	1	1	2	12	2	8	2	80	0	0	0	15	4	3	3	79
"Sample85"	0	0	0	1	2	1	0	2	1	0	0	0	12	4	0	11	0	0	0	0	0	0	0	1	0	0	0	0	41	2	1	21	3	0	0	5	4	0	2	0	1	0	5	4	2	6	40	15	0	0	3	7	1	0	1	5	0	0	0	2	2	1	0	8	1	0	0	4	1	0	2	3	0	0	1	31	8	1	4	6	2	0	2	26	2	3	0	63	0	2	0	21	6	4	5	72
"Sample86"	0	1	0	2	4	1	0	1	2	1	0	1	12	8	1	13	2	1	0	0	0	1	0	4	0	0	0	0	23	9	3	26	1	0	0	0	2	0	1	1	3	3	2	6	1	5	37	18	2	0	1	4	0	0	0	1	0	0	0	4	1	0	1	2	4	0	1	9	5	1	0	5	1	1	1	22	6	3	1	6	0	3	0	23	4	6	2	66	0	0	3	14	5	7	1	65
"Sample87"	0	1	0	0	0	0	0	1	0	1	0	0	18	1	0	7	2	1	1	0	1	0	0	0	0	0	0	0	30	5	0	39	4	2	1	1	7	0	0	1	0	2	1	7	0	8	51	17	0	0	0	5	0	1	0	1	0	0	0	0	3	0	1	0	2	0	2	5	1	0	0	7	1	1	1	37	7	7	4	3	4	2	3	28	3	5	3	67	1	1	1	14	5	5	4	71
"Sample88"	2	0	0	1	1	1	0	0	0	0	0	1	11	8	0	11	0	1	0	0	1	0	0	0	0	0	0	0	33	13	2	47	0	0	0	3	4	2	1	1	1	2	2	8	2	6	39	11	0	0	2	3	0	0	0	0	0	0	0	1	4	0	0	4	1	0	2	7	3	1	0	7	0	1	0	42	11	0	3	5	2	1	1	13	4	7	6	80	0	2	1	16	5	7	1	60
"Sample89"	0	0	0	0	3	1	0	1	0	0	0	1	11	4	3	8	0	1	0	1	1	0	0	1	0	0	0	0	43	10	3	31	2	2	1	7	6	0	2	2	0	1	1	6	0	3	48	21	1	1	0	3	0	0	0	1	0	0	1	1	1	0	0	1	0	0	0	4	0	1	0	8	1	0	0	37	7	2	4	10	2	8	2	13	3	9	3	63	0	1	4	14	2	7	2	74
"Sample90"	0	0	1	0	3	0	0	0	0	0	0	0	7	5	5	9	0	0	0	0	0	0	0	1	0	0	0	0	40	4	2	30	1	2	1	4	4	0	0	0	0	4	0	6	5	4	47	25	0	0	0	3	0	0	1	0	0	0	0	0	1	0	0	2	5	0	3	5	4	1	0	6	1	1	2	36	6	2	2	6	3	4	3	27	1	9	2	75	0	0	0	14	6	3	4	81
"Sample91"	1	0	0	0	3	0	0	1	0	1	0	1	7	7	0	17	0	0	0	3	0	0	0	0	2	0	0	0	29	6	2	31	2	0	0	3	4	2	0	1	2	2	1	6	2	3	47	23	0	0	0	4	0	1	0	0	0	1	0	0	2	0	1	1	1	1	0	4	3	2	0	6	2	2	0	22	5	1	1	11	1	1	1	18	3	5	2	73	0	0	2	12	6	3	1	71
"Sample92"	0	0	1	0	2	0	0	1	1	3	0	1	10	4	4	8	1	0	0	0	1	1	0	0	0	0	0	1	26	9	0	25	0	1	1	6	1	0	2	0	1	3	0	15	1	5	50	17	0	1	0	5	0	0	0	3	0	0	0	0	5	0	2	4	2	0	1	6	1	0	0	4	3	1	0	42	5	0	6	4	2	3	1	24	2	5	1	67	0	1	2	17	3	6	2	68
"Sample93"	0	1	1	2	1	0	0	0	0	0	1	0	9	4	3	13	0	0	0	0	0	0	0	0	2	0	0	1	29	4	0	45	0	0	1	5	2	0	5	1	0	2	1	12	1	7	61	13	1	0	1	1	0	0	0	1	0	0	2	1	2	0	2	6	2	1	1	8	0	0	1	4	4	0	0	30	7	3	0	9	1	3	1	24	0	9	0	67	0	0	0	16	5	1	0	69
"Sample94"	0	0	1	3	2	0	0	0	0	2	0	0	14	6	0	13	0	0	0	0	1	0	0	0	0	0	0	0	31	6	1	37	1	2	0	4	3	0	1	0	0	3	1	13	0	5	25	18	0	0	1	4	0	0	0	0	0	0	0	2	3	0	1	5	2	0	0	0	1	6	1	8	2	0	1	29	6	2	1	1	0	3	4	19	1	5	2	64	0	1	0	13	8	3	0	74
"Sample95"	0	1	0	1	2	2	0	0	0	1	0	1	8	6	0	17	0	1	0	4	2	0	0	2	0	0	0	0	36	3	2	35	0	0	0	4	3	0	1	0	2	1	0	6	3	3	47	29	0	1	0	7	0	1	0	1	0	1	0	1	3	0	1	5	1	1	1	4	1	2	0	6	0	3	0	38	3	1	2	1	1	3	1	19	3	3	6	56	1	0	0	7	4	5	0	58
"Sample96"	0	0	0	0	1	1	0	0	1	0	0	1	6	3	0	10	0	1	0	1	1	1	0	1	0	0	0	0	36	8	1	34	3	3	2	3	6	0	2	3	2	1	0	11	2	4	48	13	0	0	0	4	0	0	0	1	0	0	0	1	3	0	0	1	0	1	0	4	3	2	2	6	2	0	1	26	12	2	3	4	4	2	2	17	2	5	1	63	0	0	1	17	5	2	0	70
"Sample97"	1	0	0	0	3	0	0	0	0	0	0	0	8	1	1	12	0	0	0	0	3	0	0	0	0	0	0	0	31	8	2	43	0	2	3	4	2	1	1	1	1	1	2	4	1	8	44	20	0	0	0	5	0	0	0	3	0	0	0	1	1	1	0	5	2	6	1	3	1	0	1	7	4	0	0	31	11	1	4	1	3	4	2	23	0	3	2	68	2	0	1	13	7	3	1	73
"Sample98"	1	2	0	1	0	1	0	0	0	1	0	0	8	9	2	13	0	0	0	1	3	2	0	0	0	0	0	0	35	5	0	38	0	2	0	5	6	0	4	2	2	2	2	7	0	8	39	12	0	1	0	5	0	1	0	1	0	0	0	1	1	0	2	5	3	0	0	4	0	0	0	3	1	1	1	30	7	3	3	8	0	2	5	17	0	9	2	57	0	1	0	16	3	5	8	78
"Sample99"	0	2	0	2	3	1	0	0	0	1	0	0	7	4	1	10	0	0	0	1	1	1	0	0	0	0	0	0	38	6	0	42	2	1	1	3	5	1	0	0	4	1	0	8	3	4	40	14	0	0	2	4	0	0	0	1	0	0	0	1	0	0	0	3	3	0	0	3	1	2	3	5	0	1	0	26	9	3	3	7	0	3	1	17	0	3	1	64	0	2	0	10	6	4	2	70
"Sample100"	4	2	0	0	2	1	0	0	0	0	1	0	11	7	1	18	1	1	0	0	3	0	0	0	1	0	0	0	26	7	3	36	1	1	0	6	4	0	2	0	2	2	1	10	1	10	54	18	0	0	0	5	0	0	0	0	0	0	0	0	3	1	0	4	1	0	0	6	0	2	1	7	2	1	0	25	12	4	3	5	1	1	0	17	0	10	5	71	1	0	0	13	3	2	3	67
