"A[C>A]A"	"A[C>A]C"	"A[C>A]G"	"A[C>A]T"	"C[C>A]A"	"C[C>A]C"	"C[C>A]G"	"C[C>A]T"	"G[C>A]A"	"G[C>A]C"	"G[C>A]G"	"G[C>A]T"	"T[C>A]A"	"T[C>A]C"	"T[C>A]G"	"T[C>A]T"	"A[C>G]A"	"A[C>G]C"	"A[C>G]G"	"A[C>G]T"	"C[C>G]A"	"C[C>G]C"	"C[C>G]G"	"C[C>G]T"	"G[C>G]A"	"G[C>G]C"	"G[C>G]G"	"G[C>G]T"	"T[C>G]A"	"T[C>G]C"	"T[C>G]G"	"T[C>G]T"	"A[C>T]A"	"A[C>T]C"	"A[C>T]G"	"A[C>T]T"	"C[C>T]A"	"C[C>T]C"	"C[C>T]G"	"C[C>T]T"	"G[C>T]A"	"G[C>T]C"	"G[C>T]G"	"G[C>T]T"	"T[C>T]A"	"T[C>T]C"	"T[C>T]G"	"T[C>T]T"	"A[T>A]A"	"A[T>A]C"	"A[T>A]G"	"A[T>A]T"	"C[T>A]A"	"C[T>A]C"	"C[T>A]G"	"C[T>A]T"	"G[T>A]A"	"G[T>A]C"	"G[T>A]G"	"G[T>A]T"	"T[T>A]A"	"T[T>A]C"	"T[T>A]G"	"T[T>A]T"	"A[T>C]A"	"A[T>C]C"	"A[T>C]G"	"A[T>C]T"	"C[T>C]A"	"C[T>C]C"	"C[T>C]G"	"C[T>C]T"	"G[T>C]A"	"G[T>C]C"	"G[T>C]G"	"G[T>C]T"	"T[T>C]A"	"T[T>C]C"	"T[T>C]G"	"T[T>C]T"	"A[T>G]A"	"A[T>G]C"	"A[T>G]G"	"A[T>G]T"	"C[T>G]A"	"C[T>G]C"	"C[T>G]G"	"C[T>G]T"	"G[T>G]A"	"G[T>G]C"	"G[T>G]G"	"G[T>G]T"	"T[T>G]A"	"T[T>G]C"	"T[T>G]G"	"T[T>G]T"
"Sample1"	0	1	0	2	3	3	0	1	0	0	0	1	19	9	3	36	3	0	1	2	0	0	1	1	0	0	0	1	66	17	1	58	3	4	0	9	5	0	3	1	5	3	3	22	4	9	83	36	0	1	3	5	1	0	1	1	0	0	1	2	6	1	2	10	1	0	0	10	1	4	1	7	2	1	3	41	21	7	10	12	3	6	3	51	7	7	7	136	0	4	1	27	7	13	4	143
"Sample2"	1	1	0	1	5	2	0	3	0	0	0	0	19	9	6	19	0	0	0	0	1	0	0	3	0	0	0	1	62	9	3	75	5	1	2	6	16	2	5	1	2	1	0	17	1	11	68	38	0	1	1	9	0	0	1	0	0	0	0	4	4	0	0	15	6	2	1	3	2	1	2	13	2	0	1	68	22	1	6	11	3	2	3	41	6	7	2	146	0	3	3	27	8	7	4	122
"Sample3"	0	2	0	5	1	1	0	5	3	1	0	1	20	12	6	19	2	0	0	1	4	0	0	1	2	1	0	0	62	19	3	79	2	2	0	13	9	1	2	0	3	5	3	6	2	11	93	31	0	0	2	11	2	0	0	4	0	1	1	1	3	0	1	9	6	1	0	10	5	7	3	9	1	1	0	54	19	0	6	7	5	2	1	42	2	8	6	139	0	0	1	31	12	7	8	127
"Sample4"	3	0	0	1	6	0	0	1	0	2	0	0	22	11	4	21	2	0	0	3	0	0	0	1	1	0	0	0	54	11	0	73	3	1	1	11	6	0	2	0	3	4	1	14	4	17	95	31	0	0	0	7	1	0	0	2	0	0	1	3	5	0	0	7	5	2	3	11	2	3	1	6	2	1	0	71	20	5	5	5	6	4	7	32	5	13	13	127	1	2	2	36	7	8	3	138
"Sample5"	0	1	0	3	4	1	0	5	1	1	0	1	19	4	7	19	2	1	0	0	0	0	0	0	0	0	0	2	73	10	1	73	2	2	3	4	6	1	2	0	2	2	8	19	1	11	87	45	1	0	0	13	2	3	0	4	1	0	0	1	6	0	2	13	3	1	5	12	1	0	1	9	4	0	1	76	19	5	2	13	2	7	3	31	6	10	7	129	0	3	4	29	12	11	4	132
"Sample6"	0	3	0	3	2	2	0	4	0	1	0	0	17	10	4	23	1	1	2	3	1	0	1	2	0	0	0	0	55	17	4	85	2	1	0	8	7	0	3	1	2	2	3	14	3	10	81	35	1	1	1	7	0	0	0	1	0	0	1	2	3	2	1	11	4	0	2	10	5	1	0	19	2	3	0	66	21	3	2	6	4	9	3	40	2	13	2	125	0	5	1	29	7	16	6	135
"Sample7"	1	4	0	3	4	3	0	2	4	0	0	0	25	7	4	35	0	0	0	0	1	0	0	3	0	0	0	0	67	14	3	63	0	2	2	16	8	1	2	2	2	2	5	20	4	12	93	36	0	0	0	6	0	0	0	3	0	0	0	1	0	0	3	4	6	1	2	13	2	2	1	10	4	3	1	57	19	3	3	6	1	5	3	41	3	10	6	142	1	4	1	29	10	7	7	135
"Sample8"	0	3	0	0	4	1	0	1	0	2	0	1	32	5	4	19	0	0	0	1	1	1	0	0	0	0	0	2	60	14	4	85	2	1	3	6	11	1	5	0	0	3	7	18	3	19	86	31	0	0	1	10	0	1	0	5	0	0	2	0	4	1	0	4	4	2	1	8	0	3	2	10	4	3	2	71	22	3	7	7	2	9	4	47	4	10	3	135	0	3	2	28	13	18	2	135
"Sample9"	1	2	0	2	1	2	0	2	0	0	1	1	13	16	3	13	3	0	0	2	0	0	0	2	0	0	0	1	69	11	0	66	3	3	1	11	4	0	1	1	0	2	2	15	4	14	70	42	0	0	0	7	0	2	0	3	0	0	0	0	4	1	2	6	4	0	2	11	7	0	0	16	7	1	1	68	21	5	6	8	5	8	3	43	4	14	7	122	0	2	1	33	16	6	4	131
"Sample10"	1	2	0	2	4	0	0	3	1	0	0	3	15	9	1	21	1	0	0	1	1	0	0	0	0	0	0	0	78	13	4	85	1	4	0	13	7	1	2	0	3	3	2	11	5	19	76	37	1	0	0	10	0	3	2	0	0	0	1	3	6	0	0	10	3	1	1	9	1	4	1	8	1	0	2	59	17	7	8	6	4	4	6	31	3	12	8	140	0	2	1	27	9	10	1	166
"Sample11"	0	4	0	3	4	1	0	1	1	0	0	0	17	3	3	18	0	1	0	0	2	0	0	2	0	0	0	2	73	13	3	67	3	1	2	5	10	0	4	5	1	3	4	12	5	13	68	35	0	0	2	5	0	0	1	1	0	0	1	4	3	0	1	8	6	2	0	14	3	1	1	10	2	0	0	62	15	4	5	7	2	4	5	46	5	13	3	159	0	0	4	31	6	12	6	131
"Sample12"	1	7	0	4	2	2	0	1	1	0	0	0	12	4	2	32	2	0	1	1	2	0	0	1	0	0	1	1	61	19	1	86	5	5	2	9	2	1	0	0	3	5	0	14	1	21	78	35	0	0	2	9	2	1	0	0	0	1	1	1	7	0	0	4	1	2	4	9	3	4	1	17	1	1	0	68	19	4	6	10	5	4	3	46	4	8	9	123	1	5	1	22	16	14	2	147
"Sample13"	1	3	0	1	5	3	0	0	1	0	0	1	26	11	4	35	2	1	0	2	0	0	1	4	0	0	0	0	64	17	4	74	2	2	4	8	9	1	4	4	5	6	6	13	1	19	94	41	0	1	2	11	0	0	0	2	0	0	0	0	2	0	0	1	5	1	2	7	2	4	1	9	4	5	0	68	19	1	12	4	4	8	3	40	3	14	3	150	1	0	2	35	12	14	3	132
"Sample14"	0	4	0	1	1	0	0	1	0	1	0	0	24	7	3	19	1	0	0	1	0	0	0	0	0	0	0	1	59	14	2	70	2	5	1	9	9	0	1	2	3	1	4	13	2	8	88	27	0	0	1	5	0	2	2	7	0	0	1	3	7	1	1	10	5	1	2	13	3	3	0	16	4	1	2	68	16	5	12	5	2	10	2	50	4	10	6	116	1	0	5	33	11	7	2	123
"Sample15"	1	0	0	1	1	1	0	2	0	3	0	1	15	9	3	21	4	0	1	3	2	0	0	1	0	0	0	0	66	12	3	91	1	5	3	10	7	0	0	1	4	6	2	19	4	15	95	42	0	0	0	12	1	0	2	1	0	0	0	2	3	0	1	8	5	3	0	7	1	3	0	12	2	2	1	65	17	1	6	9	3	8	6	44	2	15	4	138	1	1	4	31	8	13	5	146
"Sample16"	4	6	0	4	9	1	0	1	1	2	0	0	29	13	0	21	0	0	0	2	4	0	0	1	0	0	0	0	67	13	5	78	0	2	2	11	11	1	5	1	1	4	3	18	6	13	83	35	1	0	1	9	0	0	0	2	0	0	0	2	4	0	1	7	5	0	2	11	3	2	0	14	4	2	2	57	15	1	8	16	4	3	3	41	6	12	2	104	2	3	1	26	8	8	6	130
"Sample17"	0	3	0	0	3	0	0	4	2	1	0	1	15	6	6	23	1	2	0	2	4	2	0	0	0	0	0	0	67	12	5	83	2	4	1	7	6	1	2	3	3	4	2	20	3	14	84	32	0	0	0	8	0	4	0	3	0	3	0	2	7	0	3	7	0	1	2	13	9	4	2	8	1	0	0	76	13	8	9	12	1	4	3	23	4	10	4	135	0	1	3	31	14	11	5	123
"Sample18"	1	3	0	0	2	0	0	4	2	0	0	0	15	18	3	24	3	0	0	0	4	0	1	0	0	2	0	1	62	11	2	66	0	2	3	13	4	1	3	2	3	4	0	11	1	12	83	37	1	0	2	6	0	2	0	2	0	0	0	4	7	0	5	11	2	1	2	6	3	1	2	17	3	2	3	66	13	3	1	13	3	3	2	42	1	10	6	112	0	3	2	31	3	9	8	120
"Sample19"	1	2	0	3	2	0	0	5	0	0	0	2	23	15	1	21	1	0	0	2	2	0	0	5	1	0	0	0	53	11	4	74	4	1	1	8	7	3	3	2	1	2	1	9	3	16	112	30	1	0	0	9	0	0	5	3	0	0	1	3	4	0	0	6	3	1	1	11	1	0	1	11	7	0	2	68	20	5	8	8	5	6	5	52	3	11	6	125	1	2	4	33	12	12	7	119
"Sample20"	0	0	0	0	6	0	0	2	0	0	0	0	26	9	3	42	0	2	0	0	3	1	0	1	1	0	0	1	65	16	1	73	5	3	1	10	6	0	1	3	2	4	3	19	1	19	83	31	1	0	0	5	0	2	2	5	0	0	0	2	4	2	1	10	6	2	3	10	3	1	0	10	3	1	1	58	25	4	3	8	5	1	2	46	2	14	8	145	0	1	0	30	12	19	9	117
"Sample21"	1	1	0	6	2	0	0	0	0	1	0	1	20	8	0	23	0	1	0	0	0	0	1	1	0	0	1	0	74	14	1	82	0	2	0	6	2	2	1	1	2	2	4	12	2	14	92	22	0	0	0	10	0	1	2	4	1	0	1	0	3	0	0	7	7	4	1	10	5	2	3	6	4	0	1	58	19	5	11	6	1	2	1	44	2	15	5	166	0	2	2	30	10	4	11	133
"Sample22"	2	4	0	4	2	3	0	1	0	0	0	1	17	3	3	25	1	0	0	3	2	0	0	0	0	1	0	1	66	15	2	79	1	1	1	8	15	0	2	1	2	2	3	23	5	12	88	42	0	2	1	8	0	0	0	1	0	0	1	3	4	0	2	6	7	3	8	11	1	2	0	15	4	2	2	63	21	1	7	4	4	4	2	42	7	9	6	135	1	5	3	26	14	9	3	132
"Sample23"	0	0	0	2	4	2	0	0	2	0	0	0	16	8	1	32	3	0	0	0	3	0	0	3	0	2	0	0	55	8	4	65	1	0	1	2	0	2	3	0	1	3	3	12	5	9	93	33	1	0	2	9	0	1	1	1	0	0	0	2	3	0	0	8	2	1	1	13	1	2	1	9	4	2	0	49	13	4	11	7	4	7	2	52	4	8	6	155	2	2	4	29	8	11	11	114
"Sample24"	1	4	0	2	6	0	0	1	0	0	0	0	20	8	2	32	4	1	0	1	0	0	0	2	0	1	0	1	44	23	6	87	2	0	3	10	8	1	4	1	2	8	0	13	2	14	77	38	0	1	0	11	0	0	0	1	0	0	0	0	2	1	1	12	1	0	2	11	1	1	3	9	6	3	2	80	17	1	3	17	1	1	3	55	0	11	7	104	0	1	0	34	13	18	2	140
"Sample25"	1	3	0	2	2	0	0	3	1	0	0	3	25	9	6	18	2	1	0	3	1	0	0	1	0	0	0	1	73	11	6	64	0	5	1	9	7	1	2	1	3	6	5	19	5	15	88	44	0	0	3	11	1	0	0	3	0	0	0	2	2	2	0	6	2	1	2	6	6	0	0	13	4	1	1	60	23	6	9	7	1	7	2	47	3	3	5	113	0	2	2	28	13	13	5	152
"Sample26"	0	2	0	1	2	2	0	1	1	1	0	0	31	6	1	22	0	0	2	0	1	0	0	2	0	0	0	0	60	17	0	86	4	0	2	9	4	3	1	1	5	2	2	9	4	12	83	47	0	0	0	8	0	1	0	2	0	0	0	1	7	0	0	12	1	1	3	11	2	0	1	19	0	2	0	74	25	5	10	12	2	7	5	44	6	10	9	159	0	2	1	33	9	5	9	121
"Sample27"	1	2	1	1	0	1	0	2	0	3	0	0	34	8	2	23	1	1	0	1	3	0	1	2	0	0	0	1	74	16	4	60	2	2	4	1	10	2	0	1	3	6	3	14	6	16	94	44	0	0	2	10	0	0	0	0	0	0	0	1	5	1	0	7	6	1	0	10	5	1	2	11	4	3	0	69	23	4	5	9	4	3	3	29	4	5	6	132	0	5	4	35	7	8	9	133
"Sample28"	1	1	0	1	2	1	0	2	0	0	0	2	20	9	0	26	2	0	0	1	2	0	1	0	2	0	0	1	78	10	2	87	1	0	0	6	10	0	3	2	6	3	3	12	3	17	93	36	0	0	1	8	0	1	0	0	0	0	0	2	7	0	2	6	2	0	2	11	7	2	0	11	2	0	0	71	24	5	1	13	4	7	7	35	2	10	5	120	0	4	4	35	15	10	8	143
"Sample29"	2	1	0	2	4	3	0	3	1	0	0	0	28	9	6	19	2	2	0	1	2	0	0	0	0	0	0	0	61	21	4	54	1	1	1	8	4	1	1	3	3	0	2	11	3	12	99	29	0	0	1	9	1	0	0	2	0	0	0	1	3	1	0	6	5	2	0	12	1	1	4	11	2	1	1	80	17	2	5	6	5	3	2	32	5	15	8	149	1	1	4	31	14	6	6	158
"Sample30"	2	1	1	1	4	0	0	6	0	1	0	0	28	8	1	35	0	0	1	0	2	0	0	0	0	0	0	0	61	6	3	65	2	1	0	10	4	1	2	2	3	4	1	8	1	10	115	22	0	0	0	17	1	0	1	4	0	0	0	1	8	2	1	5	1	0	2	8	7	1	0	7	0	3	1	69	18	1	4	11	3	4	3	46	4	11	9	116	0	2	8	23	13	11	3	158
"Sample31"	0	0	0	1	1	0	0	2	1	0	0	0	22	6	0	31	4	1	0	1	1	0	0	1	0	1	2	0	52	20	3	71	4	1	1	9	4	2	6	3	5	1	2	16	3	12	83	40	0	2	1	9	0	2	0	3	0	0	0	2	2	0	1	3	5	1	3	11	3	1	2	13	2	0	2	84	17	3	3	7	3	9	4	48	3	12	4	142	1	1	5	25	12	7	8	138
"Sample32"	0	3	0	0	3	0	0	4	0	1	0	2	19	9	2	30	0	1	0	0	1	0	1	0	0	0	0	0	66	18	7	65	2	3	0	13	3	1	4	1	0	4	2	12	4	16	85	27	1	0	2	12	2	3	1	2	0	0	0	2	8	1	1	6	1	1	1	12	4	1	0	12	3	0	0	65	22	5	2	12	6	6	2	52	6	13	5	167	1	1	2	26	14	6	9	146
"Sample33"	4	3	0	1	1	0	0	3	0	0	0	0	21	6	7	31	1	0	0	1	2	0	0	1	0	0	0	0	61	21	2	68	2	1	4	7	2	0	1	2	1	0	2	16	2	13	99	36	0	0	4	10	0	3	1	0	0	0	0	4	3	2	1	5	2	2	2	11	1	0	0	8	1	2	2	77	25	4	7	11	1	2	3	44	3	6	7	131	1	2	0	26	11	12	3	130
"Sample34"	2	4	0	0	2	0	0	1	0	2	0	0	16	7	2	14	2	1	0	2	0	0	0	0	0	0	0	1	74	7	2	85	5	3	2	6	4	1	1	4	1	10	4	10	5	15	88	40	2	1	1	7	0	1	0	0	0	0	0	2	3	0	1	7	1	1	3	7	4	2	0	9	3	1	0	69	25	1	10	6	8	7	5	41	1	10	6	145	0	0	1	24	17	14	4	148
"Sample35"	0	5	1	2	11	2	0	1	0	0	0	2	14	8	1	23	2	0	0	1	1	0	0	0	0	0	0	0	74	12	1	73	0	2	2	8	7	0	1	1	7	1	7	9	1	21	79	30	0	0	0	9	0	0	0	5	0	0	2	1	7	0	0	11	0	2	0	17	2	4	1	17	11	1	0	64	17	7	7	3	8	3	2	40	8	9	8	115	0	3	0	34	9	14	4	129
"Sample36"	1	5	0	1	3	1	0	0	1	0	0	0	31	7	0	28	3	0	0	0	0	0	0	1	0	0	0	0	65	13	6	66	3	3	0	9	12	1	1	1	1	7	1	8	0	15	99	36	0	0	0	12	1	1	0	2	0	0	0	5	3	1	0	8	6	0	3	4	2	3	1	12	2	3	1	65	14	0	9	15	3	3	1	42	3	10	3	120	0	1	1	18	6	6	6	159
"Sample37"	0	0	0	2	4	1	0	2	1	0	0	3	13	3	0	20	0	2	0	1	1	1	0	0	3	0	0	2	64	10	1	75	2	4	1	7	9	1	0	0	2	5	4	9	6	14	71	30	0	1	0	7	0	0	1	1	0	1	1	1	4	0	1	5	2	1	6	4	2	4	1	8	6	2	0	71	28	7	2	4	1	3	2	33	6	15	3	138	0	1	2	44	11	14	6	148
"Sample38"	1	3	0	4	5	1	0	1	0	1	1	1	26	4	1	29	2	0	0	2	2	0	0	0	1	0	0	0	74	17	5	70	2	3	4	12	10	1	0	0	1	3	1	18	1	14	75	45	1	1	0	10	0	2	2	1	0	0	0	1	2	1	3	4	4	0	2	11	2	3	1	10	2	3	1	69	18	2	9	7	3	2	1	26	4	9	7	126	0	2	3	28	10	8	8	134
"Sample39"	1	2	0	5	2	4	0	1	0	3	0	0	18	9	4	19	1	2	0	0	1	1	0	3	0	0	0	0	62	21	2	78	1	2	0	15	6	1	2	1	3	4	2	15	2	13	84	41	0	1	2	13	0	0	0	2	0	0	1	3	8	1	6	5	4	0	5	14	1	2	0	17	1	1	0	74	21	7	1	8	4	5	4	31	3	11	8	115	2	2	3	35	15	9	7	146
"Sample40"	1	4	1	1	6	0	0	1	0	0	0	1	33	9	4	33	1	0	1	2	2	0	0	1	0	0	0	1	71	7	1	84	2	1	3	13	9	0	1	1	6	1	3	12	4	11	70	26	0	0	0	10	0	1	0	1	0	0	3	8	2	1	1	4	0	2	3	6	4	4	1	22	2	2	2	67	11	3	5	13	3	2	9	47	1	9	8	120	1	2	0	25	10	12	2	143
"Sample41"	0	1	0	2	1	0	0	1	0	0	0	0	30	5	2	18	0	0	0	3	2	0	0	1	0	0	0	0	63	4	3	83	3	1	1	14	2	0	2	4	4	5	1	12	3	8	76	32	1	0	2	7	0	0	0	6	1	1	0	1	3	2	1	5	4	0	5	19	7	0	1	9	4	1	2	76	19	1	9	9	2	8	4	29	9	9	7	129	1	1	1	30	13	14	8	122
"Sample42"	0	3	1	2	5	0	0	7	0	1	0	1	28	12	2	20	0	0	0	2	1	0	0	1	0	0	0	0	50	15	0	71	0	4	3	13	9	1	1	0	3	2	1	12	1	9	73	34	0	0	0	4	0	1	1	1	0	0	0	4	6	0	1	5	4	0	3	12	0	2	0	6	3	3	1	58	10	3	5	9	3	4	4	33	2	7	6	135	0	8	1	23	10	5	6	123
"Sample43"	1	1	1	1	3	2	0	3	0	4	0	0	18	9	2	39	0	1	0	1	1	0	0	1	0	0	0	0	70	11	3	58	1	1	1	11	5	1	4	2	1	3	3	20	3	14	99	50	0	2	1	6	0	2	0	4	0	0	1	4	3	2	1	9	3	0	3	14	2	1	2	19	2	2	0	46	27	4	2	11	1	5	3	46	6	11	0	119	0	1	1	28	12	11	4	144
"Sample44"	0	1	0	1	3	2	1	0	0	0	0	1	17	8	3	32	2	0	0	2	0	1	0	2	0	0	0	0	59	5	1	85	1	1	3	6	5	0	2	2	1	5	4	12	4	8	110	29	2	0	0	6	0	0	0	5	0	0	0	4	5	1	2	5	7	0	0	6	2	3	0	12	4	0	1	75	17	4	5	9	4	4	4	50	3	9	7	127	0	5	1	21	6	11	5	131
"Sample45"	1	2	0	1	5	0	0	0	2	0	0	0	21	13	1	26	1	1	0	1	4	0	1	0	0	0	0	0	61	14	1	87	2	0	1	9	12	1	1	0	1	5	3	12	0	16	88	42	0	3	1	6	1	0	0	2	0	0	0	2	7	0	2	8	4	0	6	6	0	2	1	15	2	2	2	73	20	1	9	12	3	8	8	52	4	8	8	121	0	2	5	36	11	14	4	149
"Sample46"	1	6	0	2	2	2	0	2	0	2	0	0	15	5	2	30	0	0	1	1	2	0	1	0	2	0	1	0	69	7	2	75	1	5	1	15	7	0	4	0	2	5	6	13	1	9	89	31	1	0	2	8	1	0	3	0	0	0	0	1	1	1	4	7	3	3	1	11	3	4	0	10	6	4	2	65	14	3	7	13	3	1	1	31	2	16	4	123	2	1	0	37	9	12	3	142
"Sample47"	1	4	1	0	3	0	0	1	0	1	0	2	23	11	6	22	1	0	0	1	0	0	1	2	0	1	0	1	55	16	3	81	1	6	1	7	7	0	0	2	3	2	2	24	0	6	79	33	0	2	0	12	0	0	0	2	0	0	1	1	2	0	2	9	6	1	2	7	4	0	1	13	8	3	1	70	12	1	7	9	1	8	2	43	4	15	5	124	0	1	2	29	5	8	2	150
"Sample48"	0	2	0	3	6	3	0	3	0	1	0	0	30	10	0	19	0	0	0	2	2	0	0	1	1	0	0	0	60	8	4	82	1	2	3	11	6	0	2	1	2	0	1	20	5	16	85	38	2	0	0	9	0	1	1	1	0	0	0	2	4	1	0	12	1	1	2	10	2	0	0	10	4	2	0	73	15	7	3	8	2	2	4	50	5	8	6	131	1	2	3	27	8	6	9	139
"Sample49"	0	2	0	0	1	3	0	2	0	1	0	1	21	11	6	22	1	0	0	1	2	0	1	3	1	0	0	0	69	13	1	84	2	1	0	11	4	0	2	0	1	4	6	18	2	13	69	34	1	1	3	10	0	0	0	4	0	0	0	4	4	0	0	16	4	2	2	5	2	1	3	10	3	1	0	57	22	6	6	10	2	7	4	32	2	6	7	123	1	0	2	27	13	7	6	152
"Sample50"	1	5	0	2	3	0	1	3	0	0	0	0	24	11	3	33	3	0	0	2	2	0	0	0	0	0	1	1	56	16	6	86	5	0	3	7	5	0	3	0	1	4	1	15	3	13	92	36	0	0	0	6	1	2	0	2	0	0	0	0	2	1	3	9	1	2	1	14	4	1	0	11	8	2	3	66	6	2	1	15	4	5	4	41	8	11	6	155	0	0	3	18	9	6	2	125
"Sample51"	0	1	1	2	1	1	0	1	1	1	0	0	13	3	3	30	1	0	0	0	1	0	0	1	1	0	2	0	72	13	4	80	6	2	0	8	8	1	2	2	1	3	0	15	1	10	93	40	1	0	1	16	0	0	1	1	0	0	0	4	4	0	0	14	2	0	1	14	4	1	1	12	3	0	1	75	16	6	7	9	1	2	3	42	4	10	12	138	0	0	1	25	6	8	5	143
"Sample52"	2	1	0	2	4	4	0	2	3	1	0	1	18	8	4	29	1	0	0	6	2	0	0	3	1	0	0	0	61	13	5	74	4	2	1	5	10	0	3	1	2	2	1	16	1	5	92	33	0	0	2	8	0	1	0	1	0	0	0	5	15	0	1	13	1	1	7	10	2	2	2	6	6	3	0	72	19	3	3	5	3	2	5	26	4	7	8	124	0	3	1	33	7	9	7	149
"Sample53"	0	2	0	4	1	0	0	3	0	1	0	0	21	6	2	20	0	4	0	1	2	0	1	1	0	0	0	0	51	7	2	63	2	4	2	5	9	0	0	2	3	0	1	21	3	5	93	33	0	0	0	4	0	1	0	1	0	0	0	1	5	0	1	9	4	3	1	10	2	1	2	6	3	5	2	76	9	4	6	10	2	1	8	36	7	9	5	141	0	0	0	34	11	8	7	128
"Sample54"	0	0	0	1	4	2	0	3	1	0	0	1	16	9	2	26	1	2	1	1	1	0	1	1	1	0	0	1	65	16	2	62	2	1	4	9	4	0	4	2	5	4	2	18	3	14	93	37	1	1	1	8	2	1	0	1	0	1	1	4	9	0	1	3	0	0	3	17	0	0	0	14	0	1	0	60	23	2	8	9	1	3	4	37	3	12	4	118	1	2	3	30	21	9	5	164
"Sample55"	0	2	1	1	4	4	0	0	1	0	0	0	22	7	2	28	0	0	0	2	0	0	0	2	0	0	1	0	61	18	2	88	1	7	1	5	10	0	3	2	1	3	5	12	6	9	90	37	0	1	1	15	0	3	0	2	0	0	0	1	5	0	1	2	3	2	0	25	1	3	2	12	2	1	0	61	33	7	6	3	2	2	0	23	0	20	4	134	1	1	3	23	10	6	5	132
"Sample56"	0	4	0	3	8	0	0	6	1	0	0	0	17	3	5	22	2	1	0	2	0	0	1	2	0	0	0	1	63	16	0	63	1	2	0	10	6	1	4	0	3	4	3	14	4	13	118	43	0	2	2	5	0	1	0	5	0	0	0	4	1	1	0	9	2	0	1	13	1	1	1	13	7	1	4	64	17	2	6	10	4	6	5	28	2	8	9	130	1	0	3	30	11	9	5	162
"Sample57"	0	2	1	2	3	0	0	1	0	3	0	2	25	8	4	20	0	1	0	1	3	0	2	1	0	0	0	2	55	13	4	70	1	1	1	8	10	1	8	0	1	4	4	15	4	10	92	24	0	1	1	7	0	0	0	2	0	0	0	4	5	1	0	2	1	1	1	7	5	1	2	17	2	2	4	64	17	5	4	13	4	5	8	42	3	2	8	122	0	1	3	27	11	9	1	142
"Sample58"	0	1	1	0	2	0	0	0	1	0	0	0	20	10	1	27	2	1	1	1	1	0	0	1	0	0	0	0	61	13	5	80	3	3	2	8	9	1	4	2	1	6	5	17	3	12	73	43	0	0	0	7	1	0	1	0	0	0	0	1	2	0	0	8	4	1	4	12	2	2	2	7	5	1	3	75	18	3	10	7	3	6	3	35	5	8	10	130	0	1	3	32	12	17	3	110
"Sample59"	0	0	0	2	2	0	0	0	0	1	0	0	29	10	3	22	0	1	0	1	0	0	0	1	0	0	0	0	56	13	1	78	0	6	2	13	5	2	1	0	4	3	3	19	6	12	80	24	0	1	1	13	0	1	0	2	0	0	1	1	2	3	1	11	7	3	2	9	2	3	2	6	7	3	3	77	13	1	5	3	5	5	4	39	3	8	7	132	0	4	3	35	10	8	6	150
"Sample60"	1	2	0	0	1	0	0	1	0	2	0	1	20	8	5	31	0	0	2	1	2	0	0	0	1	0	0	0	63	10	6	71	2	1	3	8	6	0	0	1	1	1	3	23	2	18	82	55	0	1	4	9	0	0	1	4	0	0	0	0	8	1	1	5	5	3	1	9	5	0	0	8	2	0	2	93	13	1	4	8	7	8	1	37	2	9	2	141	0	1	2	31	11	8	2	123
"Sample61"	1	5	0	2	4	0	0	1	2	0	0	0	26	7	4	24	0	1	0	1	3	0	1	1	2	1	1	0	59	8	4	94	1	2	2	12	4	0	0	1	4	7	2	15	2	12	92	38	0	0	2	8	0	0	2	3	0	0	0	2	11	1	1	7	3	0	1	10	1	3	3	13	0	1	1	67	17	3	7	6	2	6	3	36	4	7	8	127	0	2	2	42	6	15	3	150
"Sample62"	1	2	0	3	6	2	0	2	0	0	0	0	10	5	0	24	4	1	0	3	2	1	0	3	3	0	0	2	69	7	4	60	0	2	3	5	7	0	1	1	3	2	3	14	2	11	80	24	1	0	2	9	0	0	1	2	0	0	0	1	1	0	0	4	3	1	1	12	4	1	6	10	1	2	0	63	22	1	6	1	2	4	9	38	5	13	3	128	0	2	3	17	8	9	3	151
"Sample63"	1	1	0	2	4	0	1	2	0	2	0	3	25	7	4	25	1	0	0	3	3	0	0	0	0	0	0	0	67	11	1	75	2	3	1	11	9	1	5	0	4	5	4	15	4	9	104	38	1	0	0	17	2	0	0	1	0	0	0	2	1	1	3	8	1	0	1	10	2	1	0	8	7	3	1	42	28	6	4	10	5	4	1	34	6	11	5	117	0	3	2	42	15	9	5	155
"Sample64"	3	2	0	1	3	1	0	1	2	2	0	1	19	13	3	27	0	0	0	1	0	0	1	0	0	0	0	0	59	20	2	86	1	1	3	6	5	0	3	0	1	0	2	19	3	14	88	23	0	0	1	8	0	1	0	7	0	0	0	1	5	1	1	9	4	0	2	17	3	1	0	8	1	3	0	73	15	1	4	11	1	10	3	38	2	9	2	150	1	2	2	30	9	8	4	128
"Sample65"	2	5	0	5	4	0	0	0	0	1	0	0	18	7	3	29	2	0	1	0	2	0	0	0	1	0	1	1	51	15	5	76	3	5	2	11	7	1	4	4	1	0	4	6	1	11	98	39	0	0	1	8	0	0	0	2	0	0	0	2	5	0	0	7	1	0	2	8	2	2	1	10	0	4	1	82	16	3	16	9	2	7	2	35	0	19	7	122	0	3	2	28	4	13	7	131
"Sample66"	2	2	0	2	2	1	0	1	1	0	0	1	20	7	5	20	1	0	0	1	0	1	1	1	0	0	0	0	46	23	3	82	5	0	2	8	5	0	1	2	0	8	4	16	2	13	99	29	0	3	2	13	0	2	1	0	0	0	0	3	4	1	1	4	11	0	1	10	3	1	1	17	3	3	2	51	20	8	5	14	2	6	8	39	4	6	5	121	0	0	0	34	10	5	6	130
"Sample67"	1	1	1	0	1	0	0	3	0	0	1	0	22	17	0	23	3	1	0	6	2	0	3	0	0	0	0	1	51	6	0	60	2	1	3	11	9	0	4	3	2	1	5	17	2	12	77	47	2	0	0	8	1	0	0	1	0	0	0	1	3	1	0	13	2	6	4	9	2	2	1	10	3	1	0	72	21	3	4	14	5	4	4	41	3	13	2	138	3	1	0	28	10	7	5	140
"Sample68"	1	4	0	2	6	0	0	3	0	0	0	0	19	10	1	32	4	0	1	1	1	0	0	1	0	0	0	1	70	8	6	76	1	2	2	7	10	0	1	1	3	1	2	20	0	13	82	37	0	0	3	13	0	0	1	2	0	0	0	5	4	0	0	2	5	0	3	9	4	1	1	6	3	1	2	87	16	4	8	11	1	5	5	39	2	11	3	125	1	1	1	31	13	7	1	114
"Sample69"	3	2	0	3	5	3	0	2	2	0	1	0	18	3	1	36	1	3	1	1	3	0	0	2	0	1	0	3	58	16	5	71	3	0	1	12	6	1	3	2	0	1	3	26	2	13	85	36	0	1	0	5	1	2	3	2	0	0	1	3	1	1	1	4	0	0	3	11	3	0	0	13	1	0	1	70	16	6	5	7	2	3	4	46	2	15	3	137	0	1	4	24	8	7	5	146
"Sample70"	0	3	1	1	6	1	0	1	0	2	0	1	15	7	0	23	0	1	0	2	0	0	0	1	0	0	0	0	76	10	1	67	6	4	2	6	11	1	4	2	2	4	2	24	5	8	80	39	0	1	0	12	0	1	0	2	0	0	0	7	7	0	3	3	3	0	3	14	3	3	1	12	1	2	1	61	22	6	7	7	3	14	0	49	3	10	9	138	2	0	2	35	14	6	1	131
"Sample71"	0	1	0	3	1	2	0	2	0	2	0	0	21	8	2	24	2	2	1	0	2	0	2	1	0	1	0	0	69	10	4	71	1	1	4	13	8	0	1	0	1	3	3	14	1	9	82	50	0	0	1	11	0	1	3	1	0	1	0	1	9	0	1	6	4	4	2	8	1	0	2	17	3	0	0	54	19	4	8	7	4	11	3	32	3	6	7	118	2	3	2	29	10	14	0	134
"Sample72"	0	2	0	0	4	2	0	2	0	0	0	1	16	10	3	17	2	0	0	2	1	0	1	4	0	0	0	1	68	13	6	56	3	4	1	7	9	1	2	0	2	1	5	12	2	13	101	37	1	0	2	7	0	0	0	0	0	0	0	3	3	0	0	6	4	1	5	11	1	4	7	18	3	1	0	60	15	3	4	16	4	5	2	38	3	16	0	140	1	3	2	35	9	7	5	143
"Sample73"	0	2	0	2	3	3	0	4	0	3	0	3	23	5	0	25	0	2	0	3	2	0	0	2	0	0	0	0	56	12	4	64	1	0	0	10	9	1	1	0	3	4	2	16	2	13	82	51	1	0	0	12	0	0	2	2	0	0	1	0	6	0	1	9	5	0	1	8	2	4	3	10	6	1	0	73	15	1	8	16	7	4	2	33	5	11	7	123	1	6	0	23	7	9	3	154
"Sample74"	3	6	0	2	3	5	0	2	0	0	0	0	17	5	2	26	0	2	2	1	2	1	1	6	1	0	0	0	58	5	1	64	2	2	1	12	8	1	1	1	0	6	2	16	3	7	88	43	1	1	0	4	0	1	0	2	0	0	0	1	5	1	1	4	2	1	1	8	5	0	5	15	1	1	2	62	22	3	2	12	0	4	3	39	2	15	9	142	2	2	4	34	10	8	4	142
"Sample75"	1	1	0	3	5	2	0	1	0	4	0	0	16	11	5	25	0	0	0	1	3	0	0	2	0	1	0	0	70	11	4	67	4	3	3	8	8	0	3	0	1	2	0	13	2	15	93	52	0	0	2	6	0	0	0	1	0	0	0	1	5	0	0	5	1	4	2	7	1	2	1	14	3	5	3	62	21	5	3	5	2	6	3	34	5	6	4	153	2	3	0	32	15	7	3	142
"Sample76"	0	2	0	1	4	1	1	0	1	1	0	1	17	5	1	20	2	0	0	1	4	0	0	1	0	0	0	0	56	14	2	85	0	2	4	10	9	0	1	3	1	3	4	15	4	17	86	31	0	0	1	7	0	1	1	2	0	0	0	1	7	1	3	6	5	1	1	6	2	0	1	14	1	2	0	61	24	5	4	11	5	6	1	48	1	6	7	133	0	3	3	36	12	11	2	122
"Sample77"	0	4	1	2	3	1	0	0	1	0	0	0	11	9	2	28	0	1	0	2	1	0	4	2	0	0	0	1	61	7	8	76	0	5	2	7	8	0	2	1	3	2	4	11	1	16	93	41	0	0	2	7	0	0	3	5	0	0	0	1	9	3	4	9	8	1	0	10	2	2	2	10	7	0	1	72	21	6	4	6	4	4	2	38	2	13	7	134	1	1	4	23	7	8	5	141
"Sample78"	2	5	2	1	3	2	0	2	1	1	0	1	25	5	2	24	1	3	1	2	0	0	0	5	0	0	0	1	57	12	1	64	1	1	0	4	13	2	0	0	3	5	2	18	3	7	88	39	0	0	5	7	0	1	1	1	0	0	0	1	9	0	1	7	3	0	2	12	2	1	4	9	0	2	1	46	21	2	2	19	3	5	7	36	5	17	5	129	0	0	2	33	9	11	4	133
"Sample79"	1	3	0	2	2	4	0	1	2	3	0	1	18	6	7	21	2	0	0	0	3	1	1	0	1	0	0	1	56	14	1	84	1	0	3	8	8	2	1	2	0	5	2	13	5	14	70	41	0	0	0	8	0	0	0	1	1	0	0	5	4	1	1	12	3	1	2	12	4	1	1	11	6	0	1	56	30	4	1	8	5	3	2	37	5	7	6	141	0	2	2	14	12	6	6	119
"Sample80"	0	4	0	2	5	3	0	3	1	1	0	0	14	6	2	28	1	1	1	1	2	0	0	1	0	0	0	0	58	14	1	62	4	0	1	8	5	1	1	0	4	3	2	11	5	8	89	31	0	0	0	9	0	0	3	0	0	0	0	5	5	0	0	10	4	1	6	15	3	0	3	12	5	1	2	59	15	2	6	7	2	6	5	36	6	7	6	136	0	1	1	35	11	8	10	144
"Sample81"	0	1	1	2	6	0	0	3	0	0	0	3	31	4	3	21	0	0	0	4	2	0	0	0	0	0	0	1	67	15	3	79	1	1	2	5	7	0	1	0	4	4	1	17	2	12	85	31	1	0	2	9	2	0	1	1	0	1	0	3	5	3	4	9	5	2	2	20	2	1	2	12	0	3	1	78	13	2	8	11	3	6	10	32	1	7	2	129	0	3	2	23	11	9	2	142
"Sample82"	1	2	1	0	4	5	0	2	2	1	0	1	25	9	5	22	1	1	0	0	2	0	0	2	2	0	0	0	70	11	2	71	3	4	1	8	4	0	3	1	4	3	3	15	6	12	74	33	0	0	1	12	0	1	0	6	0	0	1	1	5	0	1	7	4	0	4	11	3	4	1	6	3	6	0	79	19	4	6	11	1	3	9	32	8	22	4	124	2	5	2	33	11	19	6	143
"Sample83"	0	5	0	1	4	0	0	1	0	0	0	0	25	3	2	20	1	0	0	2	0	0	0	0	0	0	0	0	61	21	4	74	2	4	2	14	8	2	1	1	1	4	1	12	3	16	89	29	1	1	4	5	0	3	2	0	0	0	0	0	2	0	2	5	1	0	1	8	5	3	0	5	8	3	1	64	25	3	8	16	1	4	4	31	7	11	5	148	1	2	1	34	10	13	7	153
"Sample84"	1	3	0	4	0	1	0	0	1	0	0	0	28	5	2	20	4	1	0	1	0	0	0	1	1	0	0	0	61	16	3	80	2	2	4	13	3	1	2	2	0	1	5	22	1	14	84	34	0	0	1	9	2	3	0	2	0	0	0	2	5	0	2	7	1	0	5	10	5	2	3	11	5	2	0	67	12	8	2	6	3	3	4	47	5	16	7	121	1	3	0	24	10	11	5	151
"Sample85"	0	0	0	2	2	4	0	3	0	0	0	0	28	7	2	26	0	1	1	0	1	0	2	0	0	0	1	0	63	14	8	91	1	0	2	12	8	0	2	2	2	6	8	11	1	15	95	36	0	0	1	7	0	0	1	1	0	0	0	2	8	0	0	7	0	1	3	14	3	3	1	11	1	1	0	59	21	3	4	9	4	3	1	51	9	13	5	127	0	1	0	37	8	10	2	149
"Sample86"	1	1	0	1	2	3	0	1	2	1	0	0	15	10	5	28	0	0	0	1	0	0	0	1	0	0	0	0	60	18	4	68	1	2	1	8	8	0	2	0	1	4	4	16	4	7	95	23	0	2	1	11	0	0	0	2	0	0	1	0	7	0	0	8	4	0	3	7	1	0	2	14	3	1	3	63	11	5	3	4	0	0	3	26	5	5	7	129	0	1	3	41	4	7	2	117
"Sample87"	0	5	0	0	3	1	0	2	0	2	0	1	16	13	3	22	2	3	1	0	0	0	0	3	0	0	0	1	70	12	4	73	2	2	1	13	16	1	3	1	3	8	2	18	2	19	81	30	0	0	1	10	0	1	0	1	0	0	1	2	1	1	0	5	4	0	2	5	1	3	3	14	3	1	2	77	14	8	3	7	3	3	3	35	1	5	10	132	0	2	0	32	8	7	6	120
"Sample88"	0	2	0	3	5	0	0	0	1	0	0	0	19	7	2	16	2	0	0	3	5	0	0	0	0	0	0	3	61	11	3	74	3	1	2	6	10	1	5	0	6	2	2	14	3	8	87	33	0	1	3	9	0	0	0	5	0	0	1	2	2	0	1	7	2	1	2	12	6	1	1	16	1	1	0	75	10	1	8	8	5	7	3	39	3	10	5	145	0	3	4	24	5	7	3	137
"Sample89"	1	5	0	2	2	4	0	0	2	0	0	0	22	9	4	20	1	0	0	1	1	0	0	1	0	0	0	2	58	10	0	82	2	2	3	8	11	1	5	2	1	2	1	17	0	17	83	33	0	0	0	8	1	0	0	2	0	0	2	0	3	2	1	9	3	0	5	9	7	2	1	6	3	1	0	61	22	4	18	14	1	8	2	39	3	13	5	143	0	6	2	27	10	11	5	122
"Sample90"	1	1	0	0	7	0	0	1	0	1	0	1	17	12	3	35	1	0	2	0	2	1	0	0	0	0	0	2	73	26	2	88	2	4	4	10	13	0	2	0	1	5	3	16	3	18	89	33	0	1	0	7	0	0	0	0	0	0	0	0	1	0	2	8	1	1	2	11	7	2	2	11	4	3	1	74	17	3	5	17	2	11	1	42	2	18	2	118	0	3	5	31	14	8	8	127
"Sample91"	1	5	0	1	3	3	0	0	0	0	0	1	18	11	2	22	0	1	0	3	1	0	0	1	2	0	0	2	50	10	1	69	2	1	3	10	7	3	2	0	1	5	3	15	6	12	81	34	0	1	1	17	1	2	0	2	0	0	1	2	3	1	1	6	5	1	3	12	4	3	1	9	3	3	1	77	17	3	9	7	8	4	5	45	5	12	8	128	0	3	3	36	17	12	4	142
"Sample92"	0	4	0	1	4	0	0	0	1	2	0	1	23	9	1	22	3	1	2	0	1	0	0	2	0	0	0	0	69	10	2	82	2	2	6	9	5	0	2	1	5	1	2	18	5	9	76	40	0	0	1	13	0	1	1	0	0	0	1	3	8	1	0	5	4	5	1	7	6	5	1	8	6	0	2	78	17	3	6	5	4	5	5	39	4	16	11	143	0	0	2	41	12	6	2	125
"Sample93"	0	3	0	0	6	1	0	1	1	1	0	1	26	6	2	30	1	1	0	2	2	0	0	2	0	0	0	2	65	13	2	79	4	2	2	2	10	1	3	3	4	4	5	16	3	22	83	47	0	0	2	13	0	0	1	2	0	1	0	0	2	1	0	5	4	0	5	8	2	4	2	11	5	2	2	66	22	1	2	8	3	12	4	36	4	23	3	126	2	3	0	34	12	6	3	137
"Sample94"	2	3	0	3	3	2	0	2	1	0	0	0	22	7	4	23	3	0	0	0	2	0	0	1	0	3	0	0	74	12	2	50	3	2	4	7	8	0	2	1	2	3	3	13	3	12	80	33	0	3	0	11	0	0	0	0	0	0	0	1	1	1	2	6	3	6	0	20	1	2	1	11	5	3	1	72	15	2	5	7	4	7	6	39	7	11	4	137	0	0	2	22	10	10	6	138
"Sample95"	0	1	0	2	4	1	0	1	2	2	1	0	24	9	3	27	0	0	0	3	3	0	0	0	1	0	0	0	58	12	1	68	5	4	1	4	13	2	3	1	0	7	3	21	3	9	93	35	1	0	2	10	0	0	0	3	0	0	0	3	1	0	1	6	1	0	1	10	4	0	3	6	2	2	3	73	25	5	6	10	3	6	8	53	5	10	5	136	2	0	0	32	7	8	7	145
"Sample96"	0	3	0	0	1	1	0	0	1	1	1	0	21	11	1	14	2	1	0	1	2	0	0	1	0	0	0	0	72	22	4	77	2	3	5	7	10	1	0	0	1	5	2	11	3	15	100	23	0	0	3	7	0	0	5	0	0	0	1	0	2	0	2	4	4	1	1	9	0	5	0	13	3	4	3	57	15	2	7	16	3	2	6	39	5	13	8	136	1	3	1	30	10	18	1	147
"Sample97"	0	3	0	2	6	3	0	1	1	0	1	1	21	7	8	20	2	0	1	1	2	1	0	1	0	0	0	0	53	17	6	84	5	1	3	10	4	3	1	0	4	5	3	14	1	13	75	41	0	0	1	8	1	0	0	1	0	0	0	0	3	0	0	5	1	1	3	10	2	1	1	16	2	0	0	58	20	5	6	6	2	1	5	25	3	12	4	136	1	1	1	38	10	5	3	154
"Sample98"	0	5	0	3	1	1	0	2	1	0	0	1	30	8	1	29	3	2	0	1	1	0	2	0	0	0	0	2	59	7	0	83	4	2	0	9	8	0	2	0	2	0	5	12	4	18	77	35	1	0	1	9	0	0	1	3	0	0	0	7	2	1	1	8	3	1	2	11	3	0	1	11	10	0	3	57	25	5	7	8	4	4	6	45	4	8	5	102	0	0	6	21	14	9	9	125
"Sample99"	1	2	1	0	2	3	0	3	1	0	0	1	21	9	2	26	1	3	0	2	0	0	0	2	0	0	2	2	65	16	3	87	7	3	2	11	6	1	1	2	1	4	6	12	2	8	103	33	1	1	1	15	1	1	1	6	0	0	0	2	5	0	1	9	2	2	5	16	2	1	5	11	4	2	0	70	12	4	5	14	4	3	2	31	4	8	10	128	1	2	2	28	8	5	3	127
"Sample100"	1	5	0	3	3	1	0	2	0	0	0	2	16	10	5	30	1	1	0	0	1	1	1	0	0	1	0	2	60	5	2	57	4	3	1	13	6	1	6	2	0	3	4	18	1	17	82	43	1	1	1	3	0	0	0	1	0	0	1	2	4	2	1	6	4	0	3	6	2	1	0	11	5	3	0	65	21	4	12	8	1	4	3	57	0	6	12	146	0	2	4	34	14	15	6	147
