"A[C>A]A"	"A[C>A]C"	"A[C>A]G"	"A[C>A]T"	"C[C>A]A"	"C[C>A]C"	"C[C>A]G"	"C[C>A]T"	"G[C>A]A"	"G[C>A]C"	"G[C>A]G"	"G[C>A]T"	"T[C>A]A"	"T[C>A]C"	"T[C>A]G"	"T[C>A]T"	"A[C>G]A"	"A[C>G]C"	"A[C>G]G"	"A[C>G]T"	"C[C>G]A"	"C[C>G]C"	"C[C>G]G"	"C[C>G]T"	"G[C>G]A"	"G[C>G]C"	"G[C>G]G"	"G[C>G]T"	"T[C>G]A"	"T[C>G]C"	"T[C>G]G"	"T[C>G]T"	"A[C>T]A"	"A[C>T]C"	"A[C>T]G"	"A[C>T]T"	"C[C>T]A"	"C[C>T]C"	"C[C>T]G"	"C[C>T]T"	"G[C>T]A"	"G[C>T]C"	"G[C>T]G"	"G[C>T]T"	"T[C>T]A"	"T[C>T]C"	"T[C>T]G"	"T[C>T]T"	"A[T>A]A"	"A[T>A]C"	"A[T>A]G"	"A[T>A]T"	"C[T>A]A"	"C[T>A]C"	"C[T>A]G"	"C[T>A]T"	"G[T>A]A"	"G[T>A]C"	"G[T>A]G"	"G[T>A]T"	"T[T>A]A"	"T[T>A]C"	"T[T>A]G"	"T[T>A]T"	"A[T>C]A"	"A[T>C]C"	"A[T>C]G"	"A[T>C]T"	"C[T>C]A"	"C[T>C]C"	"C[T>C]G"	"C[T>C]T"	"G[T>C]A"	"G[T>C]C"	"G[T>C]G"	"G[T>C]T"	"T[T>C]A"	"T[T>C]C"	"T[T>C]G"	"T[T>C]T"	"A[T>G]A"	"A[T>G]C"	"A[T>G]G"	"A[T>G]T"	"C[T>G]A"	"C[T>G]C"	"C[T>G]G"	"C[T>G]T"	"G[T>G]A"	"G[T>G]C"	"G[T>G]G"	"G[T>G]T"	"T[T>G]A"	"T[T>G]C"	"T[T>G]G"	"T[T>G]T"
"Sample1"	1	0	0	0	2	0	0	1	0	0	0	0	2	2	0	1	0	0	0	0	0	0	0	0	0	0	0	0	4	3	0	9	0	0	0	0	0	0	0	0	0	0	0	1	0	1	6	4	0	0	1	1	0	0	0	1	0	0	0	0	0	0	0	0	0	0	0	0	1	0	0	2	0	0	0	11	4	1	0	1	1	0	1	1	0	1	1	15	0	0	0	5	0	1	0	11
"Sample2"	0	1	0	0	1	0	0	0	0	0	0	0	0	0	1	3	0	0	0	0	3	0	0	0	0	0	0	0	5	1	0	10	0	0	0	1	2	0	1	0	0	2	0	1	0	2	6	6	0	0	0	2	0	1	0	0	0	0	2	0	0	0	0	0	0	0	0	1	0	0	0	1	1	0	0	12	1	0	0	1	0	0	3	10	0	0	0	13	0	0	0	1	0	1	0	12
"Sample3"	0	0	0	0	2	0	0	2	1	0	0	0	2	0	0	1	0	0	0	0	1	0	1	0	0	0	0	0	8	0	0	2	1	0	0	1	2	0	0	0	0	1	0	2	0	1	11	0	0	0	0	4	0	0	0	0	0	0	0	0	0	0	0	1	1	0	0	0	0	0	0	0	0	0	0	10	1	0	1	0	0	2	0	8	1	0	3	13	0	0	2	1	0	1	2	8
"Sample4"	0	0	0	1	0	0	0	0	0	0	0	0	5	0	0	4	0	0	0	0	0	0	0	0	0	0	0	0	8	0	0	4	0	0	1	0	0	0	0	0	0	0	0	4	0	4	10	5	0	0	0	0	0	0	0	0	0	0	0	0	1	0	0	1	0	0	0	4	1	0	0	1	0	0	0	5	1	0	0	0	0	1	0	5	0	2	0	8	0	0	0	1	1	2	2	18
"Sample5"	0	0	0	0	0	0	0	1	0	0	0	0	3	0	0	2	0	0	0	0	0	0	0	0	0	0	0	0	4	2	0	10	0	0	1	2	0	0	0	0	0	3	1	2	0	0	4	4	0	0	0	2	0	0	0	0	0	0	0	0	0	0	0	1	2	1	0	2	0	0	0	1	0	1	0	5	2	0	1	1	0	0	0	3	0	1	1	14	0	0	0	5	0	0	1	20
"Sample6"	0	0	0	0	0	0	0	0	0	0	0	0	1	1	0	2	0	2	0	1	2	0	0	0	0	0	0	0	6	1	0	20	0	0	0	1	1	0	2	1	0	1	1	0	0	2	5	4	0	0	0	0	0	0	0	0	0	0	0	0	1	0	0	0	0	0	1	1	0	0	1	0	0	0	0	5	2	0	1	0	1	0	0	5	1	2	0	15	0	0	0	4	0	3	0	9
"Sample7"	0	1	0	0	1	0	0	0	0	0	0	0	3	2	1	7	0	1	0	0	0	1	0	0	0	0	0	0	13	1	0	11	2	0	1	0	0	0	0	0	0	2	0	2	0	4	6	1	0	0	0	1	0	0	0	0	0	0	0	1	0	0	1	0	0	0	0	0	0	0	0	0	1	0	1	7	2	0	1	0	0	0	0	8	0	0	1	9	0	0	0	1	0	0	0	14
"Sample8"	0	0	0	0	0	0	0	0	0	0	0	0	1	0	0	0	0	0	0	0	0	0	0	4	0	0	0	0	4	0	0	11	0	1	0	1	2	0	1	0	0	0	0	0	1	2	8	3	0	0	0	1	0	0	0	0	0	0	0	0	0	0	0	3	0	0	1	0	0	0	0	0	1	0	0	6	2	2	0	2	0	1	0	5	0	0	1	13	0	1	0	1	1	1	0	13
"Sample9"	0	0	0	1	1	0	0	0	0	0	0	0	2	0	0	6	0	0	0	1	0	0	0	0	1	0	0	0	7	4	0	4	0	0	0	1	1	0	0	0	0	1	0	0	0	1	10	1	0	0	0	0	0	0	0	0	0	0	0	0	0	0	0	0	1	0	1	0	0	1	0	0	1	1	0	2	2	0	1	0	0	1	0	2	2	0	0	17	0	0	0	1	2	0	0	8
"Sample10"	0	0	0	0	1	0	0	0	0	0	0	0	0	2	1	3	0	0	0	0	0	0	0	0	0	0	0	0	6	0	1	6	0	0	0	1	2	0	0	0	0	0	0	0	0	0	9	1	0	0	0	2	0	0	0	0	0	0	0	0	0	0	0	1	0	0	0	1	0	0	0	2	0	0	0	3	1	0	0	1	1	0	2	1	0	3	0	11	0	0	0	0	2	0	1	12
"Sample11"	0	0	0	0	1	0	0	1	0	0	0	0	1	0	0	4	0	0	0	1	0	0	0	0	0	0	0	0	7	1	1	9	0	0	2	1	0	0	0	0	0	1	0	3	0	1	11	3	0	0	0	2	0	0	0	1	0	0	0	0	1	0	0	0	1	0	0	1	1	0	0	1	0	0	0	11	1	0	1	2	0	0	2	5	1	0	0	12	0	0	0	3	0	1	1	13
"Sample12"	0	0	0	0	1	2	0	0	0	0	0	0	1	0	0	0	0	0	0	0	0	0	0	0	0	0	0	0	4	0	1	7	0	0	0	1	0	0	1	0	2	0	1	0	1	0	8	2	0	0	0	0	0	0	0	0	0	0	0	0	0	0	0	1	0	0	0	0	0	0	0	1	0	0	0	8	2	2	1	0	0	1	0	3	0	3	0	8	0	0	0	2	2	4	0	15
"Sample13"	0	1	0	0	1	1	0	0	0	0	0	0	1	2	0	2	0	0	1	2	0	0	0	0	0	0	0	0	6	2	0	6	0	0	0	2	0	0	1	0	0	0	0	2	0	2	8	7	0	0	0	0	0	0	0	0	0	0	0	1	1	1	0	0	0	0	0	2	0	0	1	0	0	0	0	6	4	0	0	1	0	0	1	3	1	1	0	4	0	0	0	1	0	0	0	19
"Sample14"	0	0	0	0	1	0	0	0	0	0	0	0	1	0	0	4	0	0	0	0	0	0	0	1	0	0	0	0	7	1	0	9	0	0	0	1	2	0	0	1	1	1	0	1	0	3	7	2	0	0	0	0	0	0	0	0	0	0	0	0	0	0	0	2	0	0	0	1	0	0	0	2	1	0	0	8	0	0	0	1	0	0	0	0	0	0	0	14	0	0	0	2	1	0	0	14
"Sample15"	0	0	0	0	2	0	0	0	0	1	0	0	2	0	0	3	0	0	0	1	0	0	0	1	0	0	0	0	6	0	2	6	0	1	0	4	0	0	0	0	0	1	0	1	0	3	9	3	0	0	0	2	0	0	0	0	0	0	0	0	2	0	0	0	0	0	0	1	2	0	0	1	0	0	0	4	1	0	0	0	2	0	0	3	0	0	1	13	1	0	0	3	1	2	0	10
"Sample16"	0	0	0	0	0	0	0	0	0	0	0	3	3	1	0	4	0	0	0	1	1	0	0	0	0	0	0	0	2	1	1	8	0	0	0	1	1	0	0	0	0	0	0	1	0	0	16	1	0	0	0	2	0	0	0	0	0	0	0	1	0	0	0	1	0	0	1	1	0	0	1	1	1	0	0	2	5	0	0	3	1	0	0	6	0	0	0	10	0	0	0	2	1	3	0	14
"Sample17"	0	1	0	0	1	2	0	0	0	0	0	0	1	2	0	2	0	0	1	0	1	0	0	0	0	0	0	0	7	0	0	5	1	0	1	0	4	0	0	1	0	0	1	2	0	2	13	3	0	0	0	0	0	0	0	1	0	0	0	0	0	0	0	2	1	0	0	1	0	0	0	2	1	0	0	10	7	2	1	0	0	0	0	7	0	2	1	20	0	0	2	0	2	2	1	14
"Sample18"	1	2	0	0	0	1	0	0	0	0	0	0	3	2	0	1	0	0	0	1	0	0	2	0	0	0	0	1	3	0	0	7	0	0	0	0	2	0	0	1	0	2	0	1	0	2	12	7	0	0	1	0	0	0	0	0	0	0	0	1	0	0	0	2	1	1	0	1	0	0	0	1	1	0	1	8	1	0	2	2	0	0	0	2	0	3	0	11	0	0	0	2	2	0	0	12
"Sample19"	0	0	0	1	0	1	0	0	0	0	0	1	2	1	1	0	1	0	0	0	0	0	0	0	0	0	0	0	8	2	0	7	0	0	1	0	0	0	0	0	0	1	0	2	0	0	12	2	0	0	0	1	0	0	0	0	0	0	0	0	0	0	0	1	1	0	0	4	1	0	0	0	1	0	0	3	3	0	2	0	0	1	1	3	0	2	0	12	0	0	0	5	0	1	1	7
"Sample20"	0	0	0	0	1	0	0	0	0	1	0	0	1	1	0	4	0	0	0	0	1	0	0	0	0	0	0	0	7	0	0	14	0	1	0	1	1	0	0	0	1	0	1	2	0	1	17	7	0	0	0	1	0	0	0	0	0	0	0	0	0	0	0	0	0	0	0	4	0	0	0	4	0	0	0	6	1	0	0	3	1	0	1	3	0	1	0	18	0	0	0	0	0	0	0	18
"Sample21"	1	0	0	0	0	0	0	0	0	0	0	0	0	1	1	2	0	0	0	0	0	0	0	0	0	0	0	0	9	0	3	4	1	1	0	1	2	0	0	0	0	1	1	0	0	2	11	1	0	0	0	2	0	1	0	0	0	1	0	0	0	0	0	1	0	0	1	0	1	0	0	1	0	0	0	9	3	0	1	0	0	0	0	7	0	1	0	17	0	1	0	3	3	0	0	10
"Sample22"	0	0	1	0	0	0	0	0	0	0	0	0	1	1	0	2	1	0	0	0	0	0	0	0	0	0	0	0	5	0	0	10	0	0	0	0	0	0	0	0	0	1	0	3	0	2	10	4	1	0	0	2	0	0	0	0	0	0	0	1	1	0	0	1	0	0	0	1	0	0	0	0	0	0	0	10	2	1	0	3	0	0	0	3	0	0	0	14	0	0	0	3	0	0	0	13
"Sample23"	0	0	0	0	2	0	0	0	0	0	0	0	3	1	1	3	0	0	0	0	0	0	0	0	1	0	0	0	8	0	1	12	0	0	0	1	0	0	0	0	1	1	0	1	0	0	12	4	1	0	0	2	0	1	0	0	0	0	0	0	1	0	0	0	3	1	0	3	0	1	0	4	0	0	0	9	4	1	1	0	0	0	0	3	2	3	1	19	0	0	0	1	3	0	0	16
"Sample24"	0	0	0	0	0	0	0	0	0	0	0	0	4	3	0	2	0	0	0	0	0	0	0	0	0	0	0	2	9	4	0	10	0	0	0	1	0	0	1	0	0	0	1	2	0	2	11	2	0	0	1	1	0	0	0	0	0	0	0	0	1	2	0	1	0	0	0	1	0	0	0	2	1	0	0	3	1	0	0	3	0	1	0	5	1	1	1	19	0	0	0	1	0	1	2	10
"Sample25"	0	0	0	0	0	0	0	0	0	0	0	0	1	0	0	2	0	0	1	0	0	0	1	1	0	1	0	0	7	1	1	6	0	1	0	0	1	0	0	0	1	0	0	2	2	3	4	3	0	0	0	1	0	0	0	0	0	0	1	2	0	0	0	0	0	0	0	3	1	0	0	0	1	0	0	4	1	0	0	5	0	0	1	6	1	0	1	11	0	0	0	5	0	2	1	14
"Sample26"	0	1	0	0	0	0	0	0	0	0	0	0	2	0	0	1	0	0	0	0	0	0	0	1	0	0	0	0	1	1	0	8	0	0	0	0	1	0	0	0	0	0	0	3	1	0	10	2	0	0	0	1	0	0	0	0	0	0	0	0	0	0	0	4	0	0	1	0	0	0	0	1	0	0	0	5	0	0	0	1	1	0	0	6	2	0	0	14	0	0	0	3	1	0	1	15
"Sample27"	1	0	0	0	1	0	0	0	0	0	0	0	2	3	0	0	0	0	0	0	0	0	0	1	0	0	0	0	9	2	0	7	1	0	0	2	0	0	0	0	0	0	0	0	0	2	4	5	0	0	0	1	0	0	0	0	1	0	0	0	0	0	0	4	0	0	0	0	1	0	0	0	0	0	0	14	1	0	0	0	0	0	1	8	0	1	0	10	0	0	2	2	0	0	0	7
"Sample28"	0	1	0	0	0	0	0	0	0	0	0	0	3	0	0	1	0	2	0	0	1	0	0	0	0	0	0	0	10	1	0	2	0	0	0	2	1	0	1	1	0	0	0	0	0	7	5	4	0	0	0	2	0	0	0	0	0	0	0	0	0	0	0	0	0	0	0	4	0	2	0	0	1	0	0	5	0	0	0	0	0	0	0	5	0	2	1	9	0	1	0	5	0	0	0	8
"Sample29"	0	0	0	0	0	0	0	0	0	0	0	0	4	2	1	1	0	0	0	0	0	0	0	0	0	0	0	0	11	0	0	9	0	0	0	0	2	0	0	0	1	0	1	0	0	2	9	2	0	0	0	0	0	1	0	0	0	0	0	1	0	0	0	1	0	0	0	1	0	0	0	1	0	0	1	14	4	1	0	0	0	0	0	2	0	1	0	23	0	0	0	3	0	2	0	23
"Sample30"	0	0	0	0	0	0	0	1	0	0	0	0	0	0	1	1	0	0	0	0	0	1	0	0	1	0	0	0	3	1	0	10	0	0	0	0	2	0	0	0	0	0	0	0	0	1	5	3	0	0	0	0	0	0	0	0	0	0	0	1	0	0	0	2	1	0	1	0	1	0	0	1	1	0	0	7	2	0	0	1	0	1	1	3	0	2	0	10	0	0	0	2	1	0	2	17
"Sample31"	0	0	0	0	3	0	0	2	0	0	0	0	2	0	0	2	0	0	0	0	0	0	0	0	0	0	0	0	5	1	0	10	0	0	0	0	2	0	0	0	0	0	0	2	0	4	6	0	0	0	0	0	0	0	0	0	0	0	0	0	1	0	0	1	0	0	0	1	0	0	0	2	0	0	0	5	2	0	1	0	0	0	0	2	1	0	1	9	0	0	1	3	0	1	2	10
"Sample32"	0	0	0	0	0	0	0	0	0	0	0	0	1	0	0	2	0	0	0	0	0	0	0	0	0	0	0	0	5	1	1	10	0	0	0	1	3	0	0	1	0	0	1	3	0	3	6	5	1	0	0	1	0	0	0	0	0	0	0	0	1	0	0	2	0	0	0	1	0	0	0	1	1	0	0	7	1	2	1	1	0	0	0	3	2	2	1	10	0	0	0	2	1	0	1	13
"Sample33"	0	0	0	0	1	0	0	0	0	0	0	0	2	1	0	3	3	0	0	0	0	0	0	0	0	0	0	0	5	1	0	11	0	0	0	1	0	0	0	0	0	0	0	3	1	0	12	1	0	0	0	2	0	0	0	0	0	0	0	0	1	0	0	0	0	0	0	1	0	1	0	3	0	0	0	4	6	1	0	0	0	0	2	4	1	1	3	11	0	0	0	4	1	0	1	9
"Sample34"	0	0	0	0	1	0	0	0	0	0	0	0	4	1	0	3	0	0	0	0	0	0	0	0	0	0	0	0	7	1	1	8	0	0	0	2	1	0	0	0	2	0	0	1	0	0	12	2	0	0	0	0	0	0	0	0	0	0	0	1	0	0	0	0	0	0	3	2	0	0	0	1	0	0	0	6	4	0	1	3	1	0	0	4	0	5	2	11	0	0	1	4	1	4	1	15
"Sample35"	0	0	0	0	0	0	0	0	0	0	0	0	2	0	1	1	0	0	0	0	0	0	0	0	0	0	0	0	3	0	0	10	0	0	1	1	0	0	0	0	1	0	1	4	0	1	12	3	0	0	0	0	0	0	0	0	0	0	1	0	0	0	0	0	1	0	0	2	0	0	0	3	1	0	0	4	1	1	0	1	0	0	1	6	2	0	0	9	0	0	0	6	1	2	0	15
"Sample36"	0	0	0	0	0	0	0	0	2	0	0	0	5	2	0	3	0	0	0	0	1	0	0	0	0	0	0	1	7	2	0	8	1	0	0	0	2	0	0	0	0	2	0	1	0	3	10	3	0	0	0	4	0	0	0	0	0	0	0	0	0	0	0	0	0	0	1	1	0	0	0	0	1	0	0	13	2	0	0	0	1	0	1	0	0	1	1	13	0	0	0	9	0	0	0	11
"Sample37"	0	1	0	0	0	1	0	0	0	0	0	0	1	0	0	5	0	0	0	0	0	0	0	0	0	0	0	0	7	1	0	6	0	0	0	1	0	0	0	0	0	0	0	0	0	1	5	3	0	0	0	1	0	0	0	0	0	0	0	0	0	0	0	3	0	0	0	3	0	0	0	1	0	0	0	12	1	0	0	0	0	3	0	1	0	1	0	9	0	1	0	3	0	0	0	13
"Sample38"	0	0	0	0	1	0	0	0	0	0	0	0	1	3	1	2	0	0	0	1	0	0	0	1	0	0	0	0	10	1	0	4	0	0	0	1	1	0	1	0	0	0	1	3	0	0	4	5	0	0	0	0	2	0	0	0	0	0	0	0	0	0	0	0	1	1	0	0	0	0	0	3	0	0	0	8	3	0	0	2	0	4	0	3	1	0	1	7	0	0	0	1	0	0	0	13
"Sample39"	0	1	0	0	0	0	0	0	1	1	0	0	4	0	0	2	0	0	0	0	0	0	0	0	0	0	0	0	6	0	0	7	0	0	0	0	2	0	0	0	1	0	0	2	0	1	12	6	0	0	0	0	0	0	0	2	0	0	0	1	0	0	0	2	0	0	0	0	0	0	0	2	0	0	0	6	1	0	1	0	0	1	0	2	1	0	0	12	0	0	0	0	3	2	0	15
"Sample40"	0	0	0	3	0	0	0	0	0	0	0	0	1	0	0	3	0	0	0	0	0	0	0	0	0	0	0	0	4	2	1	6	1	0	0	2	0	0	0	0	0	0	0	1	0	0	11	7	0	0	0	2	0	0	0	0	0	0	0	0	0	0	2	0	0	1	0	0	0	0	1	2	0	0	0	4	0	0	0	2	0	0	0	2	0	0	1	16	0	0	0	3	2	1	0	13
"Sample41"	0	0	0	1	0	0	0	0	0	0	0	0	3	1	0	5	0	0	0	0	0	0	0	0	0	0	0	0	6	0	0	6	0	0	0	0	0	1	0	0	0	1	1	1	0	2	10	4	0	0	0	0	0	0	0	0	0	0	0	0	0	0	0	2	1	0	0	0	0	2	0	6	0	0	0	7	3	1	0	1	0	0	0	3	1	2	0	11	0	0	0	6	0	0	1	10
"Sample42"	0	0	0	0	0	0	0	0	0	0	0	0	0	1	2	2	0	0	0	0	0	0	0	0	0	0	0	0	8	1	0	4	0	0	1	0	1	0	0	0	0	0	0	3	0	1	8	5	0	0	0	1	0	0	0	1	0	0	1	1	0	0	0	0	0	0	0	1	0	0	0	2	1	0	0	4	1	1	0	1	0	0	0	5	1	0	0	11	0	0	1	2	1	1	1	10
"Sample43"	0	0	0	1	0	0	0	0	0	0	0	1	3	0	0	5	0	2	0	0	0	0	0	0	0	0	0	0	6	1	0	4	0	0	0	1	1	0	1	0	0	0	1	4	0	0	11	0	0	0	0	1	0	0	0	0	0	0	0	0	1	0	0	2	0	0	0	1	2	0	0	2	0	1	0	11	1	0	0	1	0	1	0	1	0	0	0	11	0	0	0	2	1	0	0	13
"Sample44"	0	1	0	0	0	0	0	0	0	0	0	0	5	0	1	1	0	0	0	0	0	0	0	0	0	0	0	0	8	1	0	7	0	0	1	2	0	0	1	0	0	2	0	1	0	1	7	11	1	0	0	1	0	0	0	0	0	0	0	0	0	0	0	0	0	1	0	0	3	2	0	0	0	0	0	3	2	1	1	3	0	0	0	2	1	1	0	14	0	0	0	1	4	2	2	8
"Sample45"	0	0	0	1	0	0	0	1	0	0	0	0	2	1	0	5	0	0	0	0	0	0	0	0	0	0	0	0	12	1	1	10	0	0	0	1	1	0	0	0	0	1	1	3	0	1	7	0	0	0	0	3	0	0	0	0	0	0	0	1	1	0	0	2	0	0	0	0	1	0	0	0	0	0	0	9	2	0	0	0	0	0	1	0	0	0	0	13	0	0	0	5	2	1	0	20
"Sample46"	0	0	2	0	0	0	0	0	0	0	0	0	2	3	0	6	1	0	0	0	1	0	0	0	0	0	0	0	8	1	0	5	0	0	0	1	1	0	0	0	1	0	0	0	0	2	6	2	0	0	1	1	0	0	1	0	0	0	0	0	0	0	0	0	1	0	0	4	0	1	0	5	2	0	0	11	3	0	0	4	0	2	1	1	1	1	0	8	0	0	0	3	1	3	0	19
"Sample47"	0	0	0	0	0	0	0	0	0	0	0	1	1	0	0	2	0	0	0	0	0	0	0	1	0	0	0	0	8	0	0	7	2	1	1	1	0	0	0	0	0	0	0	2	0	0	7	7	0	0	0	3	0	0	0	0	0	0	0	0	0	0	0	0	0	0	0	2	2	0	0	2	0	0	0	10	0	1	0	0	0	0	1	7	3	2	0	15	0	0	1	6	1	1	0	18
"Sample48"	0	0	0	0	0	1	0	0	0	0	0	0	2	1	0	2	0	0	0	0	0	0	1	0	0	0	0	0	11	1	0	6	0	0	0	1	0	0	0	0	2	0	0	1	1	3	10	3	0	0	0	1	0	0	0	0	0	0	0	0	0	0	0	0	0	0	1	1	0	0	0	0	0	0	0	8	2	0	0	1	1	0	0	4	0	2	3	15	0	0	0	3	1	3	0	20
"Sample49"	0	0	0	0	2	2	0	0	0	0	0	0	4	2	0	2	0	0	0	0	0	0	0	0	0	0	0	0	5	0	0	6	0	1	0	0	0	0	0	0	0	0	0	0	0	6	7	1	0	0	0	0	0	0	1	1	0	0	0	1	0	0	0	0	0	0	0	1	0	0	0	3	0	0	1	3	0	3	0	0	0	0	0	4	0	4	0	11	1	0	0	2	1	3	0	14
"Sample50"	0	1	0	0	0	0	0	0	0	0	0	0	2	0	0	4	0	0	0	0	0	0	0	0	0	0	0	0	4	0	0	4	0	0	0	1	0	0	0	0	1	0	0	2	0	4	11	8	0	0	0	1	0	0	0	0	0	0	0	0	1	0	0	0	1	0	0	2	0	1	0	4	1	1	0	9	6	0	0	1	1	0	0	5	0	2	1	14	0	0	0	2	1	2	0	16
"Sample51"	0	0	0	0	1	0	0	2	0	1	0	0	3	1	0	6	0	0	0	1	0	0	0	0	0	0	0	0	5	2	0	5	1	0	0	0	0	0	1	0	0	0	0	0	0	1	10	3	0	0	0	0	0	0	0	0	0	0	0	0	0	0	0	0	0	0	0	2	0	1	0	4	3	0	0	4	0	0	0	2	0	0	0	4	1	1	0	23	0	0	0	3	1	0	1	17
"Sample52"	0	0	0	1	0	0	0	1	0	0	0	0	5	0	0	1	0	0	0	0	0	0	0	0	0	0	0	0	3	1	0	6	0	0	0	1	0	0	0	0	0	1	0	2	2	2	9	4	0	0	0	2	0	0	0	0	0	0	0	0	0	0	0	4	0	2	0	0	0	0	0	1	0	0	0	4	3	0	0	1	0	2	1	1	0	1	0	26	0	0	0	6	1	0	0	6
"Sample53"	0	1	0	0	1	0	0	0	1	0	0	0	4	1	1	3	0	0	0	0	0	0	0	0	0	0	0	0	1	0	1	6	2	0	0	0	0	0	0	0	0	0	0	0	0	1	10	9	0	0	0	2	0	0	0	0	0	0	0	0	1	0	0	1	0	0	1	1	2	0	0	0	0	0	0	5	2	1	0	1	0	0	0	3	0	0	4	16	0	0	0	4	0	1	0	15
"Sample54"	0	0	0	0	0	0	0	0	0	0	0	0	3	1	0	0	0	0	0	0	1	0	0	0	0	0	0	0	13	3	0	4	1	0	0	0	0	0	0	0	0	0	2	1	1	2	12	3	0	0	0	1	0	0	0	0	0	0	0	0	0	0	0	3	0	0	0	0	1	0	0	0	0	0	0	3	2	1	0	2	0	1	0	2	1	0	0	10	0	0	0	0	3	2	0	13
"Sample55"	0	0	0	0	0	0	0	0	0	0	0	1	0	2	0	3	0	0	0	0	0	0	0	0	0	0	0	0	6	2	0	9	0	0	0	1	0	0	0	0	0	0	0	2	0	0	16	5	0	0	0	3	0	0	0	0	0	0	0	0	1	0	0	1	0	0	0	3	0	0	0	0	0	0	0	11	1	0	0	0	0	1	0	6	0	3	2	25	1	1	0	4	3	1	0	14
"Sample56"	1	0	0	0	0	0	0	2	0	0	0	0	1	0	0	2	0	0	0	0	1	0	0	0	0	0	0	0	5	1	0	7	0	0	0	0	1	0	0	0	0	1	1	1	0	2	12	2	0	0	0	0	0	0	0	0	0	0	0	1	0	0	0	1	0	0	0	0	0	1	0	0	0	0	0	8	2	0	0	0	0	0	0	1	0	1	0	10	0	1	0	3	0	1	0	12
"Sample57"	0	2	0	0	0	0	0	0	0	0	0	0	4	2	0	2	0	0	0	0	0	0	0	0	0	0	0	0	8	1	0	8	0	0	0	2	1	0	0	0	0	0	0	1	0	3	17	4	0	0	0	1	1	0	0	0	0	0	0	0	0	0	0	1	0	0	0	0	0	0	0	1	0	0	0	7	2	0	0	1	0	0	1	6	0	1	0	11	0	0	0	0	0	0	0	12
"Sample58"	0	0	0	0	0	0	0	0	1	0	0	0	2	0	0	2	0	0	0	1	0	0	0	1	0	0	0	0	8	1	1	8	0	0	0	1	0	0	0	0	0	0	0	2	0	1	14	6	0	0	0	0	0	0	0	0	0	0	0	1	1	1	0	1	0	0	0	3	0	0	0	1	0	0	0	14	2	0	3	0	0	0	0	6	0	3	0	17	1	1	0	1	2	0	1	16
"Sample59"	0	1	0	0	1	0	0	0	0	0	0	0	3	0	0	4	0	0	0	0	0	0	0	0	0	0	0	0	7	2	0	11	0	0	0	2	0	0	0	0	0	0	0	1	0	3	9	3	0	0	0	0	0	0	0	0	0	0	0	0	0	0	0	0	1	0	0	1	0	0	0	0	0	0	0	8	1	0	0	1	0	0	0	8	1	3	1	12	0	0	0	1	1	1	2	17
"Sample60"	0	0	0	0	0	0	0	0	0	0	0	0	4	0	0	1	0	2	0	0	0	0	0	0	0	0	0	0	9	0	0	8	1	0	0	1	1	0	0	0	0	1	0	0	0	2	5	3	0	0	0	1	0	0	0	0	0	0	0	0	2	1	0	0	0	0	0	1	0	0	2	2	0	0	0	6	0	0	1	1	0	1	0	5	0	0	1	14	0	0	0	3	0	3	0	10
"Sample61"	0	0	0	0	0	0	0	0	0	0	0	0	1	1	0	8	0	0	0	0	0	0	1	0	0	0	0	0	5	0	0	8	0	0	0	0	0	0	0	0	1	1	0	1	0	4	14	6	0	0	0	3	0	1	0	0	0	0	0	0	2	0	0	0	0	0	1	0	0	2	0	0	0	0	1	6	4	0	0	0	0	1	1	3	3	1	0	19	0	0	0	2	1	2	2	17
"Sample62"	0	0	0	0	1	0	0	1	0	0	0	0	4	0	1	6	0	0	0	0	0	0	0	0	0	0	0	0	11	2	0	11	0	1	0	1	0	0	0	0	0	3	0	1	0	0	15	5	0	1	0	2	0	0	0	0	0	0	0	0	0	0	0	2	0	1	0	0	0	0	1	0	0	2	0	7	3	0	1	1	0	0	0	0	0	0	0	10	0	0	1	7	0	2	0	15
"Sample63"	0	1	0	0	1	0	0	1	0	0	0	0	5	0	0	4	0	1	0	1	0	0	0	0	0	0	0	1	7	0	0	4	0	1	0	0	0	0	0	0	0	0	1	0	0	0	8	3	0	0	0	1	0	0	0	1	0	0	0	0	0	0	0	0	0	1	0	1	0	2	0	3	0	0	0	7	7	0	1	2	1	1	1	4	0	1	0	19	0	0	0	4	0	1	0	12
"Sample64"	0	1	0	0	1	0	0	0	0	0	0	0	4	2	0	2	1	0	0	0	0	0	0	0	0	0	0	0	5	1	1	11	0	0	0	2	2	0	1	0	0	1	1	1	0	0	12	1	0	0	0	1	1	0	0	0	0	0	0	1	1	0	0	1	0	0	0	3	0	0	0	1	0	1	0	5	2	0	3	0	0	0	0	5	0	2	0	12	0	0	0	0	0	0	0	12
"Sample65"	0	0	0	0	0	0	0	1	0	0	0	0	3	0	1	3	0	0	0	0	0	0	0	1	0	1	0	1	7	0	0	3	0	0	0	0	0	0	1	0	0	0	1	4	0	1	12	5	0	0	0	0	0	0	0	0	0	0	0	1	0	0	0	1	0	0	0	0	0	2	1	0	0	0	0	7	1	0	1	0	1	1	0	4	0	0	0	8	0	3	0	3	1	0	1	9
"Sample66"	0	0	0	0	1	0	0	0	0	0	0	0	1	1	1	1	0	0	0	0	0	0	0	0	0	0	0	0	5	3	0	6	0	0	0	0	0	0	0	0	0	0	1	2	0	2	9	0	0	0	0	2	0	0	0	0	0	0	0	0	0	0	0	1	0	1	0	1	0	0	1	1	0	0	0	6	4	2	0	0	0	0	0	3	1	0	2	15	0	0	1	1	1	1	0	20
"Sample67"	0	0	0	1	1	0	0	0	0	0	0	0	3	0	0	6	0	0	0	1	0	0	0	0	0	0	0	0	3	3	0	6	0	0	0	0	1	0	0	0	0	0	0	0	0	2	8	5	0	0	0	2	0	1	0	1	0	0	0	0	0	0	0	2	1	0	0	0	0	0	0	4	1	0	0	7	0	0	0	0	0	2	0	6	0	0	0	11	0	0	0	6	2	2	1	21
"Sample68"	0	0	0	0	0	0	0	0	0	0	0	0	2	0	0	1	1	0	0	0	0	0	0	0	0	0	0	0	7	2	0	7	0	0	0	1	1	0	0	0	0	0	0	2	0	0	5	6	0	0	1	0	0	0	0	0	0	0	0	0	0	0	0	1	0	0	0	1	0	0	0	1	1	0	0	8	3	0	0	1	0	2	0	3	0	3	0	10	0	0	1	0	0	2	0	14
"Sample69"	0	0	0	1	0	0	0	0	0	0	0	0	3	2	0	1	1	0	0	0	0	0	0	0	0	0	0	0	12	1	0	3	0	0	0	1	0	0	0	0	0	0	0	3	1	1	10	4	0	0	0	0	0	0	0	1	0	0	1	3	0	0	0	0	0	2	0	0	1	0	0	2	1	0	0	3	1	0	1	0	0	0	0	3	0	0	0	13	0	0	0	4	1	0	0	14
"Sample70"	0	0	0	0	0	0	0	1	0	0	0	0	2	0	1	3	0	0	0	0	1	0	0	1	0	0	0	0	8	3	1	8	0	0	1	3	0	0	1	0	0	0	1	4	0	1	9	3	0	0	0	1	0	0	0	0	0	0	0	0	0	0	0	1	0	0	1	0	0	0	0	2	0	0	0	6	1	1	0	2	0	0	1	2	0	0	0	21	0	0	0	1	0	0	1	14
"Sample71"	0	0	0	0	1	0	0	0	0	0	0	0	0	1	1	1	0	0	0	0	0	0	0	0	0	0	0	0	10	0	0	9	0	0	0	1	2	0	0	0	0	0	1	0	0	0	7	2	0	0	0	0	0	0	0	0	0	0	0	0	0	1	0	0	1	0	0	0	0	0	0	1	0	0	0	5	2	0	1	0	0	0	0	5	0	3	1	5	0	0	0	7	2	0	1	9
"Sample72"	0	0	0	3	0	0	0	0	0	0	0	0	0	0	0	2	0	0	0	0	1	0	0	0	0	0	0	0	2	1	0	11	1	0	0	0	0	0	0	0	0	0	0	0	0	2	13	6	0	0	0	2	0	0	0	0	0	0	0	1	1	0	1	0	0	0	0	0	1	0	0	2	1	0	0	8	3	0	2	0	0	1	0	7	1	4	0	12	1	0	2	5	0	0	0	11
"Sample73"	0	1	0	0	1	0	0	0	0	0	0	0	2	1	0	0	0	0	0	1	0	0	0	0	0	0	0	1	4	1	0	5	0	1	0	0	0	0	0	0	0	0	0	3	0	2	12	5	0	0	1	2	0	0	0	0	0	0	0	0	0	1	0	0	1	0	0	0	0	0	0	1	1	0	0	9	2	0	0	1	0	0	0	6	0	1	0	15	0	0	0	6	0	0	0	16
"Sample74"	1	1	0	0	0	0	0	0	0	0	0	0	1	3	0	1	0	0	0	1	1	0	0	0	0	0	0	0	8	2	0	7	0	0	0	0	1	0	0	0	0	0	1	1	0	0	6	0	0	0	0	1	0	0	0	3	0	0	0	0	1	0	0	0	0	0	0	2	1	0	2	2	0	0	0	6	1	0	1	1	0	0	1	4	0	2	0	5	0	0	1	4	1	2	1	13
"Sample75"	0	1	0	0	0	0	0	0	0	0	0	0	3	0	0	0	0	0	0	0	0	0	0	0	0	0	0	0	2	0	0	4	0	0	0	0	0	0	0	0	0	0	0	4	1	0	9	6	1	0	0	2	0	0	0	1	0	0	0	0	0	0	0	1	0	0	1	0	0	0	0	1	0	0	0	6	4	0	3	1	0	1	0	2	2	1	1	6	1	1	0	6	2	1	0	16
"Sample76"	0	0	0	1	0	0	0	0	0	0	0	0	1	0	0	4	0	0	0	0	0	0	0	0	0	0	0	0	9	1	0	10	0	0	1	1	0	0	0	0	0	0	0	1	1	1	15	2	0	0	0	3	0	0	0	1	0	0	0	0	0	0	0	2	1	0	0	1	0	0	0	3	0	0	0	5	2	0	1	0	0	0	0	2	0	1	0	12	0	0	0	1	1	1	0	21
"Sample77"	0	0	0	0	0	0	0	0	0	0	0	0	2	1	0	2	0	0	0	0	0	0	0	1	0	0	0	0	13	0	0	9	0	0	0	0	1	0	0	0	1	1	0	2	0	0	11	4	1	0	0	1	0	0	0	0	0	0	0	0	0	0	0	1	0	0	0	1	1	0	0	3	2	0	0	6	1	0	0	0	0	0	0	4	1	0	0	20	0	0	3	5	0	0	0	12
"Sample78"	0	0	0	0	0	0	0	0	1	0	0	0	4	0	0	2	0	0	0	0	1	0	0	0	0	0	0	0	6	0	1	11	0	0	0	1	0	0	0	0	0	0	1	3	0	2	10	6	0	0	0	1	0	0	0	0	0	0	0	0	1	0	0	1	0	0	0	1	0	0	0	1	0	0	0	8	2	0	0	2	0	2	0	2	0	0	0	8	0	0	0	6	1	0	2	17
"Sample79"	0	0	0	0	0	0	0	0	0	0	0	0	1	1	0	4	0	0	0	0	0	0	0	0	0	0	0	0	9	1	0	3	0	0	0	2	0	0	0	0	1	0	0	2	0	1	5	6	0	0	0	0	0	0	0	0	0	0	1	0	1	0	0	0	1	1	0	1	0	0	0	1	0	0	0	3	0	1	3	2	0	1	0	6	0	0	1	9	0	0	0	3	1	0	1	6
"Sample80"	0	0	0	0	0	0	0	1	0	0	0	0	3	3	0	1	1	0	0	1	0	0	0	0	0	0	0	0	4	1	0	10	0	0	0	1	1	0	0	0	1	0	0	1	0	2	11	5	0	0	0	0	0	0	0	0	0	0	0	0	0	0	0	1	0	0	1	0	0	0	0	1	1	0	0	4	2	1	0	2	0	0	1	4	1	0	1	9	0	0	0	1	3	1	0	21
"Sample81"	0	0	0	0	0	0	0	0	0	0	0	0	7	1	0	4	0	0	0	0	0	0	0	0	0	0	0	0	9	3	0	9	1	1	0	0	0	0	0	0	0	0	0	3	0	1	11	7	0	0	0	0	0	0	0	0	0	0	0	0	1	0	0	2	0	0	0	0	0	0	0	0	0	0	0	3	1	2	1	1	1	1	0	6	0	3	0	13	0	0	0	2	2	0	0	15
"Sample82"	0	0	0	0	0	0	0	0	0	0	0	0	1	0	0	3	0	0	0	0	0	0	0	0	0	0	0	0	5	2	2	8	2	0	0	0	1	0	0	0	0	0	2	1	0	2	10	9	0	1	0	1	0	0	0	0	0	0	0	0	1	0	0	0	1	0	0	1	1	0	0	0	0	0	1	3	1	1	0	1	0	0	0	3	0	1	0	13	0	0	0	1	0	1	1	13
"Sample83"	0	2	0	3	0	0	0	0	0	0	0	0	2	0	0	4	0	0	0	0	0	0	0	0	1	0	0	0	9	0	0	8	0	0	0	0	1	0	0	0	0	0	0	2	0	1	9	3	0	0	0	2	0	0	0	0	0	0	0	0	0	0	0	0	0	0	1	0	0	0	0	2	0	0	0	14	1	0	0	0	0	0	2	3	1	1	3	22	0	0	0	3	0	1	2	13
"Sample84"	0	0	0	0	0	1	0	0	0	0	0	1	1	0	0	4	0	1	0	0	0	0	0	0	1	0	0	0	4	1	1	6	0	0	0	0	0	0	0	0	0	0	0	0	0	1	10	7	0	0	0	1	0	0	0	0	0	0	0	0	0	0	1	2	1	0	0	2	1	2	1	1	0	1	0	5	1	0	0	1	1	0	0	1	0	0	1	9	0	3	0	0	3	0	1	19
"Sample85"	0	0	0	0	0	0	0	0	0	0	0	0	3	2	1	3	0	0	0	0	1	0	0	0	0	1	0	0	9	1	0	11	0	0	0	0	1	0	0	0	0	0	0	1	0	2	7	3	0	0	0	1	0	0	0	0	0	0	0	0	0	0	0	0	0	0	0	2	0	0	0	1	1	0	0	5	0	0	0	0	0	0	0	5	0	1	1	10	0	0	0	0	0	1	0	14
"Sample86"	0	0	0	0	0	0	0	0	0	0	0	0	3	0	0	2	0	0	0	0	0	0	0	0	0	0	0	0	6	0	0	11	1	0	0	7	1	0	0	0	0	0	0	1	1	1	8	0	0	0	0	1	0	0	0	0	0	0	0	1	0	0	1	2	1	0	0	4	0	0	0	0	1	1	0	8	5	0	0	1	0	0	0	6	0	0	0	11	0	0	0	6	3	0	0	12
"Sample87"	0	0	0	2	0	1	0	0	0	0	0	0	0	1	0	3	1	0	0	1	2	0	0	0	0	0	0	0	9	0	0	8	0	0	0	0	0	0	0	0	0	1	0	1	0	1	6	2	0	0	0	1	0	1	0	0	0	0	0	0	0	0	0	1	0	0	0	0	0	0	0	1	0	0	0	3	2	0	0	1	0	0	0	8	0	5	1	12	0	0	0	3	0	0	1	12
"Sample88"	1	0	0	0	0	0	0	0	0	0	0	0	2	0	0	4	0	1	0	0	0	0	0	0	0	0	0	0	5	1	1	4	1	0	1	0	1	1	0	0	0	0	0	1	0	1	13	2	0	0	0	1	0	0	0	0	0	0	0	0	0	0	0	0	0	0	0	0	0	0	0	2	0	1	0	5	1	0	0	1	0	1	1	2	1	2	0	13	0	0	0	3	1	0	0	15
"Sample89"	0	1	0	0	0	0	0	0	0	0	0	0	1	1	0	1	0	0	0	0	2	0	0	0	0	1	0	0	8	1	0	11	0	1	0	0	0	1	0	0	0	0	0	0	0	0	11	1	0	0	0	3	0	0	0	1	0	0	0	0	0	0	0	0	0	0	0	1	0	1	2	1	2	0	1	6	1	1	3	0	0	1	0	4	2	0	0	11	0	0	0	1	0	1	0	13
"Sample90"	0	1	0	0	0	0	0	0	0	0	0	1	3	0	0	2	0	0	0	0	0	0	0	0	0	0	0	0	3	2	0	11	0	0	0	0	1	0	1	0	3	0	1	3	0	5	13	2	0	0	0	0	0	0	0	0	0	0	0	2	0	0	0	2	0	0	0	1	0	0	1	0	0	0	0	6	7	0	0	1	0	1	3	1	1	2	0	21	0	0	0	7	0	1	0	11
"Sample91"	0	0	0	0	0	0	0	0	0	1	0	0	6	0	1	0	0	0	0	0	0	0	0	0	0	0	0	0	7	1	0	6	0	0	0	2	0	0	0	0	1	0	0	0	1	2	6	4	0	0	0	1	0	0	0	0	0	0	0	0	1	0	0	1	0	0	0	0	0	0	0	2	0	1	0	5	5	0	2	0	0	0	2	6	0	2	0	9	0	0	0	3	3	1	0	19
"Sample92"	0	1	0	1	1	0	0	1	0	0	0	0	1	0	0	1	0	0	0	0	1	0	0	0	0	0	0	0	4	4	0	9	0	0	0	3	1	0	2	0	0	0	0	0	0	1	7	4	0	0	0	1	1	0	0	0	0	0	0	0	0	0	0	0	0	0	0	0	1	0	0	0	0	1	0	6	0	0	0	0	0	0	0	4	1	2	0	10	0	0	0	3	0	0	2	12
"Sample93"	0	0	0	0	1	0	0	0	0	0	0	0	2	0	0	3	0	0	0	0	0	0	0	0	0	0	0	0	5	3	1	8	0	0	0	1	0	0	0	0	0	0	0	3	0	1	6	0	0	0	0	0	0	0	0	0	0	0	0	0	0	0	1	0	1	0	0	0	1	0	1	1	1	0	1	3	5	0	0	0	0	0	0	6	0	0	1	10	0	1	0	2	1	0	1	14
"Sample94"	0	2	0	0	0	1	0	0	0	0	0	0	1	2	0	2	0	0	0	0	0	0	0	0	0	0	0	0	9	1	0	9	0	0	0	2	0	1	0	0	2	0	2	1	0	3	7	7	0	0	0	0	0	0	0	0	0	0	0	1	0	0	1	1	0	0	0	0	0	0	1	2	1	1	1	7	0	0	0	0	3	0	0	7	0	0	1	14	0	0	0	4	0	1	0	16
"Sample95"	0	0	0	0	0	0	0	0	0	0	0	0	0	2	0	1	0	0	0	1	0	0	0	0	0	0	0	0	6	2	2	6	0	0	1	1	0	0	0	0	0	1	0	3	0	2	7	1	0	0	0	1	0	0	0	0	0	0	0	0	0	0	0	1	1	0	0	2	0	0	0	1	1	0	0	14	0	0	0	1	0	0	1	3	1	0	1	8	0	1	0	2	0	2	0	18
"Sample96"	0	0	0	2	0	0	0	0	0	0	0	0	4	1	0	1	0	0	0	0	0	0	0	0	0	0	0	0	6	0	0	8	0	1	0	0	0	0	0	0	0	0	0	2	1	1	11	5	0	0	0	0	0	0	0	0	0	0	0	0	0	0	0	2	1	0	0	3	0	1	0	1	0	1	0	6	1	1	1	1	0	1	0	5	0	1	1	10	0	0	0	3	1	0	0	15
"Sample97"	0	0	0	0	3	0	0	0	0	0	0	0	1	1	0	4	0	0	0	0	0	0	0	0	0	0	0	0	13	2	0	10	1	1	0	0	0	0	0	0	0	2	1	1	1	1	14	5	0	0	0	1	0	0	0	0	0	0	0	0	1	0	0	0	0	0	0	1	0	1	0	0	0	0	0	6	1	0	0	3	4	1	1	3	1	1	1	17	0	0	0	3	1	1	2	12
"Sample98"	0	0	0	0	1	0	0	0	0	0	0	0	1	0	0	4	0	0	0	0	0	0	0	0	0	0	0	0	7	2	0	7	1	0	0	0	0	0	0	0	0	1	0	4	0	0	6	2	0	0	0	4	0	0	0	0	0	0	0	0	0	0	0	2	0	0	0	2	0	0	2	3	0	0	1	11	0	3	1	2	0	0	0	5	0	2	2	12	0	0	0	3	1	1	0	10
"Sample99"	0	0	0	0	0	1	0	2	0	0	0	0	2	3	1	0	0	0	0	0	0	0	0	0	0	0	0	0	3	1	2	8	0	0	0	1	3	0	1	0	0	0	0	0	0	0	6	2	0	1	0	3	0	0	0	0	0	0	0	0	0	1	0	0	1	0	0	0	0	0	0	1	1	0	0	6	0	1	0	3	2	0	0	2	1	2	1	17	0	0	0	5	1	1	0	13
"Sample100"	0	1	0	0	0	0	0	0	0	0	0	0	1	1	0	3	0	0	0	1	2	0	0	0	0	0	0	0	5	1	0	9	0	1	0	1	0	0	0	0	0	0	0	0	3	1	12	5	0	0	0	4	0	0	0	0	0	0	0	0	2	0	0	1	0	0	0	5	0	0	0	1	0	0	0	3	2	0	0	3	1	0	1	4	0	1	1	8	0	0	0	3	0	0	0	10
