"SBS1"	"SBS2"	"SBS3"	"SBS4"	"SBS5"	"SBS6"	"SBS7a"	"SBS7b"	"SBS7c"	"SBS7d"	"SBS8"	"SBS9"	"SBS10a"	"SBS10b"	"SBS10c"	"SBS10d"	"SBS11"	"SBS12"	"SBS13"	"SBS14"	"SBS15"	"SBS16"	"SBS17a"	"SBS17b"	"SBS18"	"SBS19"	"SBS20"	"SBS21"	"SBS22a"	"SBS22b"	"SBS23"	"SBS24"	"SBS25"	"SBS26"	"SBS27"	"SBS28"	"SBS29"	"SBS30"	"SBS31"	"SBS32"	"SBS33"	"SBS34"	"SBS35"	"SBS36"	"SBS37"	"SBS38"	"SBS39"	"SBS40a"	"SBS40b"	"SBS40c"	"SBS41"	"SBS42"	"SBS43"	"SBS44"	"SBS45"	"SBS46"	"SBS47"	"SBS48"	"SBS49"	"SBS50"	"SBS51"	"SBS52"	"SBS53"	"SBS54"	"SBS55"	"SBS56"	"SBS57"	"SBS58"	"SBS59"	"SBS60"	"SBS84"	"SBS85"	"SBS86"	"SBS87"	"SBS88"	"SBS89"	"SBS90"	"SBS91"	"SBS92"	"SBS93"	"SBS94"	"SBS95"	"SBS96"	"SBS97"	"SBS98"	"SBS99"
0	0	0	0	0	0	0	0	0	0	0	0	0	0	0	0	0	0	0.0222647957491344	0	0	0	0.0365634961973487	0.0382863725700599	0	0	0	0	0.045259772032584	0	0	0	0	0	0	0	0	0.0833433804935471	0	0	0.0436674622665092	0.00811342266931498	0	0	0	0.0548287723442294	0.228945131006997	0	0	0	0	0	0	0	0.0356856170993729	4.31060187292339e-05	0	0	0.0119911211914515	0	0.0410542932655125	0.00202024371321165	0.00198110931459245	0	0	0	0	0.0873413710658352	0	0	0	0	0	0.0897609287067219	0	0	0.0582210044791602	0	0	0	0	0	0	0	0	0.110628599815688
0	0.00130403124970507	0	0.0301204751804412	0	0	0	0	0	0	0	0	0.000976402898613278	0	0	0	0	0	0.000939177368415313	0	0	0.107528452856433	0.0350929443084085	0	0	0.0100782499206498	0.13755193458246	0	0	0	0	0.0273790168224799	0	0	0	0	0	0	0	0.00653188777983155	0	0	0	0	0	0	0.0906565239836847	0	0	0	0	0	0	0	0.0612851333311727	0.174746142104759	0	0	0	0	0	0	0	0.0616857639131358	0.0315677348207608	0	0	0.0761831666712103	0	0	0.0366930722513771	0	0	0.0264814443012047	0.00319769414849734	0	0	0	0	0	0	0	0	0	0	0.0800007515067596
0	0	0	0	0	0	0	0	0	0.0206589582709005	0.0477968738293222	0	0	0	0	0	0	0.0236248116871227	0	0.085152125874847	0	0	0.0271892295639949	0	0	0.0107005926906997	0.00847321140863239	0	0	0	0	0	0	0	0	0.0174315888033827	0	0	0.0427003136446132	0.102852319052221	0	0	0.0937912485204494	0	0	0	0.0352133027768873	0	0	0	0	0	0.0414014281491776	0	0	0	0	0	0	0	0	0	0	0.0298996799439833	0	0	0.00515070356362632	0	0	0	0	0	0	0	0.0418554043970218	0	0	0	0	0	0.226729436668142	0	0.0828413255540883	0.0404625464270445	0.0160748991738438	0
0	0	0	0.0490152157190593	0	0	0	0	0	0	0	0	0	0	0	0	0	0.101201650634157	0.0169282328602247	0	0	0	0	0	0	0.0738606149228357	0	0	0	0	0	0	0	0	0	0.0536894192829166	0	0.0491246188552087	0.0361580661907022	0.0503536062261756	0	0.0100083114788857	0	0.020857124232434	0	0.0080140122728935	0.110095749128776	0	0	0	0	0	0	0.00288496594976897	0	0	0	0	0	0	0.0433511577268807	0	0.0902189169663517	0	0	0	0	0	0.0104986232008431	0	0	0	0.000323720740557519	0.0501853999457294	0	0.0735090643627668	0	0	0	0.122156364690477	0	0	0	0.027565164612356	0	0
0.0394411913887141	0	0	0	0	0	0.0854359552337749	0.00723612010298319	0	0.00382491098794852	0.0976708994779574	0	0	0	0	0.000761590413751995	0	0.229456594895152	0	0	0	0	0.00756175769104475	0	0	0.0465812863486252	0	3.10755140574569e-05	0.0224147465640505	0	0	0	0	0	0	0	0	0	0	0.0344662167652199	0	0	0.151553044335763	0	0.0250083775501414	0	0	0	0	0	0	0	0	0	0	0	0	0	0	0.00761657735285696	0	0.00990274749144832	0.0288002433064723	0	0	0	0.0103356500647465	0	0	0	0	0	0	0	0.137671667776281	0.0260386408281478	0	0	0	0	0	0	0.0281907059108634	0	0	0
0	0	0	0	0	0	0	0	0	0.0171637298045681	0.0207783561965906	0	0.0146355821848089	0	0	0	0	0.256273452937239	0	0	0	0	0	0	0	0	0	0.00106393129861474	0	0	0	0	0	0	0	0.00081399327591423	0	0	0.0817503895001928	0.0346251611599686	0	0.0159193887575286	0	0	0	0	0.102199860330405	0	0	0	0	0.205408928170302	0	0	0	0	0	0	0	0	0	0	0.00279387919913387	0.0930540677873815	0.0187952952399216	0	0	0	0	0	0	0	0	0	0	0	0	0.0298322281050514	0	0.0954099446219959	0	0	0	0	0.000789070520640646	0.00869274090974318
0	0.00369361937368394	0	0	0	0	0	0	0.00113974808173254	0	0.0541941895786521	0	0.017052189693775	0.0435710332141317	0	0	0	0	0.0142613382954216	0	0	0	0.049465213334758	0.0348961457877009	0	0.0494335203055919	0	0.0139527981035525	0	0	0	0	0	0	0	0.0164132102749319	0	0	0.27670735505559	0	0.0127595057084413	0.00062489757503878	0	0	0.0388477661532604	0	0.0696440348324238	0	0	0	0	0.0373882175600884	0	0	0	0	0	0	0	0	0	0	0	0.0117312090853561	0	0	0	0.0301404888664285	0.00628371121274763	0	0	0	0.055873055300537	0	0	0	0	0	0	0	0.161926752606155	0	0	0	0	0
0	0	0	0.140892681735395	0	0	0.0376557594384035	0	0.0381589659706817	0.0218327888298742	0	0	0	0	0	0	0	0	0	0	0	0.0526752775532176	0	0.0114826111693855	0	0	0.0313068889322196	0	0	0	0	0.0216512235464266	0	0	0	0.0063901616508296	0	0	0	0.208197363400773	0	0.0242297711845394	0.02670268934109	0	0	0	0.0609574952731418	0	0	0	0	0	0	0	0	0	0	0	0	0	0	0	0	0.152959796954752	0	0	0	0	0	0	0	0	0	0	0	0	0.0690528495996086	0	0	0.00429562672690296	0	0	0.0392525655909799	0.0177408785830491	0.000884857173568139	0.0336797473451617
0	0	0	0	0	0	0	0	0	0	0	0	0	0.00292779845633874	0	0	0	0.117942604319314	0.0160303732352444	0	0.0717474012199795	0.208078340105324	0	0.0103049090347267	0	0.199566295591591	0.0127693996174497	0	0	0	0	0.0284555754311143	0	0	0.00316778513901671	0	0	0	0	0	0	0	0.0953440307931811	0	0.0299775170486609	0	0	0	0	0	0	0	0	0	0.0112563067080136	0	0	0.0150776954938139	0.0139252348295863	0	0	0	0	0.0130322192397133	0	0	0.0719997100812466	0	0.0443669713877136	0	0	0	0	0	0	0	0	0	0	0	0	0	0	0.0340298322679719	0	0
0.00536568060541833	0.000358598905886046	0	0.079474113256802	0	0	0	0	0.0568322770674232	0	0	0	0	0	0	0	0	0.0579171515599111	0	0	0	0.0948806240588007	0.0111351998432959	0	0	0	0.0455350896634166	0	0	0	0	0.0187127674268344	0.0447219504898588	0.0100141104194074	0	0	0	0.0584002426673143	0.0176589649759665	0	0	0	0	0	0	0.0138889942307814	0.024230500324047	0	0.0348015600555038	0	0	0	0	0.069359097138223	0	0	0	0.00653994378484736	0	0	0	0	0	0.0195906160332057	0	0	0.152149588992495	0	0.00917850031779969	0	0	0	0.0529827526052014	0	0	0	0	0.00789366437441495	0.108378011203146	0	0	0	0	0	0	0
0	0	0	0	0	0	0	0	0	0	0	0	0	0.0123212050346332	0	0	0	0	0.0450213698765107	0.00486085572953789	0	0.0812950911269368	0	0.0110370237025741	0	0.0472765674155674	0	0.0143877805192037	0	0	0	0	0.00903597634269036	0.00457254399736797	0	0.0663539457070745	0	0	0	0	0	0	0.164092580482313	0	0.0572112927987314	0.0550116290980056	0	0	0.0870879868329553	0	0	0	0	0.0352106275454397	0	0	0	0	0.0103956875355749	0	0	0	0.0172113662370971	0.0159567867573172	0	0	0	0	0	0	0.0949624824690999	0	0	0	0	0	0.0170885280323757	0	0.096953885874356	0	0	0	0.0259584902019801	0	0.0266962966826573	0
0	0	0	0	0	0	0	0	0	0	0	0	0	0	0	0.0241509020701572	0	0	0.00705066774254715	0	0	0	0.0386082936812749	0	0.0913993288028098	0.0970532819503486	0	0.0429583888890064	0.0160983004321945	0	0	0	0.0167686198466157	0	0	0	0	0	0.0199854823376748	0	0	0.0031205430171899	0	0	0.0310199228700007	0.0686421990455093	0.0495377803886987	0	0	0	0	0	0	0	0.0375651030329394	0	0.011794777206367	0	0	0	0	0.0149965010796537	0.0541226778925199	0	0	0	0.0420338682192339	0.0179935464576485	0	0	0	0	0.00327401771473231	0	0	0	0.0643035428947233	0	0	0	0.0319926106272216	0	0.214198550870297	0.00133109293063589	0	0
0.0468407764118429	0.0991118881234344	0	0	0	0	0	0	0.0429821299456248	0	0.029036011681857	0	0	0.0482198468998596	0	0.0234238234534461	0.0500564771822778	0	0.0682481112366864	0	0	0.0296665496035034	0	0	0	0	0	0	0	0	0.0111903849074788	0	0	0	0	0	0	0.0139196542022193	0	0	0.000222777424295035	0	0.0445183073300533	0	0.0916302438391116	0	0	0	0	0	0	0	0	0	0	0	0	0	0.0216117616362454	0	0	0	0.0705158472168674	0.102494142300988	0	0	0.0676269468162288	0.0145638371522416	0	0	0	0	0.0135110410192397	0	0	0	0	0	0	0	0.110609441616498	0	0	0	0	0
0	0	0	0	0	0	0	0	0	0.00227834003848397	0	0	0	0	0	0	0.0107437369672596	0.0497384831125954	0.037759287243477	0	0.0149485411905437	0.16791244380124	0	0	0	0.0441054455372763	0.200654692108024	0	0	0	0	0	0	0	0	0	0	0	0	0	0	0.00521260164666284	0	0	0	0.0300392792187438	0.0482495307781006	0	0	0	0	0.046637342457844	0	0	0	0	0.0630900364555169	0	0	0	0	0.00204232871140817	0	0.00397281678657092	0	0	0	0	0	0.0138934215299161	0.0265907394721095	0	0	0.0214049228988626	0.0332135456012742	0	0	0	0	0.106235815637679	0	0	0	0.0712766488064115	0	0
0.0145702795304062	0	0.0111085578614273	0	0	0	0	0	0	0	0	0	0	0.0406654562113723	0	0	0	0.0576081613250437	0	0	0	0	0.0356109537937653	0	0	0	0	0.00887547423247479	0	0	0	0	0.0892614182426114	0	0.0548619290042231	0	0	0.108654051198233	0	0.141226303923946	0	0.00568289134958853	0	0	0	0	0	0	0.209366997510696	0	0	0	0	0.0890023801698141	0	0	0	0	0	0	0	0	0.0100644903715116	0	0	0	0	0.0787863315927638	0	0	0	0	0	0	0	0.0443489228168149	0	0	0	0.000305400865308222	0	0	0	0	0	0
0.0344139492583824	0	0	0.0133015601165093	0	0	0.0371333441169035	0.149533355931146	0.0162095006867068	0	0	0	0	0	0	0	0	0	0.00156203582275737	0	0	0.020296718759144	0	0	0	0	0.000294413978082756	0	0.0799449257855571	0	0.0346626863804822	0	0	0.0295036248867626	0.00653255946412643	0.0022824256806726	0	0.0446845468140275	0	0	0	0.0235935378769532	0	0	0.297579331409295	0	0.0429885034492921	0	0	0.00727502233556025	0	0.00503932726503425	0	0.0160691374716901	0	0	0	0	0.0116724535427863	0	0	0.00252422862876636	0	0	0	0.0177980832502191	0	0	0.0320604682695467	0	0.0578428092259781	0	0	0	0.0152014495936182	0	0	0	0	0	0	0	0	0	0	0
0.000482184192218245	0	0	0	0	0	0	0.0733458074931187	0	0.0129503172475506	0	0	0	0	0	0	0	0.0677293715856638	0.0250217390091361	0	0	0	0.0374903770664309	0	0	0	0	0	0	0	0	0.0660252257880455	0	0	0.00619790612701241	0	0	0.0142331198622317	0	0	0.0706177302624353	0	0	0	0	0	0	0	0	0	0	0	0	0.0593963329603478	0	0	0	0	0	0	0	0.0472578664681832	0	0	0	0	0	0.0201151006106397	0	0.0137968320784242	0.0660778408793662	0	0	0	0	0	0	0	0	0.281129273775854	0	0	0	0.0627121613330548	0	0.0754208132602864
0	0	0	0	0	0	0.0278510069748254	0	0	0	0	0	0	0	0	0.00942372010424177	0	0.0370597837229506	0	0	0	0.0685703348453108	0.00843036154612274	0	0	0.0172711680608118	0	0.0335145650247309	0	0	0	0	0	0	0	0	0	0	0	0.00720760884204047	0	0.0299355400866636	0	0	0	0	0.178141731906419	0	0	0.0662216497126278	0	0	0	0	0	0	0	0	0	0	0	0.0557422272149562	0.0155549527582483	0.0232228371990663	0	0	0	0	0	0	0.177795980104913	0	0.0143833755617358	0.0102415909143523	0.119083238462609	0	0	0	0	0	0	0	0.0347426070115069	0.0656057199458674	0	0
0.0127840045684945	0.0167172138249437	0	0.0212159253520902	0	0	0	0	0	0	0	0	0	0.0635855412947239	0	0.0213096482455774	0	0	0.00781329824375341	0	0	0.0800571888356627	0	0.0115668915991202	0	0	0	0.0808308572884618	0	0	0	0	0	0	0.0032328653597209	0	0	0	0	0.0286885746818876	0.0136936762508653	0	0	0	0	0	0	0	0	0	0	0.13303060089281	0	0	0.0258020908894064	0	0	0	0	0	0	0.0127809566558012	0	0.041064075065238	0	0	0	0.132379470490156	0.0246310559075613	0	0	0	0	0.00536090536544983	0	0	0.0268382166864779	0	0	0.0234936305228051	0.00684938215823696	0	0	0.0416014243347164	0.0687704644336299	0.0959020410524091
0.0182415839472082	0	0	0.0403837424548484	0	0	0	0	0	0.000930099614311538	0.206629334976857	0	0.00162931558708168	0.0144576867258132	0	0.00999660060095252	0	0.119352298536417	0	0	0.0617684447333256	0	0	0.0340378235115445	0	0	0	0.0177284450812688	0	0	0	0	0	0	0	0	0	0	0	0	0	0	0	0	0	0	0.00241893320330676	0	0	0	0	0	0	0	0.106321762476345	0	0	0	0.00200064052548357	0	0	0.00242066108717048	0	0.0225814633307805	0	0	0.0182128164382143	0.220246658004887	0	0	0	0	0.0148404711873094	0	0	0	0	0	0	0.063290767071831	0	0	0	0.0225104509050439	0	0
0.000819756785744381	0.0405257422253947	0	0	0	0.00379386964327955	0.00684443367498383	0	0	0	0	0	0	0	0	0	0	0	0.0116557147528784	0	0	0	0.0125953473028766	0.00260214281959776	0	0	0.0131840962936351	0	0.0847485616017858	0	0	0	0	0.101499214593794	0	0	0.0760644688349119	0	0	0	0	0	0	0	0.248329291815648	0	0	0	0	0	0	0.0236475328358967	0	0	0	0	0	0	0	0	0	0.00580613819045525	0.0105006283069697	0	0	0	0	0	0.00859663291467855	0	0.0893095434159174	0	0.0436579967979082	0.0190698767858833	0	0	0	0	0	0.143807706031068	0	0	0	0.0317018532317409	0	0.021239451144953
0	0	0	0.101094318846916	0	0	0	0	0	0	0.0395795962925445	0.0280084255317331	0	0	0	0	0	0.114771094191743	0.0151098687268441	0	0	0	0	0	0	0	0	0.05401150656008	0	0	0	0	0	0	0	0.0186254874859203	0	0	0	0	0	0.00192285006087649	0	0.0863019946388168	0	0	0.0381019673387525	0	0	0	0	0.0518760417828809	0	0	0	0	0	0	0	0.0485562447785177	0	0	0	0	0	0	0.115872320478724	0	0	0.0184462570745493	0	0	0.0675196321210254	0	0.00247794389661258	0	0	0	0	0	0	0	0	0.18437223745772	0.0133522127357436	0
0.0106398302505606	0.0777306597954591	0	0	0	0	0	0	0	0	0.0266194691536828	0	0.0236040066310596	0	0	0	0	0.117480118860103	0	0	0	0.0111718257584061	0	0.00676120485339434	0	0.140978750727586	0	0	0.0395200506527691	0	0	0.124639119841424	0.00533107684917697	0	0	0	0	0	0	0.0524184599978958	0	0	0	0	0	0.0401446201269183	0	0	0	0	0	0	0	0	0	0	0	0	0	0	0	0	0.00143706229408605	0.0556412026510423	0	0	0	0	0	0	0	0	0	0	0	0.109432936544628	0	0	0	0.129402902670958	0	0	0	0.0270467023408508	0	0
0	0.00567127720182266	0.0266057655448732	0	0	0	0	0	0.0208631399254827	0	0	0	0	0	0	0	0.0176513129847514	0.0118715984444919	0.00642681215737269	0	0	0.067017869866692	0.0315678794459417	0	0	0.0606717125820387	0	0	0	0	0	0.0474485320259803	0	0	0	0	0	0	0	0	0.0214927681786118	0	0	0	0.000217664617251347	0	0	0	0	0	0.0317679275375057	0	0	0	0	0	0	0	0	0	0	0	0.00569799804425679	0	0	0	0.00436400211965334	0.0464604176258472	0	0.0266589857721612	0	0.0367091762166224	0.0245894661699535	0	0	0	0.00922068417566339	0	0	0	0.449278753753053	0	0	0	0	0.0477462556099731
0	0	0	0	0	0	0	0.0180898436117266	0	0	0	0	0	0.0277503061064785	0	0	0	0.125106181621344	0.015141483366121	0	0	0	0	0.0156234399676295	0	0	0	0	0	0	0.0599085167620771	0	0	0	0	0	0	0.0699274376609086	0	0	0	0.0280141290150932	0.00796907147332836	0	0	0	0.08673382587216	0	0	0	0	0.0194277979732073	0	0	0.0221570990003437	0	0	0	0.035967068623398	0	0	0	0.00726889027494774	0	0	0	0	0	0	0	0	0	0	0	0	0	0	0	0	0.000184900033820715	0.354693828651595	0	0	0.0166232031453057	0	0.0894129768405151
0	0.0169410637420537	0.00304639337034824	0	0	0	0	0	0.031948803142726	0	0	0	0	0.00656393912269191	0	0	0	0	0.0484772917739948	0	0.0211685013182889	0.0320070530256623	0	0	0	0.0571525633414252	0	0	0	0	0	0.0665352676840135	0	0	0	0.00471786585970536	0	0	0	0	0	0	0	0	0	0	0.0241612701815931	0	0	0.518629569153301	0	0	0	0.0430068325341493	0	0	0	0.0200501549729572	0.011513468243291	0	0	0	0	0.00787127928482068	0	0	0	0	0.011585045366815	0	0	0	0.0245034300745265	0	0	0	0.0192128342648511	0	0	0.0309073735427853	0	0	0	0	0	0
0	0	0	0	0	0	0	0	0.0321627508382485	0	0	0	0	0	0	0	0	0.0913193522779994	0	0.0134245867057219	0	0.0198615594542904	0.0169329282055954	0.0157025918209162	0	0.0897927390961901	0	0	0	0	0	0	0	0	0	0.00313977854678923	0	0.020026076846405	0	0.0827716388908149	0	0	0	0	0	0.0439560210616529	0	0	0.115648148390531	0.0147780717849671	0	0	0	0	0	0	0	0	0.0137682345381756	0	0	0.0300734655452929	0	0.187391567083851	0	0	0.0282738982178164	0	0.00765603484815628	0	0	0	0.0929620975124687	0	0	0	0	0	0.0803584583341167	0	0	0	0	0	0	0
0.0121729021245365	0.0136583377797387	0	0	0	0	0	0	0	0	0	0	0.00942450669727893	0.0915998910684882	0	0	0	0	0	0	0	0.011906845093887	0	0.0138630162890114	0	0	0	0	0	0.0287216177177432	0	0.0988026860753002	0	0	0.0476137686365555	0	0	0	0.229687169114694	0.0256496344622997	0.0319913093867936	0	0	0	0	0	0.119090908547859	0	0	0	0	0	0	0	0.052804426041997	0	0.0521379020892373	0	0	0	0.0242636279420036	0.0016094532124874	0	0.03227172012493	0	0	0	0	0	0	0	0.0918210806508116	0	0	0	0	0	0	0	0	0.0109091969443472	0	0	0	0	0
0	0.0787043522962775	0	0	0	0.00370735454209044	0	0	0.0112561904134921	0.0881900676787037	0	0	0	0	0	0	0.0159613772099281	0.0248109693790765	0	0	0.00580803871170752	0.0349232107005127	0	0	0	0.0687434345511301	0	0	0	0	0	0.00931591881376496	0	0	0.0777709299567532	0	0	0	0	0.008464890140781	0	0	0	0	0.0143676082921744	0	0.0570323565858685	0	0	0	0	0	0	0	0	0	0	0	0	0.0292791675815705	0.00323376721127021	0.0491422490467268	0	0.142328999216988	0	0	0	0	0.0532671958707051	0	0.0387546181625622	0	0	0	0	0	0	0	0	0	0.0872884284081855	0	0.0558518978674017	0.0417969773623297	0	0
0	0.00242681725061391	0	0	0	0	0	0	0	0	0	0	0	0	0	0	0	0.00655996699559676	0	0	0	0.119767864116703	0	0	0	0.029237828587806	0.0869209451215386	0.00305252071771793	0.0105639542954941	0	0	0	0	0.0921198204374197	0.0135633904538794	0	0.0563896109580732	0	0	0	0	0	0	0	0	0.0249349186053049	0.12213277150814	0	0	0	0	0	0	0	0	0.0844804925798093	0.0183382094102183	0	0	0.0257661117894459	0	0	0	0.0462774602914042	0	0	0.165902416411557	0	0.00877264018427245	0	0.0124547287201676	0	0	0.0275576430327869	0	0	0.014252777149735	0	0	0	0	0	0	0.000282030509467732	0	0.0282450808728477
0.000388927064226549	0	0	0	0	0.0496051382559082	0.00970971313394494	0.0612728720294862	0.00411574993521788	0	0.131741538541935	0	0	0.0315739878253189	0	0	0.00673672419485371	0.0248028306473055	0.000614041746927639	0.00112889352450161	0	0.127176536591727	0	0.0109616680014344	0	0.144023758539959	0.0108583955091047	0.0451188658536432	0	0	0	0	0	0	0.0501298847644332	0	0	0	0	0	0	0	0	0	0	0	0.0307630498590819	0	0	0	0	0	0	0	0	0	0	0	0	0.00607460488684549	0	0.0306541242007191	0	0.146725698148851	0	0	0	0.00367212748605023	0.00289937806947752	0	0	0	0.032285250388694	0	0.0339575746617887	0	0	0	0	0	0	0	0.00300866613856398	0	0	0
0	0	0	0	0	0	0	0	0	0	0	0	0	0	0	0	0	0.00962143812515202	0.0465054666637195	0	0	0.0309110962988249	0	0	0	0	0	0	0.0269632383376408	0	0	0	0	0	0	0	0	0	0.0915733283555031	0.0694058157933389	0.0410218942953902	0	0	0	0	0	0	0	0	0	0	0	0.0523919669278434	0	0	0	0	0	0.0139961758975594	0	0	0	0	0	0	0	0	0	0.0398983574431576	0	0	0	0.0576420247463969	0	0	0	0	0	0.0925866092853073	0.0143169034922501	0.364864841412521	0	0	0.0483008429253952	0	0
0	0.0145858092346252	0.312029441438774	0	0	0	0	0	0.0994779849793054	0	0.0287901778231099	0	0	0	0	0	0	0	0.0125728317304667	0	0	0.117564099850372	0.0906347296776395	0.0226333298663949	0	0.0406316193074417	0	0	0.0181288284552422	0	0	0.00583147100128118	0	0	0	0	0	0.00268484866313819	0	0.0255073633218421	0.00101814442502135	0	0	0	0	0	0	0	0.00501604245762378	0	0	0	0	0.00949611617493996	0	0	0	0	0.0170478924506422	0	0	0.00570125055703379	0	0	0	0	0	0.104302365344332	0.0165245088666481	0	0	0	0	0	0	0	0	0	0	0	0	0	0	0	0.0231357746579226	0.0266853697162033
0	0	0	0	0	0	0.0076911306981568	0	0.0755247559008213	0	0	0	0	0	0	0	0	0.00400845592556975	0.0383676166561039	0	0	0.228856370556379	0	0	0	0.00542323290058935	0	0	0.0208899956603108	0	0	0	0	0	0.0154940571685572	0	0	0	0	0.0175461070155645	0	0	0	0	0.00937674182042283	0	0	0	0	0	0	0	0	0	0	0	0	0	0	0.0755029866048916	0	0	0	0.0938598950227401	0	0	0	0	0	0	0.0221068855394474	0	0	0.0853531458789783	0	0	0	0	0	0	0.279800022972162	0	0	0	0.020198599679305	0
0	0	0	0	0	0	0	0	0	0.00718527365023908	0	0	0	0	0	0	0	0.131448609948456	0.0206778218604937	0	0	0.106041304517518	0	0	0	0.149197847205082	0.012073804146795	0	0	0	0	0.00417748962106851	0	0	0	0	0	0	0	0	0	0.0432376930636629	0.0279510661711491	0	0	0.0156886146340351	0.130745479778721	0	0	0	0	0	0	0.00523168386674909	0	0	0	0	0	0.0729639546957784	0	0.0121742739327784	0	0.00318043196641454	0	0	0	0	0	0	0	0	0	0.0553163047728435	0	0	0	0	0	0	0	0	0.202708346168216	0	0	0
0.00595315977431418	0	0	0	0	0	0	0	0.101570377126271	0	0.0584914610018425	0	0	0.0218544899672303	0	0	0.0868988467077813	0	0	0.0216780497746716	0.0191258447081111	0.131241262848136	0	0	0	0	0.206124160087674	0.0283685295836854	0.0100040306956258	0	0	0	0	0.081611622719636	0	0	0	0	0	0	0	0	0.00177025692726243	0	0	0	0.0894233075985199	0	0	0	0	0	0	0	0	0	0	0	0	0	0	0	0	0	0	0	0	0.070392860334243	0	0	0.0161467276500826	0	0	0	0	0	0	0	0.0397545637354937	0	0	0	0	0	0	0.00959044875941953
0	0	0	0.00845004601632823	0	0	0	0	0.0554902815123947	0	0	0	0.0229223334671583	0	0	0	0	0	0.0218109415840574	0	0	0.160459607349889	0.0372616275156449	0	0	0	0	0	0	0.0170431786456048	0	0.0866161936006394	0	0	0.0214087263556769	0	0	0	0	0.148425469973821	0	0	0	0	0	0	0.137865371473545	0	0	0	0	0	0	0	0	0	0	0	0	0	0.00065086397924184	0	0	0	0.0108947198752996	0	0	0	0	0	0	0	0	0.0334640099919825	0	0	0	0	0.0840730628347621	0.149380657148659	0	0	0	0.00378290867529456	0	0
0	0.0144227681961943	0	0	0	0	0.0267985110653507	0	0	0.0386313386290448	0	0	0.0207691039618812	0	0	0	0.0539350192861245	0.0763903423277006	0.0321326895082819	0.0465085334538589	0	0.0571066954487655	0	0.0173335019851735	0	0	0.014965869186091	0	0	0	0	0	0	0	0	0	0	0	0	0	0.0411823324427829	0.0330221056094204	0	0	0	0	0.0523141038711926	0	0	0	0	0	0	0	0	0	0	0	0.0483189921263334	0	0	0	0	0.0261693748031449	0.00463357818670333	0	0	0	0.00876839671036926	0	0.0415753210991214	0	0	0	0	0	0	0	0	0	0.175831291135091	0	0.059213496610588	0	0.00682183148294676	0.103154802873839
0	0.0575486146334653	0	0.0240991840171335	0	0	0	0	0.0659864968071702	0.00959010501339059	0	0	0	0.0051964858664308	0	0	0	0	0	0	0	0	0.000201563075612968	0	0	0.0359392042799473	0.07157892165688	0.0288205861680855	0.00148912503261918	0	0	0	0	0	0	0	0	0	0	0.0110677624673421	0.0479799477799011	0	0	0	0	0	0.0649858175330659	0	0	0	0	0	0	0	0	0	0	0	0	0	0.0368659313840993	0	0	0	0	0	0	0	0.0602346880275003	0	0.0470275945728911	0	0	0.0074878948822181	0.121228306861142	0	0	0	0	0	0.283489444758424	0	0	0.00486544527264742	0.0143168799100336	0
0.0398666497227517	0	0	0	0	0	0	0	0.0253712383363161	0.00779463195104522	0.0929110063667536	0	0.0370985581117085	0	0	0	0	0	0	0.0189329470175091	0	0.306313501574503	0.000149719486921949	0.00176492145393987	0	0.0629548376236193	0	0	0	0	0	0	0	0	0	0.0050929773875289	0	0	0.0743034492467326	0.100847951192454	0	0.00522637582366239	0	0	0	0	0	0	0	0	0	0	0	0	0	0	0	0.0139879721904469	0.00604378922764777	0.0303509559207551	0	0	0	0.0624057951653104	0	0	0.0600570926535759	0	0	0	0	0	0	0.0485256295468178	0	0	0	0	0	0	0	0	0	0	0	0
0	0	0	0	0	0	0.0423392604751332	0	0	0	0.0545115163979157	0	0	0	0	0	0	0	0.020450707653054	0	0.0288234833368355	0	0.0116072606182896	0.0179417637935589	0	0	0	0	0	0	0	0.00632245223983798	0	0	0.0407898799794339	0	0	0	0	0.123115413201301	0	0	0	0	0	0	0.0104903271322747	0	0	0	0	0	0	0	0	0	0	0	0	0.0590693820271416	0.0786798249009741	0.034298929408683	0.012908602539512	0.0947186526122351	0	0	0	0	0	0	0	0	0	0	0.151547235321756	0	0	0.000772294308446532	0	0	0	0	0.129406387318647	0	0.08220662673497	0
0	0	0	0	0	0	0	0	0	0.0230491282392941	0	0	0.0652160200509364	0	0	0	0	0	0	0	0	0.00427731305960809	0.103288206052587	0	0.0275690606428032	0	0	0.0381504830884174	0.00072077018070318	0	0	0.0556624466459138	0	0	0.0246835132448016	0	0	0.0836134309030877	0	0	0.0137384285468044	0	0.0366505194143086	0	0	0	0	0	0	0	0	0	0	0.00607963440383776	0	0	0	0	0.0307510997612345	0.0517035681336227	0.158629105330208	0	0	0	0.000743687849977346	0	0	0.0523287914211804	0	0	0	0	0	0	0	0.0433113612565674	0	0	0	0.0689973747527548	0	0	0	0.00521852087794925	0	0.105617536143402
0	0	0	0.161860067411471	0	0	0.0137516683493798	0.0154595779801329	0.018803295677509	0	0	0.00937983593370285	0	0	0	0	0	0	0.0267393504992523	0	0	0	0.0261833855200347	0.0176966307218224	0	0	0	0	0.0407988365725696	0	0	0	0	0.0685684603370395	0	0	0	0.0143130119474801	0	0	0.0351509420862611	0.0283229522529441	0	0	0.15846557268275	0	0.0097697523403346	0	0	0	0	0	0	0	0	0	0	0	0.0124612890751942	0.0017173097163329	0	0.0295457016403148	0.0125794868794176	0	0.00184737522597881	0	0	0	0.01616586061243	0	0.0335695259342353	0.0170274661494815	0	0.00396775399519566	0	0	0	0	0.140556599062189	0	0	0	0	0.0485752913116017	0.0242444679361596	0.0124785321487851
0	0	0	0.0224747701517971	0	0	0.0313065090076264	0.0492143225621718	0	0	0	0	0	0	0	0	0	0	0	0	0	0	0	0	0	0	0	0	0	0	0	0.0190989195666233	0	0	0	0	0	0.0691636514354426	0	0	0	0.0192948360304102	0	0	0.291461374181818	0	0	0	0	0	0	0	0	0.0206364710362041	0.0846209828174582	0	0	0	0.00589099464778408	0	0	0	0	0.0509134273545019	0.0304222959487231	0	0	0	0	0	0	0	0	0	0	0	0.00179896217396354	0	0	0	0.291644388789728	0	0	0	0	0.0120580942957478
0	0.00846420878934262	0	0	0	0	0.0344757149460097	0	0	0.0162918807459368	0	0	0	0	0	0.0162816729489719	0	0.165723549222472	0	0	0	0	0	0	0	0	0	0	0.0527404105067272	0	0	0.0165132279050136	0	0	0	0	0	0	0	0	0	0	0	0	0	0.0225562767446283	0.0463534078870326	0	0	0	0	0	0	0.028758738135047	0	0.0148906360395321	0	0	0	0	0	0.014002930757923	0.0727733117841949	0	0	0	0.106956673901276	0	0.019832102405093	0	0	0	0	0.021227131699818	0	0	0	0	0	0	0.153908236809047	0	0	0.0559411728017782	0	0.132308715970156
0.00133019252327766	0	0	0.0191728414984132	0	0	0	0.0633342676022104	0	0	0	0	0	0.0314768222843377	0	0	0	0	0	0	0.0198516045249682	0.0986772392283984	0.0386163513422597	0	0	0	0	0.0571619608185564	0	0	0	0	0	0.0986136667158723	0	0	0	0	0.0227658617634467	0	0	0.000855106499847429	0	0	0.175865345212092	0.150539313187285	0	0	0	0	0	0	0	0	0.00994019193905683	0	0	0	0.00498336683426504	0	0.0763969694965237	0	0.0376207105453343	0	0	0	0	0	0	0	0	0	0	0.00892980486392173	0	0	0	0	0	0	0	0	0	0	0	0.0838683831199337
0	0	0	0	0	0	0	0	0.017501882228212	0	0	0	0	0	0	0	0	0	0.0286046408510475	0	0	0.174671720922538	0	0	0	0	0	0.0573572709114723	0.0430279757152052	0	0	0	0	0.0156844411766388	0	0.0319458081681742	0	0	0	0.199827810212002	0.0251901875897182	0	0	0	0	0	0.152655022559521	0	0	0	0.0284781220300332	0	0	0	0	0	0	0	0	0.0810122213896604	0	0	0.0548597349014449	0	0	0	0.000454208921778546	0.0177635003136725	0	0	0	0	0.00341783598392871	0	0	0	0.00227452676201925	0	0.0400545136311241	0	0	0	0	0.00153820908674647	0	0.0236803666450628
0.0743330262303014	0	0	0	0	0	0	0	0	0	0.00770852030043103	0	0	0	0	0	0	0.137545242821826	0.0142885201559945	0	0	0	0.069402058026531	0	0	0	0	0	0	0	0	0	0	0	0.0154794192085099	0	0	0.00398586655256945	0.0642399557739287	0	0	0.0350922171275936	0	0	0	0.0297204887147792	0	0	0	0	0	0	0	0	0	0	0	0	0	0.0162523068104654	0	0.0528287189969673	0	0.0392711051868208	0	0.00961620526961573	0	0.05468713847325	0	0	0.14913211293818	0.0377850389763228	0	0	0.0292840978882884	0.0667379315912795	0	0	0.0876771222688695	0	0	0	0	0	0	0.00493290668747524
0	0.0447596798733875	0	0.0317948690161446	0	0	0	0.0256807586692351	0	0	0	0	0	0	0	0	0.0200949347764162	0.032959964500232	0.0206314224400006	0	0	0	0	0.0386253590154645	0	0	0	0	0	0	0	0	0	0	0.0643791108597184	0	0	0	0	0	0	0.00689382342667413	0	0	0	0	0.0157920129107702	0	0	0.095974418936829	0	0.107217913943953	0	0	0	0.0730754293796698	0	0	0	0.00836391240848312	0	0	0.00404089489183209	0.00674014469868886	0	0	0	0.242193105861074	0.0225293465369101	0.00243236642141355	0	0	0	0	0	0	0	0	0.0108236660700215	0	0	0	0.124996865363082	0	0	0
0	0.0227837710766026	0	0	0	0	0	0	0	0	0	0	0.000849399497825413	0	0	0	0	0.0327635296940912	0.0398215877635492	0	0	0.167751477288009	0	0	0	0.0361411043436677	0.0312586302324179	0	0	0	0	0	0	0	0.00209599334797951	0	0	0	0.0600575657558692	0.0671989792859698	0.0344840445003642	0.0134459634117782	0	0	0	0	0.0710955822608725	0	0	0	0	0.074361887773384	0	0	0	0	0	0	0.00129187504656145	0	0	0	0	0	0.0221422815573194	0	0	0	0	0	0.00896528470874557	0	0	0	0	0	0	0	0	0	0.313491042454993	0	0	0	0	0
0.0351090011966548	0.0198486662097091	0	0.31097703662345	0	0	0	0.102621127579091	0.0217200022280692	0.0650208552187448	0	0	0.0161608771556813	0	0	0	0	0	0	0	0	0.0214144147173958	0.0337362299754359	0.0195219771337526	0	0	0	0.0268569300146498	0	0	0	0.0177093787684969	0	0	0	0	0	0	0.0012274966274957	0	0.000605580394046182	0	0	0	0	0	0	0	0	0	0	0.0290962354697446	0	0	0	0	0	0	0	0	0	0	0	0.0308431203291286	0.0170227878225196	0	0	0	0.0086044204673556	0	0	0	0	0	0.083211527350094	0	0.0408668325786715	0	0	0	0.0978255021398123	0	0	0	0	0
0	0	0	0.0752240875042124	0	0	0	0	0	0	0	0	0	0	0	0	0	0.0791755137627473	0	0	0	0	0	0	0	0.016005053420645	0.0447653008613772	0	0	0	0	0	0	0	0	0	0	0	0.119561601073107	0	0	0	0	0	0	0	0.00232590040651314	0	0	0	0	0	0	0	0.0309603256236594	0	0	0.00864599452648815	0	0	0.0493842235627901	0	0	0.0222063326310676	0	0	0	0	0	0	0.0757089246275711	0.0375022607768111	0	0	0.0158383388609075	0	0	0	0	0.0508945464030846	0.371801595959018	0	0	0	0	0
0	0.0201931243523007	0	0	0	0	0	0	0	0.0228702290753224	0	0	0	0.041133682915289	0	0	0.0417873465713592	0.208832090945225	0	0.0443569161588432	0	0	0.0209016516224258	0	0	0.117352365324324	0	0	0	0	0	0	0	0	0	0	0	0	0.0864012629758855	0	0.00653060406178144	0.0113655757628941	0.0857132737223197	0	0	0	0.0141109955812477	0	0	0	0	0	0	0	0	0	0	0	0	0.00700483859782734	0	0	0.020839317744601	0	0	0	0	0	0	0.0149459267056499	0	0	0.0583754479334756	0.0444544861121273	0.110036019361182	0	0	0	0	0	0	0	0	0.0227948444759186	0	0
0	0.0211216009962958	0	0	0	0	0	0	0	0	0	0	0	0	0	0	0.0226292138861651	0	0	0	0.0251467029582296	0.0549227893842367	0.0631422695143291	0.0121216340782429	0	0	0	0.0305308947070301	0.0303687189020842	0	0	0	0	0	0.0120286308694904	0.0412071810545213	0	0.0723559351580373	0	0.00084184106819895	0	0	0	0	0	0	0.111360127489871	0	0	0	0	0.0798548672325603	0	0	0	0	0	0	0	0.0428392889899999	0	0.00536899789382224	0.0538447382954118	0.00891081363835898	0.00670879448999399	0	0	0	0	0	0.0370481106064247	0	0	0	0.0155862796294517	0	0	0	0	0	0.189383420304147	0	0	0.0626771488530967	0	0
0	0.00448359812920013	0	0	0	0.0683695663575045	0	0	0	0	0	0	0	0	0	0	0.0529617120954886	0	0.0032048208461295	0	0	0	0.0606581648728199	0	0	0	0	0	0	0	0	0.0895950534165509	0	0	0	0.00865788532647413	0	0.0653107221087205	0	0	0	0	0	0	0	0	0.0591545215978113	0	0.0374004197805992	0	0	0.0765976442985348	0	0.012780957522864	0	0	0	0.0363098913159204	0	0	0	0	0.108286755871424	0.0452326549671606	0	0	0	0	0	0.0170960579479707	0	0	0	0.0308764724182886	0.115196256872351	0	0	0	0	0.0966458230898058	0	0	0	0	0	0.0111810211643818
0.0325135034413409	0.010825838866831	0	0.194921510268266	0	0	0.0023612542213586	0	0	0.0851519130576065	0	0	0	0	0	0	0	0	0	0	0	0.0199985018957059	0	0	0	0	0	0.0137241600804582	0	0	0	0.00879835851948564	0	0	0	0.00177034490160236	0	0	0.0110850229250695	0.0602773169026947	0	0	0	0	0.0986438169515874	0.0231326752504265	0	0	0.300657948139435	0	0	0	0	0	0	0	0	0	0	0.0289039004104876	0	0	0.031009142774204	0	0	0	0	0	0	0	0	0	0	0	0	0	0	0	0	0	0	0	0	0	0	0.0762247913934401
0	0.0275221513674829	0.180630346628493	0	0	0	0.0354579542600916	0	0	0	0	0	0	0	0	0	0	0.00709414110017726	0	0.0389854163267207	0	0.0702826386763993	0.0241600760343566	0.00987680580136839	0	0	0.0902551207589593	0	0	0	0	0	0	0	0	0	0	0	0.0864879762611674	0	0.0433612638470641	0	0	0.0265606339301543	0	0	0	0	0	0	0	0	0	0	0.0433966538800822	0	0	0	0	0	0	0.017381081872153	0	0	0	0.00583754559544472	0	0	0	0	0.061937173961487	0	0.0591417474843191	0	0.0214404780413734	0	0	0	0	0	0	0	0.144046011522762	0	0.00614478264994442	0
0	0	0	0.0708571009206083	0	0	0	0	0.0473415802306729	0	0.0541580034442831	0	0	0	0	0	0	0	0	0	0.0125914847910864	0.104305407070962	0	0.0400318220121345	0	0	0	0	0	0	0.0756396307391111	0	0	0	0	0	0	0.0354046529876491	0	0.0287553469198261	0	0.0109049957053341	0	0	0	0.0726378631594693	0	0	0	0	0	0	0	0.00766253046425684	0	0	0	0	0	0	0	0.0320775964163772	0.0207853667085752	0	0.00615232551642836	0	0	0	0	0	0.272178480508314	0	0	0	0.0495468373120624	0	0	0	0	0	0	0	0	0.0119502537176184	0	0.0470187213752312
0	0	0	0	0	0	0	0	0.0115056139452793	0	0.00223049956860963	0	0	0.0454257236183139	0	0	0	0	0	0	0	0	0.0169350553245496	0	0	0	0.0792162845375359	0.0657067396379311	0.051613818310023	0	0.0355056502614401	0	0	0.0793554045747745	0	0	0	0	0	0	0.0349402169669553	0	0	0	0.0778108795190052	0	0	0	0	0	0	0.0284162789552557	0	0	0.0136948022082891	0	0	0	0	0	0.0569427092350673	0.0113010637673508	0	0	0	0	0	0	0.0538637764683805	0	0	0.0193227507932166	0	0	0.00801185397342432	0	0.00642583469225214	0	0.178989130260251	0	0	0	0	0	0	0.122785913382095
0.0173133063770116	0	0	0	0	0	0.0122502669139976	0	0	0	0.0264134350238258	0	0	0	0.0206446692911987	0	0	0.0228181273672689	0.0389185203994599	0	0	0.0684927439940121	0.0581697612946731	0	0	0.0548627952727223	0	0.025672934460447	0	0	0	0	0	0	0	0	0	0	0	0.0655597299424295	0.03098165938183	0.025449212510413	0	0	0	0	0	0	0	0	0.0196978296532297	0	0	0	0	0	0	0	0.0580005855175622	0.01856984511569	0	0	0	0	0	0	0	0	0.0487964120809989	0	0.151137426707127	0	0.0626860995782376	0	0.0390278189967997	0	0	0	0	0	0.118869614967122	0	0	0.0156672051539442	0	0
0	0	0	0	0	0	0	0.0878329287609453	0	0.00653520122633955	0	0	0	0.00321760910417928	0	0	0.0176849369083605	0	0.0536301722140916	0	0	0	0.0287873388339632	0.0102849858433192	0	0	0.095813905503121	0.0377051086077706	0	0	0	0	0	0.140895186795272	0.0280862439121057	0	0	0	0.0249366789776428	0.0739652961018769	0	0.0212587433509611	0	0	0.0432802590930182	0.0324958922878684	0.0253536819461104	0	0	0	0	0	0.00161808702755515	0	0	0.0205742848236438	0	0	0	0	0	0.0718512396434009	0	0	0	0	0.0602748545585882	0.0275950156107949	0.0176649120676534	0	0	0	0	0.0256247768071734	0	0	0.0430326599942449	0	0	0	0	0	0	0	0	0
0	0	0	0	0	0	0	0.0351947258221622	0.0247174938371263	0.0153773622070991	0.0479748367295084	0	0	0.0125154485704914	0	0	0.0449073738562194	0.0512944481004358	0.0311734571454209	0	0	0	0.0429164132719984	0	0	0.185645303061385	0	0.0118119610789306	0.0529733022818616	0.00740551245367267	0	0	0	0	0	0	0	0	0	0.0107119012117315	0	0	0.0512030304360174	0	0	0	0.0231030193332852	0	0	0	0	0	0	0	0	0	0	0	0	0.0187308279361445	0	0	0	0.0908392990475735	0	0	0	0	0.0229306617757681	0	0	0	0.0868266436979097	0.0326211575871584	0	0	0	0	0.0141163833328937	0.00293374099480335	0.0820756962304026	0	0	0	0	0
0	0	0	0.0484498610785071	0	0	0.00759445483583663	0.0372719841140238	0	0	0	0	0	0	0	0	0	0	0.019483642162082	0	0	0	0	0	0	0	0.0105830159268324	0	0	0	0	0	0	0.017444251948936	0	0	0	0.0286034337422625	0.237898048614427	0	0	0.048251228529537	0	0	0.0452270955732647	0	0.0708996402639613	0	0.112139260525996	0	0	0	0	0	0.00156832981699917	0	0	0	0	0	0	0	0	0.140383054863298	0.0159853625282578	0.0483174061658247	0.0353264690764185	0	0	0	0	0	0.0443458742509013	0.0231640145268253	0	0	0	0	0	0	0	0	0	0	0.00706357145580984	0
0	0	0	0	0	0.00113379121345668	0	0	0	0.112807500862594	0.140265221425899	0	0	0	0	0.000193417246498322	0	0	0.0199875409859527	0.00384965075770704	0	0.0530546096505582	0.0357704212223472	0.0360658538192283	0	0.0276986455504273	0	0	0	0	0	0.00243969725776037	0	0	0	0	0	0	0	0.0635968419835523	0	0	0.0604797346061793	0	0	0.00896274958850548	0	0	0	0	0	0	0	0.102521599967195	0	0	0	0	0	0.0889292203936493	0	0.0342034728349725	0.0373495918770596	0.00280317262392949	0	0	0	0	0.00373250430354563	0	0	0	0	0	0	0	0	0	0	0	0.147824397366132	0	0	0	0	0.0163303644628505
0	0	0	0	0	0	0	0	0	0.00904894327927355	0	0	0.00282252224479469	0	0	0	0	0.043617707621717	0	0	0	0.0451704960485212	0.0259632616348131	0.00990810522040432	0	0.0764954828240726	0	0	0.0382965450313796	0.042620063529645	0	0	0	0	0	0	0	0	0.00837285282843833	0.022581352687596	0	0	0	0	0.0738179265654524	0.0177205495142127	0.238806463140611	0	0	0	0	0	0	0	0.052066722223237	0	0	0	0	0	0.0230859395191014	0	0.0330117420538	0.115498984044529	0	0	0	0	0.0129654837326231	0.00629188505320322	0	0	0	0	0	0	0	0	0	0	0	0	0.101836971202575	0	0	0
0	0	0	0	0	0	0	0.0564181664424736	0	0.0722388523348675	0	0	0	0	0	0	0.00843706419843134	0	0.0305325339346616	0	0	0.139825028724664	0	0	0	0	0	0.0024727438934408	0	0	0	0.121090850998485	0	0	0.0169190117066829	0	0	0	0	0	0	0	0.0457096105346593	0	0	0	0	0	0	0	0	0.0394129182786007	0	0	0	0	0	0	0	0.0718493788235607	0	0	0.0494105832423123	0.10211028728093	0	0	0	0	0	0	0	0	0.11176561732499	0	0	0	0	0	0	0	0.111471048904402	0	0	0	0	0.020336303376838
0	0	0	0.0718294143619194	0	0	0	0	0	0.0256346695211386	0	0	0	0	0	0	0	0	0	0	0	0.266816903140867	0.0261536145203663	0	0	0	0.0186595531636091	0.0601927184742736	0	0	0.0201240595040744	0	0	0	0	0	0	0.0318749685291518	0.0282586756427578	0	0	0	0	0	0	0	0	0	0	0	0	0	0.00681162721598097	0	0.00376261370023847	0	0	0	0	0	0	0	0	0	0	0	0	0	0	0	0.00890228623243519	0	0	0	0	0	0	0	0.107342664573811	0	0.226484182318142	0	0	0.0429472040237963	0	0.0542048450774387
0	0	0	0.0624931294675519	0	0	0.00204185229737481	0	0	0	0	0	0.0277382424179169	0	0	0	0	0.0125722601379333	0	0	0	0.000755402920704887	0.042946172277359	0	0	0	0	0.0967933366665188	0.0416414887608907	0	0	0.0946497008791219	0	0	0	0	0	0	0	0	0.0427496625214851	0	0	0	0.0229412439039789	0	0.123888450069279	0	0	0	0	0	0	0	0	0	0	0	0	0	0.076673434192279	0	0	0	0	0	0	0.0312992399467975	0.0174433749935197	0	0	0	0	0	0	0	0	0	0	0	0.280601006625947	0	0.0227720019213423	0	0	0
0.0692783350291942	0.0112473180996953	0	0	0	0	0	0	0	0	0	0	0	0	0	0.0205351786296546	0	0	0.011366038497867	0	0.0039336695764839	0	0	0	0	0.0438976126169748	0	0.0612317150129126	0	0	0	0.0497468036357206	0	0.0275824670344896	0	0	0	0	0.161382569954617	0.030214734110614	0.0322514897126636	0	0	0	0	0.060343918173596	0.115621302560921	0	0	0	0	0	0	0	0	0	0	0	0	0	0.0755063478166119	0.0248462730902905	0.0219933401230684	0	0	0	0	0.0524238387081024	0	0	0	0	0	0	0	0	0	0	0.0763652963267864	0	0	0	0.00407583066835674	0	0	0.0461559206213795
0	0	0	0.0517988867613668	0	0	0.0497477321002964	0	0.0807968347309246	0.0232814217286183	0.00259334784180338	0	0	0	0	0	0	0	0.0272836176286437	0	0	0.0740626418587529	0.00244741510591733	0.0159714595501022	0	0	0.0272064671062994	0	0.0109624235040084	0	0	0	0	0	0	0	0	0	0	0.104426520851851	0	0.0253694679365242	0	0	0	0	0	0	0	0	0	0	0	0.00961569347579283	0.0805111337409661	0	0	0	0	0	0	0	0	0	0	0	0.0224160717677728	0.138064505685682	0	0	0	0	0	0.0391341166889617	0	0.11164688684562	0	0	0	0.0388313057238114	0	0	0	0	0	0.0638320493662849
0.0379336588368488	0	0	0	0	0	0	0	0.0304591133389649	0.0271534771436926	0	0	0	0	0	0	0.0275129625700181	0	0.0484298295537627	0	0.0214082167854095	0.0429842340862054	0.0450790759589997	0	0	0	0	0	0	0	0.02379051070918	0	0	0	0	0.0237722645159856	0	0	0	0	0.0314480678460934	0	0.0313084890951455	0	0.0054319125546029	0.0623551731402825	0.00870128413275155	0	0	0	0	0	0	0	0	0	0	0	0.00130113098534236	0.0216183309975136	0	0.0170381835827207	0.102920114617223	0.106642851013452	0	0	0	0	0	0	0.0252290125775556	0	0	0.00701675663856826	0	0	0.0458611083480175	0	0	0.0657962737334665	0.138807967238197	0	0	0	0	0
0.0153707821578898	0	0	0	0	0	0	0	0.00461850514512274	0	0	0	0	0	0	0	0	0	0	0	0	0.095365933089852	0.118551032264361	0.0228499762379359	0	0	0	0	0	0	0	0.0083888217648717	0	0.0812350074589469	0.0060929334693375	0	0	0.145154165131059	0	0.17135695710465	0	0	0.033271121766841	0	0	0	0.0238629103162985	0	0	0	0	0.0067158827598751	0	0	0	0	0	0	0	0.0183937412950658	0	0.0113458655540322	0.00635150576161519	0.0666224630362584	0	0	0	0	0	0	0	0	0.026140037245605	0	0.0290445910026227	0.105201396840097	0	0.00406637059766267	0	0	0	0	0	0	0	0
0.0314976666747953	0.0150384838514755	0	0	0	0	0.0703333522122713	0	0	0	0.130032545514652	0	0	0	0	0	0	0.0848683521059716	0.0152558221855067	0	0	0.0293526227875887	0	0	0	0.0201852367262561	0	0	0	0	0	0	0.0345597996647594	0	0	0	0	0	0	0.040262917746694	0	0	0	0	0	0.0169166212743255	0	0	0	0	0	0	0	0	0.0522104300901758	0	0	0	0	0	0.112144634016302	0.0681893583997817	0.00387210707923911	0	0	0	0.0758425145236863	0	0.0198869579290841	0	0.162295764852741	0	0	0	0	0	0	0	0	0	0.0172548123646946	0	0	0	0	0
0	0.0123929962123997	0.0762912910588022	0.104492410004552	0	0	0	0	0.12955892485338	0	0	0	0	0	0	0	0	0.0551577668762237	0	0	0	0	0	0	0	0	0	0	0.0404704590548272	0	0.0329853962359551	0	0	0	0	0.0459865431108821	0	0.0288844318935311	0.0841569394780428	0.0679643366476355	0	0	0	0	0	0	0.0341803645172054	0	0	0	0.000853841898371119	0	0	0	0	0	0	0	0	0.0250449788458155	0.107734153877179	0	0	0	0	0	0	0	0.0280776279816551	0	0	0	0	0	0.007363032074303	0	0	0	0	0.0136624213431402	0	0	0	0	0	0.104742084036098
0.0622186511136969	0.00506436604959118	0	0	0	0	0	0	0	0.0167409304646271	0	0	0	0	0	0	0	0	0.013117939158059	0	0	0.0938474393773384	0.0191872227911973	0	0	0	0	0	0.00127900655803	0	0	0	0.00639504316738265	0.0669151043657153	0	0	0	0	0	0.0057465790403651	0	0	0	0	0	0	0	0	0	0	0	0.203705819462427	0	0	0	0	0	0	0	0	0	0	0	0.0289947558942184	0	0	0	0.214671313804699	0	0	0	0	0	0	0	0	0.0250077836993871	0.000562912197178062	0	0	0	0	0	0	0	0.236545132856088
0.0504426979542517	0	0	0	0	0	0	0	0	0	0	0	0	0	0	0	0	0.111684700290261	0.00400415140523819	0	0	0.16591428580949	0.0462309338694641	0	0	0	0.0157660581137663	0	0	0	0	0.0107292925137489	0	0	0	0	0	0	0	0.0582000893917123	0	0	0.172507774158915	0	0	0.0394002937707651	0.168606019237516	0	0	0	0	0	0	0	0	0	0	0	0	0	0	0	0	0	0.0364206319073934	0	0	0	0	0	0	0	0	0	0	0	0	0	0	0	0.0679984442092591	0	0.00298346535958854	0.04911116200863	0	0
0	0	0.153615242381631	0.0641877291097132	0	0	0	0.0768791416413752	0	0	0.00860831249788238	0	0.0375821434419119	0.00588153511349975	0	0	0	0	0	0	0	0.013418132086382	0.0280541003913388	0	0	0	0	0.0717987578138938	0	0	0	0	0	0	0	0.00404085533824097	0	0	0.00653958640266261	0	0	0.0388188553547347	0.131850056027134	0	0	0	0.19120495621287	0	0	0	0	0	0	0	0	0	0	0.0293768391637337	0.00132972086245008	0	0	0	0.000143988125783005	0.0376745714420789	0	0	0	0	0	0.0108921481035294	0	0	0	0	0	0	0	0	0	0	0	0	0	0.013198814254787	0.0126039058758717	0.0623006083584958
0	0.000669188316602938	0	0	0	0	0	0	0	0.0637551573434881	0	0	0	0.0322747034750716	0	0	0.0337573322152904	0	0	0	0	0.146881608435195	0.00353208284851108	0.0473843741445217	0	0	0.0302081112186259	0	0	0	0	0	0	0	0.0228602114184533	0	0	0	0	0	0	0	0	0	0	0.0531909182236084	0.0677956071732239	0	0	0	0	0.0736186241175109	0	0	0.0104595712109676	0	0	0.0601284392841916	0.00117262216509931	0.108825231631668	0	0	0	0.076955277426765	0	0	0	0.027631012942571	0	0	0	0.0517159430187712	0	0	0	0	0	0	0	0	0	0	0	0	0.00543348058337321	0.0817505028064892
0	0	0.0306363770094521	0	0	0	0	0	0	0	0	0	0.00500376938574302	0	0	0	0	0.0442196428703181	0.0225313106577608	0	0.00132702481555787	0.0462899578413138	0.0804583302807091	0	0	0	0	0	0	0	0.0239537231866796	0	0	0	0	0	0	0	0	0.0153503344068429	0.0697051531968248	0.00923513567857419	0.0808677210384529	0	0.0526699019968633	0.00685944722487612	0.022223854473374	0	0	0	0	0	0	0	0	0	0	0	0	0	0	0	0.101992040121133	0	0	0	0	0	0	0	0.0388896149172444	0	0.0615033700355288	0.107544828665276	0.0414294439318684	0	0.0143561566810559	0	0	0	0	0	0	0.122952861584551	0	0
0.0607246150702278	0	0	0.0735278658237615	0	0	0	0	0	0	0	0	0	0	0	0	0	0	0	0	0	0	0	0	0	0	0	0	0	0	0	0	0	0	0	0.00565997222381882	0	0	0.217739423670438	0	0.0566688545339634	0	0	0	0.0570153552931537	0	0	0	0	0	0	0	0	0	0.0422858091838219	0	0	0	0	0	0	0	0.0175220540921077	0	0	0	0	0	0	0	0	0	0.0678102649608879	0.0101879236435077	0	0	0	0	0.191364808263937	0.114139838455712	0.000758579699089027	0	0	0.0845946350855724	0	0
0	0	0	0	0	0.0343783296324112	0.0627137544691465	0.0095713141123851	0.0940418170341852	0	0	0	0	0	0	0	0	0.00176837648258134	0.0534215267880768	0	0	0	0	0.0178566464460625	0	0	0	0	0.0822483888535225	0	0	0	0	0	0	0	0	0	0	0	0	0.00558821066541669	0	0	0	0	0	0	0	0	0	0	0	0	0.00497996037465156	0.0557802993800882	0	0.0114639694393056	0	0	0.00120350542384508	0	0.0162157082139292	0.0503065393732115	0	0	0	0	0	0	0.0375903258513665	0	0	0.0456371488811895	0	0	0	0	0	0	0.415234178578625	0	0	0	0	0
0.0169523433114714	0.0323458277384079	0	0	0	0	0.0257688009700569	0	0	0.0340006969775725	0	0	0	0	0	0	0	0.0612074320429357	0.0376834836840351	0	0	0.0714788167737136	0.0288727201336833	0	0	0	0	0	0.0380516255915083	0.0348703168220232	0	0.00215357100711667	0	0	0	0	0	0.0203796052510605	0	0.102526546513635	0.0455250007097284	0	0	0	0	0	0.0847171432059374	0	0	0	0	0	0	0	0	0	0.0101983563963815	0	0	0	0	0	0.0180549392475307	0	0	0	0	0	0	0	0	0	0	0	0	0	0	0	0	0.117760216881883	0.217452556741319	0	0	0	0	0
0	0	0	0	0	0.0200812497183105	0	0	0.118890236119473	0	0	0	0	0	0	0	0.0580836776488935	0	0	0	0	0.00421796849304215	0.00917235918892847	0	0	0	0	0	0.068542941549954	0	0.0191289418720711	0	0	0.130595925399014	0	0	0	0	0	0.0102391084773833	0	0	0.110932039324337	0	0	0.058462994625221	0.112108433555639	0	0	0	0	0	0	0.00955314663158935	0	0	0	0.00533848869988848	0	0.0508961379648539	0	0	0.0800975055387322	0.0116709525394997	0	0	0	0	0	0	0	0	0	0	0	0	0	0.0299788804764254	0	0	0	0	0	0	0	0.0920090121767447
0	0	0	0.0662824684653063	0	0	0	0	0	0	0	0	0.018586631078768	0.00578223051660343	0	0	0.00904490429236836	0.0529456383861551	0.0359664294852717	0	0	0.180610504134652	0.0128014640811154	0	0	0	0.0751867476224867	0.0426894531226469	0	0	0	0	0	0	0	0	0.0128133409507238	0	0	0.116910376869007	0	0	0	0	0	0	0	0	0	0	0	0	0	0	0	0	0	0	0	0	0.0879730959713163	0	0	0	0	0	0	0	0.0379001416252897	0	0.0447859770752817	0	0	0.0641560533291512	0	0	0.0419014021512553	0	0	0	0	0	0	0.0936631408426016	0	0
0	0.00247680563294931	0	0	0	0	0	0	0.0613005642239327	0.0566639295354988	0	0	0.00532800678935847	0	0	0	0	0.0367711037286312	0	0	0	0.108739416561982	0	0.0115831926230257	0	0	0	0	0	0	0	0	0	0	0	0	0	0.0911265852186991	0.174850797770725	0	0.0188897436912199	0	0.0436292122905948	0	0	0	0.112227913484353	0	0	0	0	0	0.0399038086139341	0	0.0252534002383452	0	0	0	0	0	0	0	0.0154686567166278	0.0339051933134859	0	0	0	0	0.0140651517283013	0	0	0	0	0	0.0169430663636427	0	0.0160980007402438	0	0	0	0.0870448270220383	0	0.0163875845011467	0.0113430392112644	0	0
0	0	0.0540933296869493	0	0	0	0.023167616601971	0	0	0	0.0435900254396523	0	0	0	0	0	0	0.016503898516371	0.0124937889165796	0	0	0.0744794212967906	0	0	0	0	0.055483796022518	0	0.0181380119576482	0	0	0	0	0	0	0	0	0	0.271553971849608	0	0	0	0	0	0	0	0	0	0	0	0	0	0	0.0528983536618661	0.0526098585040258	0	0	0.0108141785315396	0	0	0.0680503962321926	0	0.0263183336184131	0.0218263462916784	0	0	0.0984129828384151	0	0	0	0	0	0	0	0	0.0568667091524955	0	0	0	0	0	0	0.0426989808812856	0	0	0
0	0.00861856142710738	0	0	0	0	0	0	0	0	0	0	0.00113383135508257	0	0	0.00916610920264744	0.00235562292830882	0	0	0	0	0	0	0	0	0	0	0.0567924184323412	0.0165332662257483	0	0	0	0	0	0	0	0	0	0	0	0	0	0	0	0	0	0.088688938051643	0	0	0	0	0.0765568989199523	0	0	0	0	0	0	0	0	0	0	0.0681605367845528	0.045235167906676	0.0273522229414557	0	0.0856132569925929	0.112958609652816	0	0	0.0164008987295554	0	0	0	0.0292090910987509	0	0	0	0	0	0.252144138950338	0	0.0093195894836486	0.00936919393916343	0.0298813361069039	0.0545103108707158
0	0.0452809485486175	0	0	0	0.00652726684293848	0	0	0	0	0.123268898116034	0	0	0	0	0	0	0	0.0387612623473839	0	0.0613052224960922	0.104671888112378	0.040049969559878	0	0	0.00838967904496604	0	0	0	0	0	0.185677674589725	0	0	0	0	0	0	0	0.060360453605129	0	0.0725837815614907	0	0	0	0	0	0	0	0	0	0	0	0.0745485269936826	0	0	0	0	0	0	0	0	0	0	0	0	0	0	0	0	0.00222024099437924	0	0.0184364900511401	0	0	0	0	0	0	0	0.0371206640493777	0	0.0711976930121767	0.0495993400746112	0	0
0.0279552421624643	0	0	0.0103287726344075	0	0	0.012665432252219	0.0229893940663484	0	0.125379273684681	0	0	0	0	0	0	0	0.0747072729367853	0	0.0145680890052168	0	0	0.0353287386614287	0.0298950190592998	0	0	0.0211295865545772	0.0687808672811655	0.0478402454024167	0	0	0.0784604114986032	0	0	0	0	0	0	0	0	0	0	0.0677631922533352	0.0320548937803346	0	0	0	0	0	0	0	0	0	0	0	0	0	0	0	0	0.0446093046972546	0.000537043948051076	0	0	0	0	0	0	0	0	0	0	0	0.0525213667074453	0	0	0	0	0	0.1265751380927	0	0	0	0.0280342314992704	0	0.0778764838219962
0.0205342264955006	0.0310055854842476	0	0	0	0	0	0.0290829348922727	0	0	0	0	0	0.0175353788721352	0	0	0	0	0	0	0	0.0112339692211353	0	0.0116544523868665	0	0	0.0343578482049889	0	0.0318374216099511	0	0	0	0.080622967090517	0	0	0.0227186528093748	0	0	0.0799400741467319	0	0	0.0250713006275471	0	0	0	0.0348970086987459	0.0724554076771675	0	0	0	0	0	0	0	0	0	0	0.00944774868271	0	0	0	0.0344379109074822	0	0.0258161143989315	0.0103161302927093	0	0	0	0	0	0	0	0.0804593779893502	0.0456864908308372	0.0538174771262049	0	0	0	0	0	0	0	0.0227110203823588	0.0140141814557985	0	0.200346319716435
0	0	0	0	0	0	0.0501430161706982	0.0253292267581718	0	0.0619110317103127	0	0	0	0	0	0	0	0	0	0	0	0.146741319523858	0.0319468553412117	0	0	0	0.0603951011708369	0.134598810300807	0	0	0	0.0545253678912678	0	0	0	0	0	0	0	0.11520565463539	0.037588667021996	0	0.0112214910062339	0	0.0178541969604539	0	0	0	0	0	0	0	0	0	0.0169773806559347	0	0.0471192266828952	0	0	0.0165151978690999	0	0.00550961290560336	0.0090844001315493	0	0	0	0	0	0	0	0	0	0.0367465770166596	0	0	0	0.0317918143352126	0.0509101019205861	0	0	0.00625767307356338	0	0	0.0316272769176573	0	0
0.0849253841090235	0.0114259941600923	0	0	0	0	0	0	0.00394967343206413	0.0432674944653226	0.0666994570828137	0	0	0	0	0	0.0321854740943044	0	0	0	0	0.124417959551957	0.00431434873831295	0	0	0	0	0	0.00388751013834884	0	0	0	0	0	0.0365369385240068	0.00506017218647829	0	0	0.0284992678532573	0	0.0429261810936728	0	0.0409772351130213	0	0	0	0	0	0	0	0	0	0	0	0	0	0	0	0	0.102989258560977	0	0	0.0387935982852871	0	0	0	0.00384388085163499	0.0169685238059537	0.0371491524479194	0	0	0	0.0966105945395645	0	0	0	0.0149439683561624	0	0	0.101051697505334	0	0	0	0.0292391519194088	0	0.0293370831850811
0	0.0367008484333002	0	0	0	0	0	0	0.0384606651978831	0	0.102779984745279	0.101877053297078	0	0	0	0.00440155476144207	0	0	0.00226089880415026	0	0	0	0	0	0	0	0	0.036949100880985	0	0	0.0756041844305619	0	0	0	0	0	0	0	0	0.037295192786611	0.0264695005519397	0.0487592329142221	0	0	0	0	0	0	0	0	0	0.102471891520487	0.00229552676089876	0.00828761998128556	0	0	0	0	0	0.033089263997046	0	0.0236753323970864	0	0.0537830265108978	0.0200778596370085	0	0	0.0915174204751548	0.00378714585779902	0	0	0	0	0.0107699037712691	0	0	0	0	0	0	0	0	0	0	0.0805399661682119	0.0581468261194034
0	0	0.104283929178044	0	0	0	0.0833989106262957	0	0	0	0	0	0	0	0	0	0	0.0548453733869231	0	0	0	0.162389991260922	0	0	0	0	0	0	0.00258997300323956	0	0	0	0	0	0	0	0	0	0.080962478237446	0	0.0283610693599151	0	0	0	0	0.0367027445882164	0	0	0	0	0	0	0	0	0	0	0	0	0.0270330321428806	0.11331010996851	0	0	0	0	0	0	0.076405238776716	0	0.0237077952920846	0	0.0942415949947102	0	0	0	0	0	0	0	0	0.01937709743917	0	0	0	0	0	0.0923906617449272
0	0	0	0	0	0	0	0.0245071775621568	0	0	0	0	0	0	0	0	0	0	0.0205164489678829	0	0	0.0632022453730022	0.00320422710937773	0	0	0	0	0.122183654442551	0.0240262599547733	0	0.00611385693376225	0	0	0	0.000529343570045208	0.0190262871300381	0	0	0.201319846009245	0	0	0	0	0	0	0.0317270642144628	0.0445536360217556	0	0	0	0	0	0	0	0	0	0	0	0	0	0	0.0155185988397975	0.0333373585927198	0	0	0	0	0	0	0.0506411251178493	0	0	0.0312225193177885	0.0490933802192365	0	0	0	0	0.192660669574793	0	0	0	0	0.0666163010487631	0	0
0	0.00792300614927297	0	0	0	0	0.0813362190193553	0	0	0.00385474275149773	0	0	0	0	0	0	0	0	0.015412491196916	0	0.0515812725095859	0.183029869703378	0.0149507923623067	0	0	0	0.0475169712398843	0	0	0.00258823226607312	0	0	0	0.0747697151638389	0	0	0.0400223541871631	0	0.0137684678905051	0	0.0901431615142725	0.0264319251336858	0	0	0	0.00525947750853619	0	0	0	0	0	0	0	0	0	0	0	0	0	0	0.0395722459080871	0.0500257448578539	0	0	0	0	0	0	0	0	0	0	0.0332401698346629	0	0	0	0.0250187635177893	0.024859197427761	0	0.15738151192754	0	0	0	0.011313667930034	0	0
0.0214845547000405	0.0187538924122646	0	0	0	0	0.000168675873157512	0	0	0.0388345237859306	0	0	0	0	0	0	0	0.169137623359598	0	0.00659595556884682	0	0.00536952137965329	0.0278672905196224	0	0	0.0186324052729821	0	0	0	0	0	0	0	0	0	0	0	0	0	0	0	0	0	0	0	0	0	0	0	0	0	0.157502534513947	0.00404173598259872	0	0	0	0	0	0	0.100395109592427	0	0.00327543679013639	0	0	0	0.00331201944083565	0	0	0.0265019983186266	0	0	0	0.156150351025049	0	0.0904399470592118	0	0	0	0	0	0.0832576790257778	0	0	0.0659290153288201	0.000740386758724425	0.00160934329174927
0	0	0	0.0777982632565863	0	0	0	0	0	0	0	0	0	0	0	0	0	0	0.000176177009892231	0	0.140003679542227	0.0262375090644207	0	0.00922415628804104	0	0	0	0	0.0592624440511351	0	0	0	0	0.0814830725903338	0	0	0	0	0	0	0	0	0	0	0	0	0.192355786328302	0	0	0	0	0	0	0	0	0	0	0	0	0	0	0	0	0	0	0	0	0	0	0	0.00232080992695096	0	0	0	0	0.0376135027172462	0	0	0.276152460062321	0.0484046873989183	0	0	0	0	0	0.0489674517636255
0	0.0160309117018447	0	0.0461977207196185	0	0	0.0554755650558283	0	0.0773745179347297	0	0	0	0	0	0	0	0	0	0.0143636865378667	0	0	0.0771066628222833	0.00207042431777556	0	0	0	0	0	0	0	0	0	0	0	0	0	0	0	0	0	0	0	0	0	0.0481930452578965	0	0	0	0.0392662788664487	0	0	0	0	0	0.105897971931024	0	0	0	0	0	0.0571810934998896	0	0.0161886133072954	0.078975492586416	0	0	0	0	0.00407597767221781	0	0	0	0	0	0	0	0	0	0	0.0723221291182387	0.211715801915775	0	0	0.0209962210972972	0	0.0565678856575536
0	0	0	0	0	0	0	0	0	0	0	0	0	0	0	0	0	0.0611617668935567	0.00839600842912097	0	0.0375445531295686	0.184228720234186	0.0289428484973204	0	0	0	0	0	0	0	0	0.00723569582738916	0	0	0	0	0	0.010401235520724	0	0	0	0.00993757427236781	0	0	0	0	0.0205173718881247	0	0	0	0	0.227298467754027	0	0	0	0	0.108075188184366	0.00588293657080153	0	0	0	0.0685375344483487	0.0339576881822743	0	0	0	0	0	0.0123104161904663	0.0157686109060278	0.000470929252891515	0	0.0600361775199092	0	0	0	0	0	0	0.0967460315800064	0	0	0	0	0.00255024471852296	0
