0.000000000000000000e+00 3.202309885649457649e-02 9.679766800655991155e-01 2.210779062805389459e-07
2.913570473696230345e-01 2.269462235469563507e-02 6.859483142859558180e-01 1.598972554186475869e-08
9.999988732701189376e-01 0.000000000000000000e+00 0.000000000000000000e+00 1.126729881154429376e-06
7.991251137542110250e-01 2.004154906174125672e-01 0.000000000000000000e+00 4.593956283765005476e-04
9.999672183370688083e-01 1.033344235666100539e-06 3.171524536147250350e-05 3.307333411178005451e-08
9.996573080425471547e-01 1.476056494715505084e-05 3.278710845629415342e-04 6.030794282760886826e-08
2.707201986346302047e-01 2.335551159704004134e-02 7.059242660321568552e-01 2.373617278111745226e-08
9.936316489070793345e-01 2.038602420977792050e-04 6.164310699751441788e-03 1.801510714733991992e-07
9.997185147701929120e-01 8.948863041813537946e-06 2.723346511993214613e-04 2.017155658908164126e-07
1.532106008842165079e-01 2.711871957399147534e-02 8.196706133097787506e-01 6.623201326687240877e-08
9.999988646701710726e-01 0.000000000000000000e+00 0.000000000000000000e+00 1.135329828868148368e-06
9.999623257536109922e-01 1.072224932112296769e-06 3.645161374835663518e-05 1.504077085676101506e-07
0.000000000000000000e+00 3.201395045688138624e-02 9.679801118279750538e-01 5.937715143560894528e-06
3.112017515879432206e-01 2.205905396812227887e-02 6.667391888232906405e-01 5.620643896907904719e-09
9.999999021905929819e-01 0.000000000000000000e+00 0.000000000000000000e+00 9.780940695504348139e-08
3.152413956205963874e-01 2.192967862199207349e-02 6.628289095362265293e-01 1.622118510388468954e-08
9.999986411434592659e-01 0.000000000000000000e+00 0.000000000000000000e+00 1.358856540710859406e-06
9.994943851762471132e-01 2.143302072295939274e-05 4.841121326730896124e-04 6.967035671909778788e-08
2.902111407238490148e-01 2.273134487327751682e-02 6.870574868051457784e-01 2.759772774020813876e-08
