3.803932697280496683e-02 2.730555193461778885e-01 2.370207359388241397e-01 1.388207932497895480e-01 3.130636244924034362e-01
2.222208957277703179e-01 2.471441898776568780e-01 1.380225151205922707e-01 1.289375981293161832e-01 2.636748011446642392e-01
7.649124038385922419e-02 3.073363480176412588e-01 1.545055591835119424e-01 2.278221350997406136e-01 2.338447173152469749e-01
1.774515499381090766e-01 3.282891442411814409e-01 6.029188457999011541e-02 8.249327550864146708e-02 3.514741457320779694e-01
1.097233890606409273e-01 2.413927111692059091e-01 1.974980020438993067e-01 2.283174032014924082e-01 2.230684945247615458e-01
1.197991299282913924e-01 4.938475103582763426e-01 0.000000000000000000e+00 0.000000000000000000e+00 3.863533597134323760e-01
2.031032983491334876e-01 1.997302803682358963e-01 1.945914238931062412e-01 1.922080358234972697e-01 2.103669615660271608e-01
2.220967826964974634e-01 1.432022510480398803e-01 1.994664661578259279e-01 2.364197308702335742e-01 1.988147692274031819e-01
1.694727931914372931e-01 2.191323334061590633e-01 1.507638695943111506e-01 2.265068158705207946e-01 2.341241879375717538e-01
4.380994784817214827e-01 1.868765721258986157e-01 1.034913431899423114e-01 0.000000000000000000e+00 2.715326062024376319e-01
2.169882142066576758e-01 2.034819784334814252e-01 1.757644341897132145e-01 1.771381569392651567e-01 2.266272162308825278e-01
1.397938102397481563e-01 2.168099406005888075e-01 1.788040196236724277e-01 2.034869023740966676e-01 2.611053271618938298e-01
2.164008176396219063e-01 1.944124748331153285e-01 2.284863917156084168e-01 1.931540354497032763e-01 1.675462803619510999e-01
9.336074395449597829e-02 2.752944860635641589e-01 1.736487964796454841e-01 2.039458724246201171e-01 2.537501010776742616e-01
2.102194737173623262e-01 1.946928135842004026e-01 1.864801922218765617e-01 1.736707755077604165e-01 2.349367449688002374e-01
2.385144680873372558e-01 2.623710594463296020e-01 1.308034312504554042e-01 1.330097540948730339e-01 2.353012871210046764e-01
3.621339308855740513e-01 2.016988701621803270e-01 1.853765971541541935e-01 0.000000000000000000e+00 2.507906017980913171e-01
6.356604194494733240e-02 4.836159219868941817e-01 0.000000000000000000e+00 7.817051204280814347e-02 3.746475240253503425e-01
1.810937161142943119e-01 3.617394984170033689e-01 3.007517325197472946e-02 1.839846209439406979e-02 4.086931501223333707e-01
1.847298462699654975e-01 2.013304572577290508e-01 1.989399408306647965e-01 1.967814903717985120e-01 2.182182652698420600e-01
1.894462328761741532e-01 2.367271175173346620e-01 1.062356286086843793e-01 1.009134324837048791e-01 3.666775885141019820e-01
1.523332723942624756e-01 3.142693382653358181e-01 1.721907727618164352e-01 1.842798337317568258e-01 1.769267828468284176e-01
2.200929029410531590e-01 2.769998811697040320e-01 1.160964855784792776e-01 1.115074037045151734e-01 2.753033266062482332e-01
2.000415289765457016e-01 2.277434766468171556e-01 1.434474992393626192e-01 1.852746068809771329e-01 2.434928882562975572e-01
6.375315445827246796e-02 2.477617226413392770e-01 2.100518831352176652e-01 2.767767608722614403e-01 2.016564788929091634e-01
1.131800159695030283e-01 2.519452284615580906e-01 1.350956549157438513e-01 2.942736199167877986e-01 2.055054807364072311e-01
1.638643012820940326e-01 2.754443728894706567e-01 1.104810259321453714e-01 2.011265515718176078e-01 2.490837483244723594e-01
2.327434101501927588e-01 2.417106841041625487e-01 1.441806253986490371e-01 1.343857147149442599e-01 2.469795656320515065e-01
1.427385910068487695e-01 2.708079885405473841e-01 1.420903632191802546e-01 2.494035032028926735e-01 1.949595540305307795e-01
1.020531915376578641e-01 2.433774255684416910e-01 2.734742484020353803e-01 2.241168831810020357e-01 1.569782513108630706e-01
1.009017671476192674e-01 2.723316218967942182e-01 1.966515949541757791e-01 2.133064542222005422e-01 2.168085617792103459e-01
6.870301525431025957e-02 4.522984534378927668e-01 0.000000000000000000e+00 6.720063572557832821e-02 4.117978955822185205e-01
1.126267825462428512e-01 2.605220752100967374e-01 2.119268314423758404e-01 2.288641519992310747e-01 1.860601588020534547e-01
1.263390958845262146e-01 2.520360945623725812e-01 1.985002064376905073e-01 1.688221016813274966e-01 2.543025014340831169e-01
8.583384317444610334e-02 2.544289265383946064e-01 1.032507947163689849e-01 2.848702183496496509e-01 2.716162172211407100e-01
2.042908896347386538e-01 2.174624550154733993e-01 1.745262724778888219e-01 1.978442213830231278e-01 2.058761614888759972e-01
2.051209603387445235e-01 2.105459114784038466e-01 1.724588024950920451e-01 1.809562038204999279e-01 2.309181218672596569e-01
1.679784123896926606e-01 2.307931148280017997e-01 1.321952854997452409e-01 1.269562942510503445e-01 3.420768930315098988e-01
2.278072203543617114e-01 2.295455339741481193e-01 1.496754974595055077e-01 1.211075484705430444e-01 2.718641997414416034e-01
1.567831084091587668e-01 4.066069612299402225e-01 5.661962883121959833e-02 6.738277806549046456e-02 3.126075234641909617e-01
1.774080481309558421e-01 2.693055250717608651e-01 1.221999175291858114e-01 1.313231439786251287e-01 2.997633652894723943e-01
2.077622303281075888e-01 2.417684136082487167e-01 1.846462050086815909e-01 9.522924827673555359e-02 2.705939027782265360e-01
2.053989936333993349e-01 3.131038695677420547e-01 1.589982853587231237e-01 3.810107627747291031e-02 2.843977751626626804e-01
2.221824161817946564e-01 2.451274640625164258e-01 1.416696508984982283e-01 1.314551196716084447e-01 2.595653491855823281e-01
1.889868839080552920e-01 2.568965077570115052e-01 9.793169892132801146e-02 1.065105466975277970e-01 3.496743627160773804e-01
2.243850885331671874e-01 2.182645760804561574e-01 1.806301081400092379e-01 1.408040866103085487e-01 2.359161406360587299e-01
2.804905455840219219e-01 3.372459399603938146e-01 2.295870128812193059e-02 3.905201822860551036e-02 3.202527949388568884e-01
2.140472687881205538e-01 1.767303622168871768e-01 1.692077654009469245e-01 2.004752368295067699e-01 2.395393667645385749e-01
1.896821507947972149e-02 2.003357595178951456e-01 2.205558528453058498e-01 3.801917146932318192e-01 1.799484578640875854e-01
1.176307198028289924e-01 2.808414797954565389e-01 1.448972746417730162e-01 1.888881446330575309e-01 2.677423811268838105e-01
1.290427986615642619e-01 2.768490341936065691e-01 8.030923492225552907e-02 2.526139486616755248e-01 2.611849835608980874e-01
2.293365102132810807e-01 2.410891001325835004e-01 1.463599219537763396e-01 1.357452641341772848e-01 2.474692035661817113e-01
2.260561344338597178e-01 2.399822809432594073e-01 1.458725159358353063e-01 1.379489224277078152e-01 2.501401462593376701e-01
1.148971663651046637e-01 2.460079094071491446e-01 2.122560278763271358e-01 2.185061000111355178e-01 2.083327963402835104e-01
2.276382843524003552e-01 1.746891554028821292e-01 1.958669037468755147e-01 2.068552670890577705e-01 1.949503894087840916e-01
1.503495359500811868e-01 2.945344161718357889e-01 1.543453825990615536e-01 1.801973788115428521e-01 2.205732864674786187e-01
1.899907092755613869e-01 2.472022212906845873e-01 1.586266169729616260e-01 1.446125656507011303e-01 2.595678868100914083e-01
2.130651457538869642e-01 2.119176370656342123e-01 1.999119624758152747e-01 1.666126041796306412e-01 2.084926505250329354e-01
1.434475131928622527e-01 1.858725172913417434e-01 2.034778385005499568e-01 2.330187571193831908e-01 2.341833738958629119e-01
1.248422361082103804e-01 3.161698272482166283e-01 5.374915108731807140e-02 1.035075450614725417e-01 4.017312404947822047e-01
6.037889677270247973e-02 2.936023484821911889e-01 1.202334048764073932e-01 2.889447856945330795e-01 2.368405641741658241e-01
6.487173202861654109e-02 2.831589653632810011e-01 9.755582846737534397e-02 2.352613923787497952e-01 3.191520817619772354e-01
2.415290511529756268e-01 2.392085266657873188e-01 1.293658879212100932e-01 1.221579824524563485e-01 2.677385518075707238e-01
2.047587170087139252e-01 2.692151970128462968e-01 1.459382172331901428e-01 1.457794353369145646e-01 2.343084334083351261e-01
2.250704705555617857e-01 2.512211830949599434e-01 1.247378862973932551e-01 1.245704080323498802e-01 2.744000520197352189e-01
1.497789601180913865e-01 2.378230934096735583e-01 1.545256413288216835e-01 1.478377183012752893e-01 3.100345868421379714e-01
1.471122436887296325e-01 3.211045001207872285e-01 8.199626433853453300e-02 1.801332469394002489e-01 2.696537449125483432e-01
1.869058627766505831e-01 1.802399667940845496e-01 2.064635651275797679e-01 1.883128509750421897e-01 2.380777543266428542e-01
1.154885803442432801e-01 2.328693767654307356e-01 1.823668891666694325e-01 2.117320574989598747e-01 2.575430962246966216e-01
2.074618492266806224e-01 1.859617969176922125e-01 2.243852036035391129e-01 1.804140655876099175e-01 2.017770846644780514e-01
2.907391355815143741e-01 2.018750610554690406e-01 1.641714384267608795e-01 3.759672557536559989e-02 3.056176393608901476e-01
2.064589570791395545e-01 2.413142657595736817e-01 9.377587144341045788e-02 9.276938697000920719e-02 3.656815187478670848e-01
2.354729350300485136e-01 2.095740541064872453e-01 1.995096702748463124e-01 9.845192367208202566e-02 2.569914169165359863e-01
2.266812107508948126e-01 2.176160252894460689e-01 1.197597337336605977e-01 1.540980451894205239e-01 2.818449850365780107e-01
2.118808321016673046e-01 2.505683519838722839e-01 1.197382155333339138e-01 1.013194472400532758e-01 3.164931531410731802e-01
2.119671303766308690e-01 2.938768311457191640e-01 9.528822262277288069e-02 1.236198059446929343e-01 2.752480099101841104e-01
1.338525840152415824e-01 2.373119020209313590e-01 1.908583432868234953e-01 2.101239790055249579e-01 2.278531916714785499e-01
2.457167418758446006e-03 3.121055316987555450e-01 1.261550958470378792e-01 2.601186931341361586e-01 2.991635119013120736e-01
2.078567069400080181e-01 2.201637643967113422e-01 1.405134870269204583e-01 2.432713332771834769e-01 1.881947083591768155e-01
2.274937706071022692e-01 1.977901860084472496e-01 1.974345698955176642e-01 1.640012389445000829e-01 2.132802345444327063e-01
1.240940377275976392e-01 4.082659054146440258e-01 1.216327083708570317e-01 4.347882016960481072e-02 3.025285283172963746e-01
1.995224932303618359e-01 2.321925650945690367e-01 1.642089404878402659e-01 2.291847716977985783e-01 1.748912294894302832e-01
2.313025500127408596e-01 3.394401332987629916e-01 5.376568400342624648e-02 3.162939665440153703e-02 3.438622360306683445e-01
7.788997885143078559e-02 2.828768345508455573e-01 1.094080305503771777e-01 2.700766986602885500e-01 2.597484573870578739e-01
1.104835726544286210e-02 2.607537518685283384e-01 1.255657515555798076e-01 4.251037042788978759e-01 1.775284350315510518e-01
1.846808251075778284e-01 2.434194345204656607e-01 1.721032406384558622e-01 1.855583363121616480e-01 2.142381634213390007e-01
6.701789220911227862e-02 3.048252955190354774e-01 8.856763055250067851e-02 2.392304809176220015e-01 3.003587008017295501e-01
7.731313234265142775e-02 2.785320812448844330e-01 1.538052304591392416e-01 1.930599624463061048e-01 2.972895935070188345e-01
2.138183488811438437e-01 2.196252397133720557e-01 1.661377722840157722e-01 1.547232116232292731e-01 2.456954274982389996e-01
2.721267630322553033e-01 3.768485242517964906e-01 0.000000000000000000e+00 0.000000000000000000e+00 3.510247127159482616e-01
2.159421929347838109e-01 3.793073405157705857e-01 0.000000000000000000e+00 0.000000000000000000e+00 4.047504665494454645e-01
1.477680698046584251e-01 2.199310869246671740e-01 1.723908215270397171e-01 2.318740031512640520e-01 2.280360185923705485e-01
1.004032209078992988e-01 2.367340140352870992e-01 1.822825892421756355e-01 2.863393908301831714e-01 1.942407849844547951e-01
1.220782574026419431e-01 2.664480646092263205e-01 1.363701207230754164e-01 2.579350644435888240e-01 2.171684928214674404e-01
1.334452656231105150e-01 2.662797802900048194e-01 1.627198114678359009e-01 2.253589988262854893e-01 2.121961437927633309e-01
9.083307798564929647e-02 2.895319268643031796e-01 1.679436954789951253e-01 2.140949705594546726e-01 2.375963291115977816e-01
1.628407783205035597e-01 3.916160494590682495e-01 1.161236635676533846e-01 6.125353673683452127e-02 2.681659719159402155e-01
1.507242481042745941e-01 3.231354856893287608e-01 5.222389393462649465e-02 1.496009899074723370e-01 3.243153823642977995e-01
2.093587260520758109e-01 2.219878633578393767e-01 1.730178790862413329e-01 1.577674387183503613e-01 2.378680927854931459e-01
1.459085060225019104e-01 3.170245335080689175e-01 5.505308429496098832e-02 1.232497571873380909e-01 3.587641189871300096e-01
2.496447975947386488e-01 3.733877452308528855e-01 0.000000000000000000e+00 1.098668482853175756e-03 3.758687886915553222e-01
1.599518493333383362e-01 2.350813020234749640e-01 1.460993093576907764e-01 1.413680225865007745e-01 3.174995166989951212e-01
2.291753993043291471e-01 2.408704262987340361e-01 1.436377275058090819e-01 1.340243990359026027e-01 2.522920478552252987e-01
4.476149413632816987e-02 3.063272661300370792e-01 1.510347770999341810e-01 2.562326786640155007e-01 2.416437839696849998e-01
7.207142382035504335e-02 2.445462863522527286e-01 1.864192070091557907e-01 2.932081023313571899e-01 2.037549804868793724e-01
2.249219977388876301e-01 2.246676192227131108e-01 1.694534613365669962e-01 1.504144550814477121e-01 2.305424666203844952e-01
2.102813318746312721e-01 3.651386779828494356e-01 0.000000000000000000e+00 0.000000000000000000e+00 4.245799901425193479e-01
7.580151361494852358e-02 3.312807908348784358e-01 5.504427916703542173e-02 2.120912785018854441e-01 3.257821378812521540e-01
2.263298227275979124e-01 1.996137668337739646e-01 1.764671098967992846e-01 1.805172714840188319e-01 2.170720290578099509e-01
2.099710131442521222e-01 1.944501647406019218e-01 1.998829396512695200e-01 1.880915099851479810e-01 2.076043724787285105e-01
1.517969125414438958e-01 1.926539095117701661e-01 1.913838651647001010e-01 1.734750937074831245e-01 2.906902190746027403e-01
2.165235345306208148e-01 4.164782637109484820e-01 0.000000000000000000e+00 0.000000000000000000e+00 3.669982017584307310e-01
2.439377790167174265e-01 2.587724821242980977e-01 1.232046621728276614e-01 1.177762891173150667e-01 2.563087875688417894e-01
2.336411566923094485e-01 4.376581548169138358e-01 0.000000000000000000e+00 0.000000000000000000e+00 3.287006884907766602e-01
2.073073439663175865e-01 1.998952848523135317e-01 2.649687790943024424e-01 1.947055000492056709e-01 1.331230920378608518e-01
1.076122236064641496e-01 3.796160163938449017e-01 5.151733505926432699e-02 1.107258358239276846e-01 3.505285891164988121e-01
8.226452717259609415e-02 3.059817953619071718e-01 1.795235404178702754e-01 2.263667092019854832e-01 2.058634278456409061e-01
1.979545825852576102e-01 3.327278630176517260e-01 4.441238355600016924e-02 0.000000000000000000e+00 4.249051708410906403e-01
2.199043628084698110e-01 1.763095264173127619e-01 1.827828501286541674e-01 2.327998898408942252e-01 1.882033708046689513e-01
1.734085586906882470e-01 2.466790414800152653e-01 1.964227305058393325e-01 2.145015759213354800e-01 1.689880934021217029e-01
1.735919286354478952e-01 2.028797330814725575e-01 1.933311071993902008e-01 2.016720477313677928e-01 2.285251833523214704e-01
1.869263636780703342e-01 3.799036418932764114e-01 5.427245240723185121e-02 4.478739734969475889e-02 3.341101446717267276e-01
2.109996147782580989e-01 3.756394727398598143e-01 0.000000000000000000e+00 0.000000000000000000e+00 4.133609124818822256e-01
1.319211255301173114e-01 3.457642918384585817e-01 6.456501716973915561e-02 1.218836156611707577e-01 3.358659498005142074e-01
1.158203355797105261e-01 2.834646332930030876e-01 1.866904891406488687e-01 1.756969319477545699e-01 2.383276100388829200e-01
1.111308508672314843e-01 2.781019591616767928e-01 1.040107008410995071e-01 2.174706260632978949e-01 2.892858630666942377e-01
1.037567916830995363e-01 2.668301794307798569e-01 1.917248534918200298e-01 2.424772669221865462e-01 1.952109084721140031e-01
9.631396949192130852e-02 2.901307851970594820e-01 1.631121099736437818e-01 2.069674140197783341e-01 2.434757213175970658e-01
1.585449636694524211e-01 2.055538726931656068e-01 1.934725229603581065e-01 1.879252209058073220e-01 2.545034197712165991e-01
2.315974546047449012e-01 2.517663226280913991e-01 1.349643164571160125e-01 1.259754871766158024e-01 2.556964191334318293e-01
2.086384262066935669e-01 3.468842898895176385e-01 5.895507664914199919e-02 3.486352701457972464e-02 3.506586802400671332e-01
2.416769352324879272e-01 2.643339232952632845e-01 1.144880602458719504e-01 1.135977624763738342e-01 2.659033187500028372e-01
7.077024616872011620e-02 2.923723765893011528e-01 1.157797330094155058e-01 2.696612924319157778e-01 2.514163518006473641e-01
1.936066762788159756e-01 1.974824474417354592e-01 1.810125114987568840e-01 2.119029319008411127e-01 2.159954328798505963e-01
2.027744647185127647e-01 3.464326450948160829e-01 1.048144542501891346e-01 4.877686737389844845e-02 2.972015685625836734e-01
4.977054273674839241e-02 1.772330943569637995e-01 2.359720657707135849e-01 3.184923130494199950e-01 2.185319840861542351e-01
1.185262753054808493e-01 2.510975118234886061e-01 1.379179222574197228e-01 2.258393877682562112e-01 2.666189028453546106e-01
1.976311763533898647e-01 1.668916683114431698e-01 1.972097552864865433e-01 2.270268678282856556e-01 2.112405322203947666e-01
2.051541762174466099e-01 2.116795131876916813e-01 2.041686119382247200e-01 1.830567006097635896e-01 1.959409980468734547e-01
2.231186110562158043e-01 2.022998578036213080e-01 1.942989695470654921e-01 1.797743202151204645e-01 2.005082413779770423e-01
5.923125177184771634e-02 3.063138523118018042e-01 1.854279815341315085e-01 2.354365370985847250e-01 2.135903772836342251e-01
1.266398223296781866e-01 3.291625317064202361e-01 8.175893729819376510e-02 1.332168529838000381e-01 3.292218556819077602e-01
1.894317329050438092e-01 1.840803782851574699e-01 1.660286445845640668e-01 2.408141186436421333e-01 2.196451255815925485e-01
1.011307309293553447e-01 2.425876945472758284e-01 1.861432028956838680e-01 2.316017538107339735e-01 2.385366178169509299e-01
8.477783161929566824e-02 3.329449460231551083e-01 1.642770818990518245e-01 1.635745273941934252e-01 2.544256130643040015e-01
1.721214691371766858e-02 2.590990193548982079e-01 1.585419143860032354e-01 3.457754780223565860e-01 2.193714413230243021e-01
1.593541774624314122e-01 2.490015567757439818e-01 1.816142170104869391e-01 1.893152822542155667e-01 2.207147664971220724e-01
1.769249537486899115e-01 2.175260412427198475e-01 2.483887485452823118e-01 1.669984455237243093e-01 1.901618109395837308e-01
1.399288278755648207e-01 2.355377842699117596e-01 1.493203253204329062e-01 2.329854327609679754e-01 2.422276297731225936e-01
2.079557940128610727e-01 4.002670784695089856e-01 0.000000000000000000e+00 0.000000000000000000e+00 3.917771275176299417e-01
7.400587449803813778e-02 3.102328323430136869e-01 1.312598373012033304e-01 1.888040970304238064e-01 2.956973588273211218e-01
1.268070807629520513e-01 2.519115014367561689e-01 1.831628793254101162e-01 2.236299607634108233e-01 2.144885777114707570e-01
2.409460798684480431e-01 1.680508267647435883e-01 2.214107243147804827e-01 2.249559583733894141e-01 1.446364106786383608e-01
2.048208266951674072e-01 1.691612410114166631e-01 2.151878753804430944e-01 2.350823934569020168e-01 1.757476634560708184e-01
1.300751178765588989e-01 2.336441763327802290e-01 2.111546155971337768e-01 1.702405035562322977e-01 2.548855866372947698e-01
1.093875974886933250e-01 3.237848048777366983e-01 1.016687600439148409e-01 1.885261016926812472e-01 2.766327358969738470e-01
9.306390176272601178e-02 2.800490370523636696e-01 1.811685121433856405e-01 2.368314936118950387e-01 2.088870554296297088e-01
1.166644908017964583e-01 2.974722336844676795e-01 9.758110068794753622e-02 1.510344857909970973e-01 3.372476890347913536e-01
2.399500225938751008e-01 2.236975673348468863e-01 1.604617871670805662e-01 1.431994366706216271e-01 2.326911862335758752e-01
2.209832920383575927e-01 2.259685816903601874e-01 1.641266388750060590e-01 1.504961185779991606e-01 2.384253688182769726e-01
1.605454765683151375e-01 3.310056008204242395e-01 8.623865483267074972e-02 1.089686923296642324e-01 3.132415754489257242e-01
2.466886628586326957e-01 3.594447902971248943e-01 0.000000000000000000e+00 1.541823314692170434e-03 3.923247235295502233e-01
9.832189444524541688e-02 2.549203517036998101e-01 1.031782436690722449e-01 2.490888377786857344e-01 2.944906724032969048e-01
2.597350982706274625e-01 2.999662179875242640e-01 6.117969391778906030e-02 6.985725823731996076e-02 3.092617315867393080e-01
1.455076857762910847e-01 2.037328598108458511e-01 2.141353387689564902e-01 2.427623580504924827e-01 1.938617575934141468e-01
8.785086948577809640e-02 2.744315408654713906e-01 6.681769777054674675e-02 2.721513653311568581e-01 2.987485265470469220e-01
1.020575368517332715e-01 2.084375211751664514e-01 2.241647978264351970e-01 2.397806071884460710e-01 2.255595369582191201e-01
2.298448570277554226e-01 2.434536872892232029e-01 1.376973759085458604e-01 1.311067392477677229e-01 2.578973405267078745e-01
7.260371557171685364e-02 2.330134045827927658e-01 1.643852879799541089e-01 3.079134087328826985e-01 2.220841831326535454e-01
1.782859467009404175e-01 2.883382659419491123e-01 8.062422474935529437e-02 1.101568923077707318e-01 3.425946702999844717e-01
9.462110626263656524e-03 3.004245566589053840e-01 1.243559801628335432e-01 3.244756488753092194e-01 2.412817036766882195e-01
1.240685008684577623e-01 2.497561701145014634e-01 1.690996091670805002e-01 2.460327915648080066e-01 2.110429282851521982e-01
1.237355143448505834e-01 2.651023113759639616e-01 2.339767668086985830e-01 1.660411698968514427e-01 2.111442375736355959e-01
9.861323447173293844e-02 2.119331213459894891e-01 1.275474704354199740e-01 3.351583251078172343e-01 2.267478486390404335e-01
4.037921436479989523e-02 3.623216895634540080e-01 1.336638894927371923e-01 2.513885544591786259e-01 2.122466521198302924e-01
5.543334179539908396e-02 4.049340514370848854e-01 2.569581757546006429e-02 2.053045061714790509e-01 3.086322830205768253e-01
1.341512048671997803e-01 2.725116875191644916e-01 1.914934736500509826e-01 1.422532623156805565e-01 2.595903716479041612e-01
1.572938665188002016e-01 1.852770123965656046e-01 2.098490469328909147e-01 2.665881667319109916e-01 1.809919074198323985e-01
1.367117818466085932e-01 2.314770662709735860e-01 1.868071906597479348e-01 2.017374921187142234e-01 2.432664691039558291e-01
1.318888663193578947e-01 1.955103082843988316e-01 1.642727678833027782e-01 2.493012965926260649e-01 2.590267609203144583e-01
1.182487246624803062e-01 2.359028345370896562e-01 2.503162426240877481e-01 1.925954599522167188e-01 2.029367382241255846e-01
2.478837061297471667e-01 2.655961583636672896e-01 1.087214623335330949e-01 1.074508417383734371e-01 2.703478314346790534e-01
1.173469095563339226e-01 1.937635395914838465e-01 2.404608133154911564e-01 2.604817404473948050e-01 1.879469970892963526e-01
3.506916748495650382e-02 2.716808484373325339e-01 1.481322353163931904e-01 2.893962277072799072e-01 2.557215210540377814e-01
1.982091692263481253e-01 2.126050740916006765e-01 2.395882338016531443e-01 1.780336483310710760e-01 1.715638745493270056e-01
2.085370922871362664e-01 2.110617673079016876e-01 1.696153558459974342e-01 1.539283820679541448e-01 2.568574024910105225e-01
2.482875992423159428e-01 1.772864172921383152e-01 3.223027901052201161e-01 6.348432313664671700e-02 1.886388702236790060e-01
9.132605369615781621e-02 3.788316927883865204e-01 8.388285172843841508e-02 1.352285615858723755e-01 3.107308402011448312e-01
1.496227091559051148e-01 2.518371962995570312e-01 1.675516232658948446e-01 2.408176907529270827e-01 1.901707805257159267e-01
2.361191527455774042e-01 1.959021655473006385e-01 1.942760398532998312e-01 1.455937325918814362e-01 2.281089092619408287e-01
9.988828943463153032e-02 2.790316514312344287e-01 1.275807719308212906e-01 2.498618210011301910e-01 2.436374662021824899e-01
1.402734798838927432e-01 2.152848216635644407e-01 1.827747450690405118e-01 2.645493962543170041e-01 1.971175571291853557e-01
1.411261835559819711e-01 2.464204163242667833e-01 1.898831822701785021e-01 2.116465056769205322e-01 2.109237121726521835e-01
1.192800749595950283e-01 2.434189193543839780e-01 1.274281414089590836e-01 2.358981955869195457e-01 2.739746686901421979e-01
1.986043848483435847e-01 2.150083815317201108e-01 1.602960597480409533e-01 1.660628085233972207e-01 2.600283653484982138e-01
2.205936589576051599e-01 2.486176196226029533e-01 1.429895167725548366e-01 1.321032291786387869e-01 2.556959754685982356e-01
2.013893069480441056e-01 1.807981550801487647e-01 1.794838508178531744e-01 2.261512015181637303e-01 2.121774856357902528e-01
1.614976325533910573e-01 3.200146081318558933e-01 9.310011387169886410e-02 8.727392532924838076e-02 3.381137201138058046e-01
2.283838603225444297e-01 2.554111118476357078e-01 1.089306901189921600e-01 1.038816373961790607e-01 3.033927003146487111e-01
2.820898721065703482e-02 2.931856546632729543e-01 1.561557150780331638e-01 3.170363974028665432e-01 2.054132456451703559e-01
1.923821990935138115e-01 3.521979927958440171e-01 4.850546472402935544e-02 4.432410040403624019e-02 3.625902429825766382e-01
1.324165656971393601e-01 3.016274361667753978e-01 9.282035705586974550e-02 2.092757067567800056e-01 2.638599343234355188e-01
2.034802702963328935e-01 2.400111337143813195e-01 1.243954305148873840e-01 1.486069899276133421e-01 2.835061755467850331e-01
2.059310909508101362e-01 1.722567605120376710e-01 2.131590270828172540e-01 2.102569717915006575e-01 1.983961496628343091e-01
6.968375972078132141e-02 2.467570764165995523e-01 2.209051445739612929e-01 2.115240027047557148e-01 2.511300165839021048e-01
6.475056984437213559e-02 2.256504746097847403e-01 1.272643884357892163e-01 2.520779823660798113e-01 3.302565847439740132e-01
2.203244300306542169e-01 1.815272099010458440e-01 2.132978914665169812e-01 2.106219842098836226e-01 1.742284843918993631e-01
2.009765656485260066e-01 1.197417441868680599e-01 1.447613835073772171e-01 2.743740782641401754e-01 2.601462283930885966e-01
1.422862478733374347e-01 3.345250226446520037e-01 9.993258433863720647e-02 9.682217307070564716e-02 3.264339720726676108e-01
3.802871860469635157e-02 3.831364006587648641e-01 7.108375848750859982e-02 2.229618118496703993e-01 2.847893103993598407e-01
1.498339638398422102e-01 3.469930786377019571e-01 7.085948437101517727e-02 8.443900608128480922e-02 3.478744670701557351e-01
1.195346668114477401e-01 3.598251901902401739e-01 4.614088746232745952e-02 1.239133121404581428e-01 3.505859433955264559e-01
2.318895018350161652e-02 2.503372070963079676e-01 1.607580668855480011e-01 3.349519165623002781e-01 2.307638592723421644e-01
1.510612251265393835e-01 2.259684619008027473e-01 1.840760973994202132e-01 2.074031922736392364e-01 2.314910232995983086e-01
1.938159090402337414e-01 3.023954541095557613e-01 1.448906421446897741e-01 1.061945294646380461e-01 2.527034652408827187e-01
2.784394380501959421e-01 2.508517954134331096e-01 1.404424445336011906e-01 7.330958477651731975e-02 2.569567372262523963e-01
2.211279529444381275e-01 1.797116271261838538e-01 2.151115327045325376e-01 2.011122690295177873e-01 1.829366181953276105e-01
1.197001752073117847e-01 2.770841695016126871e-01 1.880250331427532895e-01 1.357349265644935410e-01 2.794556955838287116e-01
6.047783105336276138e-02 2.668222283358386848e-01 2.150617578366799953e-01 2.263983242967875509e-01 2.312398584773310839e-01
2.537011576661707402e-01 2.921957126928850790e-01 7.921055440409714710e-02 8.165381532943014053e-02 2.932387599074168794e-01
1.269341722972252007e-01 1.999085556112264461e-01 1.423496200599618788e-01 2.749963304665832275e-01 2.558113215650031913e-01
1.264716725614956905e-01 2.327229599628602985e-01 1.823544238861793676e-01 2.699733212724887976e-01 1.884776223169757625e-01
6.550311736809517893e-02 2.593560323820217617e-01 9.067468278538078075e-02 2.751475800382328085e-01 3.093185874262694424e-01
2.099184839357569610e-01 1.695114653852505815e-01 2.099115342774555137e-01 2.003712340129911451e-01 2.102872823885456599e-01
9.694353577658174070e-02 2.390947155743845254e-01 1.506883451739308155e-01 3.321104709615578243e-01 1.811629325135452051e-01
5.992098056617520263e-02 3.581186790469134684e-01 7.772483435193566770e-02 1.863226324144734436e-01 3.179128736205023009e-01
1.993605018258403916e-01 2.070612012389257961e-01 2.219752033983907469e-01 1.865893129470918010e-01 1.850137805897512644e-01
8.860410235850406380e-02 2.224078630171676396e-01 1.826444741243265502e-01 2.816896077991689618e-01 2.246539527008327986e-01
2.076931180099125807e-01 1.059361584865085026e-01 9.263164773898593940e-02 3.370659614732853249e-01 2.566731142913076247e-01
1.323596724856007378e-01 2.269555040607196816e-01 2.577655197423416866e-01 2.194206423736598799e-01 1.634986613376779863e-01
1.218529819505031475e-01 1.911396586733815628e-01 1.619581405406289309e-01 2.952180021560920631e-01 2.298312166793942957e-01
1.881713076787143724e-01 2.197361459641491988e-01 1.497351328997911790e-01 1.433705557822025911e-01 2.989868576751426033e-01
1.062830402022848092e-01 2.978378406304368897e-01 1.989270435350115884e-01 1.360641840727217500e-01 2.608878915595448933e-01
1.485640199444219489e-01 4.546800967204961408e-01 0.000000000000000000e+00 0.000000000000000000e+00 3.967558833350820491e-01
1.132978390736767565e-01 3.171521115440050220e-01 1.032370681138440605e-01 1.924216788387973498e-01 2.738913024296768528e-01
1.227067777173894703e-01 2.650970667938452041e-01 7.515022703604079535e-02 2.602275235625545191e-01 2.768184048901701777e-01
0.000000000000000000e+00 2.921806642824694711e-01 1.542258899023902785e-01 3.438372120460871373e-01 2.097562337690530576e-01
1.946646878060020180e-01 1.669012107890147645e-01 2.018869660759129436e-01 2.501814528066836907e-01 1.863656825223865832e-01
2.243176168775254387e-01 2.322410009022066457e-01 1.154366243243859086e-01 1.319959523191805706e-01 2.960088055767013393e-01
1.326219586563899544e-01 2.561801802275872619e-01 1.315722480754366042e-01 2.348876925812847793e-01 2.447379204593013169e-01
1.848087084938258295e-01 2.438680518788075846e-01 1.393200082438302567e-01 1.231957482523883540e-01 3.088074831311479751e-01
1.908425454966376500e-01 3.167481275596313872e-01 9.973213213363385510e-02 8.586263694413240333e-02 3.068145578659646766e-01
2.001289132865886888e-01 2.242755752038616268e-01 1.340608568845822191e-01 1.207134087209699724e-01 3.208212459039974651e-01
1.676411136220231635e-01 2.059398488835462449e-01 1.987369553424627178e-01 2.159740770828429968e-01 2.117080050691249327e-01
4.927335725001633776e-02 2.564400725263617509e-01 1.114069934397755729e-01 2.684879852176320081e-01 3.143915915662143790e-01
1.266080502197977353e-01 3.350895861034908219e-01 1.236680578617899151e-01 9.822377495445823448e-02 3.164105308604633349e-01
3.104410641472198917e-01 2.137542284463891940e-01 2.045993806394801606e-01 0.000000000000000000e+00 2.712053267669107259e-01
1.474383164212316188e-01 2.523599282334332838e-01 1.574736977667321458e-01 2.212378990307266313e-01 2.214901585478762647e-01
2.032834852446696039e-01 3.907887681832751259e-01 2.457302404269032237e-02 4.215524024253045066e-02 3.391994822868345527e-01
0.000000000000000000e+00 2.732682365705056404e-01 1.745179419583514080e-01 2.887031103497141316e-01 2.635107111214287645e-01
1.167608531139111283e-01 3.233889117567849136e-01 8.825545167019360759e-02 1.422022305982851009e-01 3.293925528608251940e-01
2.621011995200011602e-01 2.297456063923389302e-01 1.870234792094337406e-01 9.167319819125890890e-02 2.294565166869673434e-01
1.264041126315617325e-01 2.518544247016605286e-01 1.268608680618079909e-01 2.706797301954644297e-01 2.242008644095052905e-01
1.523196093418223152e-01 3.041988296735214092e-01 1.631543263148977352e-01 1.816868400414383966e-01 1.986403946283200328e-01
1.666791615520841485e-01 2.570012159588169198e-01 1.745175332979848337e-01 1.731836547620694555e-01 2.286184344290446424e-01
1.829032603197073004e-01 1.948794966443499199e-01 2.176991181484623783e-01 1.918501670116190549e-01 2.126679578758613187e-01
1.900998447253076928e-01 3.111226497869983287e-01 1.102474260697682978e-01 9.796331523102914940e-02 2.905667641868963647e-01
2.123040445244174790e-01 2.213768408395030696e-01 1.723260351376303678e-01 1.561513994066601185e-01 2.378416800917887708e-01
2.168748395157428510e-01 1.825065047520482986e-01 1.935940998306855954e-01 2.266644727639584023e-01 1.803600831375649638e-01
2.367116224744537228e-02 2.593368752326813964e-01 1.431279429137151948e-01 2.944345161352138751e-01 2.794295034709441405e-01
1.135397278832867007e-01 2.814196164402178457e-01 1.718373587639260569e-01 2.090878219002427485e-01 2.241154750123267592e-01
1.287991507265820457e-01 2.266745029317858151e-01 1.915580171733158865e-01 2.822275101762939942e-01 1.707408189920222863e-01
4.197694186355143547e-02 3.451762396301616409e-01 1.165634035720061051e-01 2.132758938531493509e-01 2.830075210811314745e-01
1.480185962998269711e-01 2.937439045113321989e-01 1.443519303091255201e-01 1.650167245387021420e-01 2.488688443410131956e-01
2.333806652439230633e-01 2.464732105600505874e-01 1.334492289004696464e-01 1.282598291571082905e-01 2.584370661384483014e-01
2.515888508069777374e-01 1.995039869489851070e-01 2.093214721835526815e-01 1.213352623260788576e-01 2.182504277344056720e-01
1.715472023421914516e-01 3.960612585228266425e-01 4.117672521835853694e-02 0.000000000000000000e+00 3.912148139166233274e-01
1.661410111097395281e-01 2.306955575288943128e-01 1.313596761458482309e-01 2.143043547267559357e-01 2.574994004887620203e-01
1.617634641042558219e-01 4.098284593877149495e-01 5.838653698993970416e-03 3.977025893288971964e-02 3.827991638761454873e-01
9.845829887450599505e-02 3.577241014958693066e-01 4.889952648646192501e-02 1.966061018471166322e-01 2.983119712960461967e-01
2.595474261485958278e-01 2.796471104447330047e-01 9.385535208469629465e-02 9.105492927301576944e-02 2.758951820489590201e-01
2.294721359255934567e-01 2.149729700632457274e-01 1.955187858890699848e-01 1.572940893902204651e-01 2.027420187318703937e-01
1.797499728550241704e-01 2.338771909686487016e-01 1.878586953700860929e-01 1.631672126407836820e-01 2.353469281654574918e-01
7.671315401458700389e-02 3.008447734989368461e-01 7.018603092131767140e-02 2.134559547878674135e-01 3.388000867772911207e-01
2.202547756264066903e-01 1.906462114343146774e-01 2.368910578771130093e-01 1.840307174160185910e-01 1.681772376461469765e-01
1.563353587531753630e-01 2.281823164879841770e-01 1.720394455616152674e-01 2.502508694707750725e-01 1.931920097264499814e-01
1.249410947127811838e-01 3.398340951272613153e-01 6.234129098737845043e-02 1.710391641875833313e-01 3.018443549849958440e-01
1.359422016728621674e-01 2.568093509239907646e-01 1.572490613869106379e-01 2.213993009186135397e-01 2.286000850976230014e-01
4.113042351214281356e-02 3.622697658949993182e-01 8.186175535822930172e-02 2.319194368504623460e-01 2.828186183841662205e-01
9.571605850896257317e-02 3.470347168023962814e-01 1.059248205217105387e-01 1.926319568368526081e-01 2.586924473300781235e-01
1.931880323881926820e-01 2.119997533365304276e-01 2.457553559534299825e-01 1.803893542435590358e-01 1.686675040782878443e-01
9.632144717966920067e-02 3.253513641636949227e-01 8.318544147440852521e-02 2.095583554797243175e-01 2.855833917025031310e-01
0.000000000000000000e+00 2.529529124073015556e-01 1.612043079992814543e-01 3.186376384733157763e-01 2.672051411201011306e-01
2.458541917748693906e-01 2.083656059536584948e-01 1.826959966561661486e-01 1.959013597993880806e-01 1.671828458159179687e-01
1.091842305189278661e-01 3.224417203084294914e-01 1.402290381835815669e-01 1.284844851958556744e-01 2.996605257932053457e-01
1.884017673783809355e-01 2.219370882604920214e-01 2.307309177361710761e-01 1.245319109166164728e-01 2.343983157083394386e-01
1.216156942737373625e-01 2.095201503685580890e-01 1.381071026573706673e-01 2.878725103459020551e-01 2.428845423544318816e-01
2.201578110440650105e-01 2.485157938723691062e-01 1.410527994417080100e-01 1.307774422024653438e-01 2.594961534393925850e-01
2.423304029960745565e-01 2.035039127287610605e-01 1.974291143957440098e-01 1.508625545674334989e-01 2.058740153119868743e-01
2.577199155572162392e-01 3.156034730295094737e-01 2.921487146904498330e-02 2.760531651675086906e-02 3.698564234274784868e-01
2.135678533145356772e-01 7.247758453174350801e-02 7.542843473344644500e-02 4.374594193262696384e-01 2.010667080940046481e-01
1.493833183232224360e-01 2.770060039966376064e-01 9.324607737147268260e-02 1.798307430224924952e-01 3.005338572861747659e-01
2.438502284168972134e-01 1.923216169398957731e-01 1.859148756319738693e-01 1.836538088740409524e-01 1.942594701371922472e-01
1.224391087917297422e-01 2.851467114641222378e-01 1.616794220949118455e-01 1.372064834823954471e-01 2.935282741668407969e-01
1.207096950200164248e-02 5.002267913833954305e-01 0.000000000000000000e+00 6.196492852164077469e-02 4.257373105929622148e-01
9.592295779565349068e-02 2.411659632381556451e-01 2.040070496955538881e-01 2.725592701956486286e-01 1.863447590749882643e-01
1.742422240489498730e-01 3.399337374312501603e-01 4.898387069076608202e-02 4.459864333793128049e-02 3.922415244911025556e-01
8.247343272218617127e-02 2.440560635632355313e-01 1.705494073279055500e-01 3.249263783153450436e-01 1.779947180713276622e-01
1.877026321054255098e-01 2.084906592967226691e-01 2.058266517904338011e-01 1.951315582858985653e-01 2.028484985215194270e-01
1.959227734027701728e-01 3.107831558021871832e-01 4.748628922061201574e-02 1.140490450051436788e-01 3.317587365692870049e-01
1.837165411713499452e-01 2.837794507769365038e-01 1.199359960047153700e-01 1.638999367580314670e-01 2.486680752889668111e-01
1.226730522928296263e-01 2.382578056918819853e-01 8.594167058684160088e-02 2.120869191895090322e-01 3.410405522389376998e-01
1.812419970542971659e-01 3.309448627944593380e-01 8.310885527193996591e-02 1.147947688914374570e-01 2.899095159878660732e-01
1.726284652784455254e-01 2.719186921174163163e-01 9.341666347606027154e-02 1.775564582210573950e-01 2.844797209070205057e-01
1.988029666462504674e-01 3.397785077647804131e-01 6.629319258155078054e-02 2.669880563541047677e-02 3.684265273720078726e-01
1.373391330835001256e-01 1.236935086542587520e-01 1.803466607158439872e-01 3.146904348879591695e-01 2.439302626584380351e-01
1.889551206925830784e-01 2.332553487091609534e-01 1.760504899609874607e-01 2.042296731766638229e-01 1.975093674606046845e-01
1.186147296739725049e-01 3.820581908446576413e-01 6.370248421407433137e-02 1.082217562901549857e-01 3.274028389771406200e-01
3.011510559453907665e-01 2.095791843272264976e-01 1.828908181782044340e-01 6.564109639707411958e-02 2.407378451521041685e-01
9.976097467813262176e-02 2.529622795210556552e-01 1.756231919770132877e-01 2.292698918433964672e-01 2.423836619804020098e-01
1.681199476878149635e-01 3.352647517250104126e-01 0.000000000000000000e+00 2.930973107670893363e-01 2.035179898200853432e-01
3.055767203269450505e-01 3.313434139457435146e-01 1.969558047739249085e-02 3.709191201748607974e-02 3.062923732324328574e-01
1.237829138248397187e-01 3.737087740546571335e-01 1.216126698201134160e-03 7.761036008401615838e-02 4.236818253382859112e-01
2.242036641989790802e-01 2.335057399518608579e-01 1.532031990314506875e-01 1.441804374993144733e-01 2.449069593183948734e-01
1.883613435703579142e-01 2.522949775219315849e-01 9.101936693173860726e-02 1.142842532083934437e-01 3.540400587675784361e-01
1.140777899290788822e-01 3.602175937915089721e-01 8.570955639473200327e-02 1.412170474889337668e-01 2.987780123957464173e-01
1.002268035099839472e-01 2.982041620793654535e-01 1.940880627305379413e-01 2.277538205570148189e-01 1.797271511230978114e-01
2.458089855878536900e-01 3.661538594836444838e-01 0.000000000000000000e+00 0.000000000000000000e+00 3.880371549285017707e-01
1.824979122526456943e-01 3.011872060066376200e-01 1.347877314024265027e-01 1.220413379982816376e-01 2.594858123400085037e-01
1.130750176863155182e-01 3.130141147910819321e-01 7.956641480040350933e-02 2.012370676036569217e-01 2.931073851185420076e-01
3.218414231377420692e-02 3.217898631376193141e-01 1.287438449981089250e-01 2.521484893570136165e-01 2.651336601934838888e-01
2.225504028262304812e-01 1.978475894946574443e-01 1.985922271048679022e-01 1.989307934528990462e-01 1.820789871213451538e-01
2.020499240130319563e-01 2.084186403042830593e-01 8.262395437823516486e-02 2.211283988050521121e-01 2.857790824993978740e-01
1.243517323336263414e-01 2.704656205185871909e-01 1.431114530597465961e-01 1.812546137361992216e-01 2.808165803518405945e-01
7.936921921465990570e-02 3.191718909970969187e-01 8.043827565388042555e-02 2.063530439109929615e-01 3.146675702233697747e-01
1.650284611338462548e-01 2.323630790126671453e-01 2.116807503793562972e-01 1.847455956523563203e-01 2.061821138217740101e-01
1.895110660128735969e-01 1.632153871718192428e-01 2.047678003155515014e-01 2.495505175644090745e-01 1.929552289353466676e-01
2.267139085599146620e-01 1.397689049384930604e-01 2.218049797520384170e-01 2.337216848848091832e-01 1.779905218647446774e-01
4.385363663007645074e-02 2.251024707266825464e-01 1.350314597554260476e-01 3.566438774998549888e-01 2.393685553879599248e-01
4.758982387283522235e-03 2.435395688168509598e-01 1.483788447326187532e-01 3.116356324003752287e-01 2.916869716628715525e-01
1.934555633466195079e-01 1.894733499755532624e-01 1.871188291081416211e-01 1.978313233791823000e-01 2.321209341905033363e-01
1.353553272756341241e-01 2.270840819697909629e-01 1.791478262762711826e-01 1.944927179033759945e-01 2.639200465749276803e-01
2.303510705096973310e-01 2.221533258144380574e-01 1.914035403057192386e-01 1.455389862388723754e-01 2.105530771312729144e-01
1.457491316122305203e-01 3.950132220626827451e-01 2.778404505694399840e-02 6.875042234905083538e-02 3.627031789190917621e-01
2.172852378969949427e-01 2.055169357703371669e-01 1.780622882654209205e-01 1.796796911221919535e-01 2.194558469450549054e-01
1.862902628743285383e-01 2.908878496211433906e-01 1.015972044719766210e-01 8.068671500826335441e-02 3.405379680242881513e-01
1.151483789863980145e-01 1.749181615900354259e-01 1.861148155556191508e-01 2.345229341026043024e-01 2.892957097653430232e-01
2.516821865553614535e-01 3.363386653936629722e-01 8.191310676915668221e-02 0.000000000000000000e+00 3.300660412818188227e-01
2.177725173609862397e-01 1.608308791962916318e-01 2.258911073242713952e-01 2.040882595672372235e-01 1.914172365512133434e-01
6.265984673545020589e-02 1.817331262277467330e-01 1.763924512705241643e-01 3.649211538853053272e-01 2.142934218809736668e-01
9.998173113076813667e-02 2.148777242387852338e-01 2.680619811978235401e-01 2.366142759106010796e-01 1.804642875220219822e-01
2.200069870150589690e-01 1.907227151316669422e-01 2.065819652763313530e-01 2.010847025210784900e-01 1.816036300558643013e-01
1.224271750704617051e-01 2.668768252277813335e-01 1.247520384188705311e-01 1.920352094842638913e-01 2.939087517986225806e-01
1.954738803610803488e-01 1.926284207237495827e-01 2.013109750639491546e-01 2.180768717940037571e-01 1.925098520572172400e-01
1.736555344029924453e-01 2.261961879937201270e-01 2.066392517523590600e-01 2.012582458949583319e-01 1.922507799559700081e-01
2.014739905106827933e-01 2.218936292391770759e-01 1.800375150579263117e-01 1.819545291770796602e-01 2.146403360151343531e-01
6.787386854526236690e-02 3.435254253471308750e-01 5.404167050047388454e-02 2.526800750062699330e-01 2.818789606008630932e-01
1.491876966256410753e-01 2.234731958580007949e-01 2.042493024582091865e-01 2.226610032721415833e-01 2.004288017860073601e-01
2.573234916746332535e-01 3.611022275429450201e-01 9.196105266851389501e-03 4.223958153536978150e-03 3.681542173620333536e-01
1.531007835242749193e-01 2.485956704600332801e-01 1.940442324128415774e-01 1.690552865062440180e-01 2.352040270966062607e-01
2.285234040055651727e-01 2.557389191030389197e-01 1.204379612918145132e-01 1.110136594627181006e-01 2.842860561368632522e-01
2.094424481568745167e-01 1.911403817767245439e-01 1.905714676406565777e-01 1.937002710028626618e-01 2.151454314228817832e-01
1.059012619157291418e-01 2.674320472242252555e-01 1.674990113877898035e-01 1.832970967187249889e-01 2.758705827535307131e-01
9.216906774813973802e-02 2.182201090504543028e-01 1.101824540638007000e-01 2.757221400370605258e-01 3.037062291005447889e-01
9.732940644639992422e-02 2.586702918661997752e-01 1.731655306559820029e-01 2.653788598988702785e-01 2.054559111325481024e-01
2.034735547904200359e-01 3.227258279299954347e-01 6.822881937276117914e-02 3.793833540688968525e-02 3.676334624999336165e-01
1.862188863520205795e-01 2.860346596537639008e-01 1.203305910036190779e-01 1.356210227707685678e-01 2.717948402198278601e-01
1.700831965123937584e-01 1.632689624135038320e-01 1.757982764406829101e-01 3.072351362305357769e-01 1.836144284028836393e-01
2.346644036691659663e-01 1.743647834506064642e-01 1.617389688637901890e-01 2.054462858796966551e-01 2.237855581367407254e-01
2.449777994094447242e-01 2.683684482269617644e-01 9.553296082937418054e-02 1.362357231179762984e-01 2.548850684162430880e-01
1.951795394614722345e-01 2.344228246467855714e-01 1.256508914339981575e-01 1.373730553220382511e-01 3.073736891357056744e-01
1.696332009300973720e-01 1.772739797449643939e-01 1.873261560997852571e-01 2.554903939484308162e-01 2.102762692767220776e-01
2.751817529464930523e-01 3.184654580893465092e-01 4.054114203178183634e-02 5.188392202786564628e-02 3.139277249045129281e-01
2.008187332570961769e-01 3.124581920588294093e-01 6.527417161824546066e-02 1.408963898057147002e-01 2.805525132601143223e-01
8.184489620475093874e-02 3.721858599191338879e-01 1.416784087139228154e-01 1.896853533995404573e-01 2.146054817626519284e-01
1.601081176109939719e-01 2.734381681632417349e-01 1.575854861704024390e-01 2.365720499010877942e-01 1.722961781542740323e-01
2.081747656685066505e-01 3.500240562191510585e-01 6.242929302834555189e-02 3.850078378932111911e-02 3.408711012946756824e-01
1.872771905802039505e-01 2.615448389052439371e-01 1.382016550616634032e-01 1.554736616061793142e-01 2.575026538467093951e-01
1.391309522770119989e-01 3.607364653334843019e-01 9.203853869788870823e-02 9.240733427634809094e-02 3.156867094152669417e-01
8.822501840564879461e-02 4.833797481296571164e-01 0.000000000000000000e+00 0.000000000000000000e+00 4.283952334646941029e-01
2.286245903282376202e-01 2.040077167519045165e-01 1.365491258991112511e-01 1.835348214465394312e-01 2.472837455742070145e-01
1.890575559217110846e-01 2.473814867981542487e-01 1.427836495573413522e-01 1.303902484233532832e-01 2.903870592994400313e-01
1.243014451083770400e-01 2.116515913541042182e-01 1.827382014662478904e-01 2.355377126481590921e-01 2.457710494231117870e-01
2.531339585032009731e-01 2.042361063483575101e-01 1.472583878332052176e-01 9.545858469851874195e-02 2.999129626167175711e-01
1.987651870669394083e-01 2.464106010155281412e-01 1.410155147335162007e-01 1.214106361995969247e-01 2.923980609844193390e-01
2.357319704064628763e-01 2.669776757246223875e-01 1.244270984575725492e-01 1.054615831780029017e-01 2.674016722333394935e-01
2.734197535552863600e-01 1.826442682267731266e-01 2.921791212135365079e-01 6.931012664924091071e-02 1.824467303551629282e-01
1.855518969675576391e-01 4.170797966813655222e-01 0.000000000000000000e+00 5.157192676119786573e-03 3.922111136749570348e-01
1.714088612794480160e-01 3.702432053276322743e-01 1.038813988929486315e-01 2.509377246390875546e-02 3.293727620360621944e-01
2.257627990234793991e-01 2.400980072051345504e-01 1.482698306724733739e-01 1.390616753612911594e-01 2.468076877376214617e-01
2.608809651590115464e-01 3.242119399671919422e-01 3.719446412160341137e-02 5.297399080254358572e-02 3.247386399496494103e-01
0.000000000000000000e+00 3.052160642366357202e-01 1.356560923463146218e-01 2.974924664198208557e-01 2.616353769972288301e-01
7.616633408959604112e-02 2.739956275387692708e-01 2.189029378583187413e-01 2.216901425088527999e-01 2.092449580044631330e-01
2.196223544576829112e-01 1.975286958787386138e-01 1.545468809364047291e-01 1.965574529479784394e-01 2.317446157791952233e-01
2.490503666112587611e-01 1.764307695851495827e-01 2.154416263345444449e-01 1.697638096723990131e-01 1.893134277966481982e-01
6.917620520564692066e-02 2.622934604091423649e-01 2.122531987571628087e-01 2.473336351464321403e-01 2.089435004816157515e-01
2.312844090740451830e-01 1.793053941377115712e-01 1.979256796568176213e-01 2.073608749332410683e-01 1.841236421981845284e-01
9.126735184267756318e-02 2.822846384698612376e-01 2.057780590706932700e-01 2.399804535783439385e-01 1.806894970384240184e-01
1.631921072768384162e-01 2.587909011850745844e-01 1.435861779899698654e-01 1.498512376640207810e-01 2.845795758840964362e-01
2.072071437438483821e-01 3.576401020010240850e-01 3.052253722837522040e-02 3.902202533485860103e-02 3.656081916918936803e-01
1.379716545734880062e-01 1.545148235223017530e-01 2.280175958987603890e-01 2.487010157763231699e-01 2.307949102291265708e-01
2.390261773655585620e-01 2.603982624212266561e-01 1.092375074968400667e-01 1.073907618089346705e-01 2.839472909074401419e-01
1.939904480324808680e-02 2.601534024952617541e-01 1.280835657957883622e-01 3.405826931764014964e-01 2.517812937293002484e-01
1.671412945199712563e-01 3.225881529909846446e-01 8.624054606169469228e-02 3.606650619174414651e-02 3.879635002356052742e-01
9.510959617083274142e-02 2.949689241608069445e-01 1.584529923912441907e-01 2.394385457207448553e-01 2.120299415563711154e-01
1.709815853594098267e-01 3.439797440303497544e-01 6.088552945782999687e-02 1.222709714695008054e-01 3.018821696829095957e-01
1.148804912668355965e-01 2.829930193231341984e-01 1.321876893791380514e-01 1.806658388264738846e-01 2.892729612044182552e-01
2.163779632422543620e-01 4.027388729002508994e-01 0.000000000000000000e+00 1.066864441665030770e-02 3.702145194408443807e-01
9.810608873603905711e-02 1.796203760989916465e-01 1.717569683188900909e-01 2.673383419942286787e-01 2.831782248518504574e-01
2.617543597812130862e-01 2.886483903371734328e-01 8.119561354896098759e-02 8.562375722522513888e-02 2.827778791074273546e-01
1.641976727518845158e-01 2.223251186215262076e-01 2.093268823306653204e-01 1.874198613929748403e-01 2.167304649029490604e-01
2.202489013290260811e-01 2.454314161864961374e-01 1.458975258661281416e-01 1.329845480802162028e-01 2.554376085381332429e-01
2.460813129016199419e-01 2.963900358695609749e-01 6.960670187560807909e-02 7.651150217345857596e-02 3.114104471797524143e-01
7.157826046121401609e-02 2.421667664801608333e-01 7.854347632646659083e-02 3.014730851692655755e-01 3.062384115628929426e-01
1.678958240754877262e-01 2.588160523489300702e-01 1.959258483815049245e-01 1.685362966283232844e-01 2.088259785657540224e-01
1.615345029549452305e-01 2.806819821409703430e-01 9.215721137504810645e-02 1.552407002131238611e-01 3.103856033159125283e-01
2.109442321386923447e-01 2.228401191465387288e-01 2.362895713560392019e-01 1.198007572181279262e-01 2.101253201406017568e-01
2.086825207381599045e-01 2.546327788279377224e-01 1.303915260182535452e-01 1.320381458429878418e-01 2.742550285726609305e-01
1.353851574027099824e-01 4.212098621290207290e-01 7.573787282934836551e-02 2.658869653020102045e-02 3.410784111087198922e-01
2.113233069325254898e-01 2.584591634743389488e-01 1.267123852195640166e-01 9.689359745778977628e-02 3.066115469157816853e-01
2.334697681685249659e-01 2.512377074730465232e-01 1.287825895560367195e-01 1.280612073856685351e-01 2.584487274167232562e-01
1.345770182385380431e-01 2.466376154001058141e-01 2.199752979045615231e-01 2.237154991867412179e-01 1.750945692700533740e-01
2.114621215271646204e-01 1.746717424368439409e-01 2.175538361850111735e-01 2.157139191478567308e-01 1.805983807031234789e-01
2.104838862894715112e-01 2.624456647035774415e-01 6.736863195055979581e-02 6.497552615481992644e-02 3.947262909015712418e-01
1.216773878097068273e-01 2.537846485242523098e-01 2.087949034104481516e-01 2.267861090250582745e-01 1.889569512305344090e-01
2.358873316022478683e-01 2.779777113250789244e-01 1.060742396951622896e-01 9.656492585446878330e-02 2.834957915230421066e-01
1.538256244331197287e-01 2.111897069081969947e-01 1.188496303067811954e-01 2.250660487594607351e-01 2.910689895924412629e-01
2.275131569261912567e-01 2.098977745193088551e-01 1.821358848301732059e-01 1.739110795286127054e-01 2.065421041957140602e-01
1.704585763500453544e-01 2.776403998070822721e-01 1.299838932801578584e-01 1.529781118904863235e-01 2.689390186722283027e-01
2.914397909498555594e-01 1.687171572540637488e-01 2.571271280143547777e-01 3.649396485585486294e-02 2.462219589258710373e-01
1.271551185569205766e-01 2.792956461840902516e-01 1.630798084145562987e-01 1.570962799571351542e-01 2.733731468872976911e-01
2.287555849580286127e-01 1.605833637207278453e-01 2.006012154030502315e-01 2.204985205249365143e-01 1.895613153932567407e-01
1.499920621551133482e-01 2.343150320555088539e-01 1.982990927584931395e-01 2.160649197760960150e-01 2.013288932547885879e-01
1.537202782278414004e-01 3.281721389504383968e-01 9.845883249988050812e-02 1.340826307647589033e-01 2.855661195570807220e-01
2.474932317261790971e-01 2.622545731463277741e-01 1.171309094159172920e-01 1.135358588738243496e-01 2.595854268377512652e-01
1.958018403732836032e-01 2.605169690543670535e-01 1.550054389778829367e-01 1.246220458010872389e-01 2.640537057933791121e-01
2.364607813718096474e-01 1.896812763084380349e-01 2.156718516256663498e-01 1.490487799626326049e-01 2.091373107314533353e-01
1.287338279766811200e-01 2.364116468849143393e-01 1.921382638089569606e-01 2.454047644795472327e-01 1.973114968499005140e-01
2.247407336957629453e-01 2.582042170232397571e-01 1.101978911499396918e-01 1.070597449370755405e-01 2.997974131939819542e-01
2.588328326140009739e-01 3.797547531218007921e-01 0.000000000000000000e+00 0.000000000000000000e+00 3.614124142641982895e-01
1.172525365666378799e-01 2.612074852410748993e-01 2.094901689956087110e-01 2.243416786913311478e-01 1.877081305053473759e-01
2.436920813572716893e-01 2.597997319801286231e-01 1.266763623133711769e-01 9.461546877501937625e-02 2.752163555742092038e-01
1.256365436070802644e-01 2.109940253420385381e-01 2.204354803428275056e-01 2.305384878654389014e-01 2.123954628426147628e-01
1.081997491066967187e-01 2.241710856065765312e-01 1.753279786840962473e-01 2.362440551462722804e-01 2.560571314563581113e-01
2.213630047614593144e-01 2.221047283521168092e-01 1.613998868062728465e-01 1.572807225847366874e-01 2.378516574954143148e-01
2.341158473289745301e-01 2.621924171212361987e-01 1.259807142071269481e-01 1.200951462047737395e-01 2.576158751378885281e-01
2.286347966165980239e-01 3.274078884239506326e-01 1.088272969533196771e-01 6.427598532092641814e-02 2.708540326852053037e-01
2.927479702417090657e-02 2.245320229791773481e-01 1.689273535225392919e-01 3.095500546826332466e-01 2.677157717914790958e-01
2.274857503402747394e-01 2.415616113077687643e-01 1.426191007031277214e-01 1.355571284027492773e-01 2.527764092460794698e-01
2.160093898659040945e-01 3.435920640589594233e-01 4.714119872916405080e-02 1.166426319829933639e-02 3.815930841476731783e-01
7.670353962500950015e-03 3.245758381635281964e-01 9.349612765590863128e-02 3.373050334247632009e-01 2.369526467932990266e-01
1.693660805136627256e-01 2.340027813653566269e-01 1.371099593533298966e-01 1.891108597394806357e-01 2.704103190281702540e-01
1.381341798159100610e-02 2.778969932593204906e-01 1.707304582573654084e-01 3.264935713987088262e-01 2.110655591030142220e-01
1.743770329632132465e-01 1.633069056759853255e-01 1.676954435516038178e-01 2.196843665917548039e-01 2.749362512174428064e-01
1.146385540755794213e-01 4.754569220601335133e-01 0.000000000000000000e+00 0.000000000000000000e+00 4.099045238642870514e-01
1.480587600647052804e-01 3.729552551295241547e-01 1.636768244809030104e-01 3.062675715064720749e-02 2.846824031742202776e-01
1.124903993841338407e-01 3.539441577680371154e-01 1.964707104938172300e-01 1.369296717695569487e-01 2.001650605844548236e-01
8.040601638541673701e-02 2.533533582146924035e-01 2.862770995137356445e-01 1.887408739637800592e-01 1.912226519223752808e-01
2.325405697271035188e-01 2.573856236684033960e-01 1.463569077698138043e-01 9.998327298662298968e-02 2.637336258480563744e-01
1.837859299068064223e-01 2.239402185296845149e-01 1.835127331339772849e-01 2.238692683259931870e-01 1.848918501035385908e-01
1.805877895801000221e-01 2.158263380064660564e-01 2.008918978527976795e-01 2.082692251702605857e-01 1.944247493903756285e-01
1.764068720434367604e-02 3.341648081388015612e-01 1.343234047512071316e-01 2.312945679425236489e-01 2.825765319631238781e-01
2.008200972204402246e-01 2.705493406665052669e-01 1.055906320327146125e-01 1.828727638332120486e-01 2.401671662471280555e-01
1.600933479919165459e-01 3.132552921652191902e-01 7.102124756710362363e-02 7.240682239751972116e-02 3.832232898782408914e-01
2.142526711909356063e-01 3.183557015421869529e-01 5.770475895523174276e-02 6.805189154374106930e-02 3.416349767679046634e-01
2.122168166050920068e-01 2.016114136061881723e-01 2.020998279821396570e-01 1.844562225380063925e-01 1.996157192685739101e-01
1.350296882726015613e-01 2.200330657129121181e-01 2.326749726788883699e-01 2.279611239109134990e-01 1.843011494246845072e-01
1.162878727209381291e-01 3.644446507256735579e-01 4.271248701739640413e-02 1.091704051092272226e-01 3.673845844267646377e-01
0.000000000000000000e+00 2.697622849275361778e-01 2.388270743474389113e-01 3.078326765367764839e-01 1.835779641882483992e-01
1.889809846347487443e-01 2.169496197486008859e-01 1.703506056782358169e-01 1.553063249756393427e-01 2.684124649627752102e-01
1.919752028749844297e-01 3.611619553832199347e-01 1.692010159432292063e-02 1.520619812631934364e-03 4.284221203348406171e-01
5.917984937652383259e-02 3.073463515296981918e-01 9.154215283861220909e-02 2.866561894180946202e-01 2.552754568370712018e-01
2.355428844963468882e-01 2.557145510005283673e-01 2.118064935059679743e-01 6.445065972504346319e-02 2.324854112721133625e-01
2.201733428351365096e-01 3.848185527443778176e-01 0.000000000000000000e+00 0.000000000000000000e+00 3.950081044204856728e-01
1.779482565722706744e-01 3.313410950026026702e-01 1.276964101877796076e-01 8.793540884959924475e-02 2.750788293877478030e-01
1.188359469461692380e-02 2.998804139852671580e-01 1.597307609074525014e-01 3.391593736968528394e-01 1.893458567158106398e-01
9.849354242708664720e-02 2.803372136280276039e-01 1.139723747182226909e-01 2.339802084620707379e-01 2.732166607645923340e-01
9.805616754370780064e-02 2.067648002217469250e-01 2.170994651822678034e-01 2.601255996871956189e-01 2.179539673650816578e-01
2.294860744881929149e-01 2.313393264450491205e-01 2.911910451149067602e-02 1.470113523455476578e-01 3.630441422097195892e-01
2.103206985550628572e-01 1.872398527103737442e-01 1.924419241781939460e-01 2.004508127820964214e-01 2.095467117742729757e-01
1.395407058056132299e-01 3.996549004605838840e-01 3.422267376443009074e-02 1.113429404557562258e-01 3.152387795136164517e-01
1.774100756878388696e-01 2.028069788161971920e-01 2.384417836264891011e-01 2.366065432974471527e-01 1.447346185720276845e-01
8.662860875670343186e-02 2.316181237442162533e-01 1.493993983273315673e-01 2.751196106755979809e-01 2.572342584961507805e-01
2.518268298547529649e-01 2.866672718703611178e-01 8.500165186730723743e-02 9.126177741618060613e-02 2.852424689913982681e-01
3.118980706378039064e-02 3.327374852999620547e-01 7.829355680079583268e-02 2.821945699040396272e-01 2.755845809314221295e-01
2.377922386321020334e-02 3.182647904583928988e-01 3.398653276378544447e-02 3.143260513990629446e-01 3.096434015155485886e-01
2.194002982447588457e-01 1.914397770973956803e-01 2.017698112065552662e-01 1.891604297336337281e-01 1.982296837176564241e-01
1.465281040025584736e-01 1.846024594636241078e-01 2.248352399213224828e-01 2.637033475437854935e-01 1.803308490687094978e-01
1.677718446064114799e-01 2.086498531435890536e-01 1.886211170989441077e-01 2.429454908066201180e-01 1.920116943444351576e-01
1.732214807309737925e-01 2.328778397966776992e-01 2.034979289653625900e-01 1.425953456925733998e-01 2.478074048144125463e-01
1.837741225076099660e-01 3.382405980526490552e-01 1.269059598793521870e-01 2.839726296249974261e-02 3.226820565978890665e-01
2.138756503213989357e-01 2.324866164641324062e-01 1.577190000339739606e-01 1.410802308400983529e-01 2.548385023403964000e-01
1.444724970013515908e-01 3.219430878361583814e-01 5.176473038710815988e-02 1.019799331202097814e-01 3.798397516551720310e-01
2.555345381660351634e-01 3.765694644959359794e-01 0.000000000000000000e+00 0.000000000000000000e+00 3.678959973380289128e-01
1.413102557456604180e-01 2.861813010795313805e-01 1.235236611674841722e-01 1.614060656711041042e-01 2.875787163362200638e-01
5.221446731632460592e-02 2.841044245838341142e-01 1.857089390502072168e-01 2.582224454441804373e-01 2.197497236054536673e-01
1.059611455134094604e-01 2.550874428356659784e-01 1.707185865658540358e-01 2.523924906395734191e-01 2.158403344454971340e-01
2.132268352734265626e-01 1.763496459015654605e-01 2.067936222192040263e-01 2.245487473698763448e-01 1.790811492359276058e-01
9.788811798384498830e-02 2.205095801286625912e-01 2.933752140521176388e-01 2.386394444952685823e-01 1.495876433401061856e-01
1.006434544246332108e-01 2.241375510938716786e-01 1.487975867692779841e-01 2.662192756042230379e-01 2.602021321079940885e-01
2.515384773703666088e-01 2.989925894673062801e-01 8.057197875031568701e-02 4.574102705536076813e-02 3.231559273566507184e-01
1.772622435206533120e-01 2.369897340928086016e-01 1.597551453494297780e-01 1.912951306551646247e-01 2.346977463819436838e-01
1.087555092629741288e-01 2.349945557508188732e-01 1.458304510495902762e-01 2.519502712947040424e-01 2.584692126419128044e-01
2.074887771793382518e-01 3.900747191817336423e-01 0.000000000000000000e+00 0.000000000000000000e+00 4.024365036389281336e-01
3.226930792718615271e-01 2.374000235796989711e-01 1.527730828592588630e-01 8.914420242374328229e-03 2.782193940468061788e-01
1.231928275933252409e-01 2.424292419979290070e-01 2.409801916415933165e-01 2.132030267110528732e-01 1.801947120560994375e-01
2.235101211177197011e-01 2.779113260285624443e-01 1.207282935632860293e-01 1.062279592957905278e-01 2.716222999946413807e-01
1.319318751231991771e-01 3.179322906411968797e-01 4.768994615283052990e-02 2.051489504855435464e-01 2.972969375972298600e-01
1.598549546016584666e-01 2.166338385422547641e-01 7.945760970412364677e-02 2.363881155636665121e-01 3.076654815882965965e-01
6.620099785107386170e-02 2.651284559001900742e-01 1.745217941897165836e-01 2.374437896011394600e-01 2.567049624578799927e-01
2.080993391465674469e-01 2.177497359471774752e-01 1.605512212872761413e-01 1.630138537177516500e-01 2.505858499012273422e-01
1.118066246614500964e-01 1.860877826538250290e-01 1.818870627845462495e-01 2.565039984414435592e-01 2.637145314587349687e-01
1.364442643532010335e-01 2.625066237598887575e-01 7.617352214631639695e-02 1.891553492055687291e-01 3.357202405350251384e-01
2.037608601643806916e-01 2.882262449074650679e-01 1.630022745856316568e-01 5.966829583283294464e-02 2.853423245096895489e-01
1.461709699108061644e-01 3.091481553422942286e-01 1.475216646123964637e-01 1.848020412039013127e-01 2.123571689306018861e-01
2.478873099013521319e-01 2.731719904374937391e-01 2.656168187244430934e-01 0.000000000000000000e+00 2.133238809367108968e-01
1.957399896724218158e-01 3.181278366506688493e-01 1.748062845795748943e-01 5.716449179800747044e-02 2.541613972993270743e-01
2.656519328853361173e-01 2.742626664923552560e-01 1.122828369524368763e-01 3.646142948438355763e-02 3.113411341854882552e-01
2.172078687637414851e-01 1.480252419589321855e-01 2.222658278057161596e-01 2.432431506639660679e-01 1.692579108076439909e-01
2.665931869631318896e-01 1.784734196931914707e-01 2.779142668839112429e-01 9.123216857952652636e-02 1.857869578802388844e-01
6.349614122952869366e-02 2.297663578180481336e-01 1.878361377661491027e-01 3.447828388850704417e-01 1.741185243012036421e-01
2.257746802309675282e-01 3.419698724976996118e-01 4.131255683053347560e-02 1.897333531402746118e-02 3.719695551267719891e-01
2.552985520637275629e-02 3.033513872750691620e-01 1.572051486699050926e-01 2.700521276141530924e-01 2.438614812344998828e-01
2.033610165898586952e-01 1.928335828720072753e-01 2.089704017803985792e-01 2.002960949841732508e-01 1.945389037735621995e-01
1.441390909829461942e-01 2.398339554074571667e-01 1.779239749033502405e-01 2.269769197913064085e-01 2.111260589149401568e-01
1.745236827734012730e-01 1.786412850747228498e-01 1.899289904047354038e-01 2.541559475785878930e-01 2.027500941685526914e-01
2.222598174128991300e-01 1.690540549164588902e-01 2.163134295485605874e-01 2.263986714128371214e-01 1.659740267092442711e-01
9.638503529784988103e-03 2.944510165677458047e-01 1.954505696491427857e-01 3.028027555901834367e-01 1.976571546631430421e-01
2.453487099711494646e-01 3.473444468596988965e-01 0.000000000000000000e+00 0.000000000000000000e+00 4.073068431691516111e-01
2.494564198017011902e-01 2.774866687021634859e-01 8.856647706367820616e-02 6.089124902764767033e-02 3.235991854048094196e-01
2.296783563413732354e-01 1.953517279551043873e-01 2.062206082794566242e-01 1.658987829620427457e-01 2.028505244620230075e-01
2.181679930790909050e-01 2.272429764977052236e-01 1.638799179419789254e-01 1.525563704049039682e-01 2.381527420763208669e-01
2.155437503054720982e-01 2.980067072751709789e-01 7.583709844208608164e-02 9.307476812053100401e-02 3.175376758567398094e-01
2.256195379326587647e-01 2.578244331582961735e-01 1.199724430935354136e-01 1.144713079155681157e-01 2.821122778999416436e-01
2.303592237909992402e-01 1.792963799393825497e-01 2.148381379920059897e-01 1.853785930739517696e-01 1.901276652036606174e-01
1.182793167895633268e-01 3.175470184341983026e-01 1.156259458798566259e-01 1.397399629764717321e-01 3.088077559199098876e-01
2.359601538518743546e-01 2.035025356412696607e-01 2.013259410293563589e-01 1.831433270591460993e-01 1.760680424183534709e-01
9.164378370263205620e-02 1.964617195608512057e-01 1.492836146121051255e-01 2.593591695656686236e-01 3.032517125587429474e-01
6.939266457696434409e-02 3.235789540521349927e-01 1.490030219945454038e-01 1.811106188400899986e-01 2.769147405362652470e-01
1.015604418768003836e-01 2.327824240070891781e-01 2.051062955649912978e-01 2.378058210456259758e-01 2.227450175054930537e-01
2.659056772503221588e-01 3.663087764141678693e-01 0.000000000000000000e+00 0.000000000000000000e+00 3.677855463355099719e-01
1.729849020142865401e-01 3.303243499552783180e-01 1.115691683519063199e-01 7.241952405544184457e-02 3.127020556230868942e-01
1.124986046658092154e-01 2.737560380745879263e-01 1.871957458261394591e-01 1.941319201163565766e-01 2.324176913171069336e-01
1.686256883079179647e-01 3.291045215941991731e-01 1.068367584449562008e-01 9.704448619153753508e-02 2.983885454613891541e-01
2.064290899340786578e-01 2.371511936496492889e-01 1.561431565318163739e-01 1.366224819701799820e-01 2.636540779142756974e-01
1.728473142008244701e-01 4.197388220012814308e-01 0.000000000000000000e+00 0.000000000000000000e+00 4.074138637978941269e-01
8.552752523019281627e-02 1.569294587123373774e-01 2.287300489376279944e-01 3.495203058337357782e-01 1.792926612861059921e-01
2.478353790156000713e-01 3.266183121853709626e-01 0.000000000000000000e+00 0.000000000000000000e+00 4.255463087990289384e-01
1.049846696757589098e-01 3.221891614587512609e-01 8.715376412147451957e-02 2.238142430849993092e-01 2.618581616590159866e-01
2.337634152133636622e-01 3.955707790995690587e-01 0.000000000000000000e+00 0.000000000000000000e+00 3.706658056870671958e-01
5.369919862123621185e-02 3.165000477815784752e-01 9.083648556684412179e-02 2.742330538375291615e-01 2.647312141928120366e-01
2.167880399201131125e-01 1.677805840631141632e-01 2.175333516594456507e-01 2.153834453657350601e-01 1.825145789915919858e-01
5.754275828405833182e-02 3.219767662299968802e-01 9.933251586572601488e-02 2.592458828685297867e-01 2.619020767516889170e-01
2.123466694810641486e-01 2.123863278923802667e-01 1.964012516238102801e-01 1.721390277146690462e-01 2.067267232880762029e-01
2.026909633437878611e-01 2.189394431070164349e-01 1.922635969883431661e-01 1.973671089080757113e-01 1.887388876527768267e-01
1.309582603972014592e-01 2.266101373209789271e-01 2.228718834743526334e-01 2.002537733811639575e-01 2.193059454263028563e-01
2.415264412142807682e-01 2.849643092599981609e-01 7.763449853887841035e-02 5.907023740939512657e-02 3.368045135774475618e-01
1.198206367044158394e-01 3.892116635635354815e-01 3.276884128962844617e-02 8.466801074083835088e-02 3.735308477015819029e-01
7.887332656389377250e-02 2.798211615762198901e-01 2.116319628916858986e-01 2.323034684337793865e-01 1.973700805344210663e-01
1.776324312959619844e-01 1.632578025667034138e-01 2.239018620896615908e-01 2.548239601181759850e-01 1.803839439294969427e-01
1.953295564258028250e-01 2.117111116906635060e-01 1.529716663554536449e-01 2.170825369338411082e-01 2.229051285942389160e-01
2.535364501170981333e-01 3.272905221713721668e-01 0.000000000000000000e+00 0.000000000000000000e+00 4.191730277115297554e-01
1.023915869153637775e-01 3.209412038602376116e-01 1.566963522788570040e-01 1.738152912371030978e-01 2.461555657084386617e-01
1.654348408609273569e-01 2.264816103686058957e-01 1.713799332749019744e-01 2.022959899404997430e-01 2.344076255550651411e-01
2.314251132252293508e-01 3.708844407225947992e-01 0.000000000000000000e+00 0.000000000000000000e+00 3.976904460521757945e-01
2.208818546729473531e-01 1.818155677259989667e-01 2.156016324162495501e-01 1.909280014117195057e-01 1.907729437730846245e-01
9.582120549333410231e-02 2.552153644405562027e-01 2.080450843583395992e-01 2.271725414688039457e-01 2.137458042389659973e-01
1.764197260383081334e-01 1.922472888990373885e-01 2.289959164857222063e-01 2.044972446201324956e-01 1.978398239567997485e-01
1.438348676956576200e-01 2.006766452674799694e-01 2.086063524230796773e-01 2.433346225751758796e-01 2.035475120386068537e-01
2.441988686233017014e-01 2.105078453925139093e-01 2.191621499364708181e-01 1.038866052883864188e-01 2.222445307593271524e-01
1.332932574219619082e-01 3.666238341200797612e-01 1.984161421352636512e-01 1.214226161028776202e-01 1.802441502198170453e-01
1.636479859678590387e-01 3.159798104736619706e-01 1.286744540808910653e-01 1.787139139088081141e-01 2.129838355687797280e-01
2.294131980533274384e-01 2.298649493337447947e-01 1.564970437208710874e-01 1.470927239872043824e-01 2.371320849048522139e-01
2.157316395593060765e-01 2.031837340443666817e-01 2.175499801756926588e-01 1.633416759992739331e-01 2.001929702213607054e-01
2.302142662157568298e-01 2.367978968386047489e-01 1.437427049319073002e-01 1.470060949333643341e-01 2.422390370803668425e-01
2.156237710148723175e-01 2.505484898530893623e-01 1.189234725893163896e-01 1.352963868572088224e-01 2.796078796855132609e-01
3.684358085691024076e-01 1.611412295713440523e-01 1.818118915731732899e-01 0.000000000000000000e+00 2.886110702863801669e-01
5.065608357864805761e-02 2.724441396186921271e-01 1.831005706421528767e-01 2.847648015476261230e-01 2.090344046128807809e-01
5.992316974495703191e-02 2.602157536583962760e-01 1.689808433683973043e-01 2.610746853907631171e-01 2.498055478374862359e-01
8.864843097857109944e-02 2.206138903579984156e-01 1.277470433608595968e-01 2.942790010401534206e-01 2.687116342624174536e-01
1.832764141714983974e-01 2.368087536478803989e-01 2.510755818252354832e-01 1.064533692018118927e-01 2.223858811535737723e-01
1.193931084116182512e-01 3.546480997793413081e-01 3.811767062377263704e-02 1.643302449696334988e-01 3.235108762156344020e-01
1.926121465236546038e-01 2.188376392570751394e-01 1.650735750859042561e-01 1.899535745155825628e-01 2.335230646177834379e-01
1.566639945374300735e-01 3.397870771327346495e-01 5.887291890732326838e-02 1.154482792375836481e-01 3.292277301849284021e-01
1.966058603535751625e-01 3.836661307358213424e-01 5.143190117245875076e-03 1.446305567649315213e-02 4.001217631168644262e-01
1.420695687405804652e-01 4.735613093122437167e-01 0.000000000000000000e+00 0.000000000000000000e+00 3.843691219471758180e-01
8.302066790828727116e-02 3.460504325550328719e-01 9.744460763852418050e-02 1.510764073051705514e-01 3.224078845929851944e-01
2.214626862813149633e-01 1.845379636013355917e-01 1.960664490610048716e-01 1.819513251210364835e-01 2.159815759353082010e-01
1.951394953120279829e-01 2.326900378262963809e-01 1.637707949525099016e-01 1.899002464589044925e-01 2.184994254502611588e-01
1.699843769133188021e-01 2.511000809941943968e-01 2.319463394338407980e-01 2.097888079173426679e-01 1.371803947413035019e-01
7.663647998963574182e-02 3.430065954849694787e-01 8.796661184931012234e-02 1.613110819626606407e-01 3.310792307134240442e-01
1.719835501019173207e-01 1.783273728575465178e-01 2.536459638052787624e-01 2.163228636684341732e-01 1.797202495668232813e-01
2.190389588998699899e-01 2.391483042744401710e-01 1.490196401520200720e-01 1.403729095089844281e-01 2.524201871646852835e-01
8.889220358691665713e-02 3.930759419297911172e-01 6.904354892821060186e-02 1.219806164959117561e-01 3.270076890591698815e-01
1.444267618994126978e-01 3.013095277712635744e-01 1.191130712042443307e-01 1.556275326735065412e-01 2.795231064515729114e-01
1.207826470864581947e-01 2.463247660727358734e-01 1.238676787653130995e-01 2.422055184683040152e-01 2.668193896071889282e-01
2.304383293378152175e-01 2.372703390719508865e-01 1.455760678100369576e-01 1.380662812070168333e-01 2.486489825731801606e-01
2.181641706667709346e-01 1.984304917906648258e-01 1.967740403857408393e-01 1.850998454979025376e-01 2.015314516589208071e-01
2.245943943734845516e-01 2.927956360391221202e-01 6.467104530279377261e-02 6.680718529485130119e-02 3.511317389897481989e-01
7.277032175287648230e-02 1.902351518174192346e-01 1.721202601274199606e-01 3.384441101244532457e-01 2.264301561778309935e-01
2.037938904402537277e-01 1.976530797630601799e-01 1.552308318284387201e-01 2.070430032717983926e-01 2.362791946964490353e-01
2.238241864525274127e-01 2.379637782537800117e-01 1.381715045513934870e-01 1.337836020332269504e-01 2.662569287090721382e-01
1.705762247175772184e-01 1.666899047229919162e-01 2.107900290997981596e-01 2.236843982132928899e-01 2.282594432463397327e-01
1.173147937180425426e-01 2.175543524939390072e-01 1.464479324486170353e-01 2.428878018763712676e-01 2.757951194630300917e-01
1.192382870633012515e-01 3.024598121292370601e-01 1.060740268285105675e-01 1.614689261251721353e-01 3.107589478537789440e-01
1.771598750847388493e-01 2.050200902743627707e-01 1.849818375098543355e-01 2.237493177192350635e-01 2.090888794118089533e-01
1.809149695790132351e-01 1.870056530705726527e-01 2.356365423295501693e-01 2.248334014044211238e-01 1.716094336164427359e-01
2.929168418363906068e-01 3.384897371171641245e-01 1.454983075502374983e-02 3.061078378193662908e-02 3.234328065094849158e-01
2.656851645067507262e-01 2.035761507253751323e-01 2.101785137116325974e-01 1.015249884447421147e-01 2.190351826114994571e-01
1.271606057334576101e-01 3.218334267734865861e-01 6.847672518923851592e-02 1.485760522052831933e-01 3.339531900985341362e-01
1.936284576076406916e-01 3.000258408887130912e-01 6.517235198761248127e-02 6.532001991150905573e-02 3.758533296045246663e-01
1.343397205613247880e-01 2.421592971266414152e-01 1.686585853527634016e-01 2.587093700741359692e-01 1.961330268851342873e-01
1.997908750252744559e-01 3.049923393474871514e-01 1.164369848930288942e-01 1.181739623291468699e-01 2.606058384050625731e-01
8.631125747034891493e-02 2.811664053379048789e-01 2.043238508065838011e-01 1.992724850993509433e-01 2.289260012858115589e-01
1.407678988499214967e-01 2.766497934805167702e-01 1.444438610583736737e-01 1.374713406473528632e-01 3.006671059638351684e-01
2.150019403671942220e-01 2.976794877970714848e-01 7.639427221819516944e-02 1.046415605979875013e-01 3.062827390195514976e-01
1.971171963653219894e-01 4.216091717255194826e-01 0.000000000000000000e+00 0.000000000000000000e+00 3.812736319091584725e-01
2.101548491815520558e-01 2.409659535798157615e-01 1.549299781763592010e-01 1.350777310669138698e-01 2.588714879953591397e-01
6.103206922741064716e-02 2.179333049659979149e-01 1.750716566680680375e-01 2.887894097498964197e-01 2.571735593886270155e-01
6.401935670789421495e-02 2.807440303343977650e-01 1.278009260681243486e-01 2.374824816279373363e-01 2.899532052616463074e-01
1.262890522082276701e-01 2.721110720195921151e-01 1.430242063944359987e-01 2.146902611823077456e-01 2.438854081954364150e-01
1.649361975587962104e-01 2.694548381795180414e-01 1.506727584742504622e-01 1.458450271857635039e-01 2.690911786016716434e-01
1.523164888256269001e-01 2.053298772202466205e-01 2.994638665084887741e-01 1.946759342430293416e-01 1.482138332026085026e-01
2.207494071218654708e-01 2.160700744093708991e-01 1.865362460712499948e-01 1.614952140703047045e-01 2.151490583272089030e-01
2.449157381979222281e-01 2.009242733667049030e-01 1.583164839068149088e-01 1.642028037636966142e-01 2.316407007648614291e-01
2.120798142950059695e-01 3.169352905957146804e-01 3.694608653958240951e-02 6.788651501065209870e-02 3.661522935590448835e-01
1.511012139423590084e-01 3.431686726809993204e-01 7.152610609798364105e-02 8.974056124460991213e-02 3.444634460340482707e-01
1.465849139800091683e-01 2.668159490471454509e-01 1.737667701192996683e-01 1.505592512056305732e-01 2.622731156479150560e-01
0.000000000000000000e+00 2.663655634980365283e-01 1.163213569594135494e-01 3.334159697207437212e-01 2.838971098218062150e-01
1.866163164871343094e-01 2.217668848768435952e-01 1.773979781827977886e-01 2.077929254636151080e-01 2.064258949896091710e-01
2.100847529606377773e-01 1.857165386063199808e-01 1.966855525872576449e-01 2.001890623437015682e-01 2.073240935020831677e-01
1.580935100062574872e-01 3.885343364547522160e-01 5.039752751809810360e-02 0.000000000000000000e+00 4.029746260208921793e-01
2.148703811413127107e-01 2.026668348290193988e-01 1.928373886973850371e-01 2.040550261438874302e-01 1.855703691883954232e-01
1.782546540532851387e-01 2.944669811555868932e-01 9.852350360287107089e-02 1.314102375383789101e-01 2.973446236498780149e-01
2.354827635314912515e-01 1.649936311960023827e-01 1.761127372881579056e-01 2.022025261369974070e-01 2.212083418473511087e-01
3.238072899795557125e-01 2.233451774271959789e-01 1.710815678309529630e-01 6.376442829486705932e-02 2.180015364674282863e-01
1.056867266867757976e-01 2.658083787647683716e-01 2.000183604862240672e-01 1.871530988475267054e-01 2.413334352147050443e-01
1.456068600041360572e-01 3.395117355429961292e-01 1.490828983208401515e-01 1.394592751821953081e-01 2.263392309498323263e-01
1.555380512951718419e-01 2.004345805152040749e-01 2.650566346517486127e-01 2.095749626289269418e-01 1.693957709089486119e-01
1.099972089503802042e-01 2.879335899716882197e-01 1.258114739770599677e-01 2.199447059760402112e-01 2.563130211248314527e-01
1.509590309510419337e-01 1.892561619382575056e-01 1.672644846119138995e-01 2.703617825230779648e-01 2.221585399757086965e-01
2.286857749445671550e-01 2.298262679559195665e-01 1.529993014976331056e-01 1.404315846927348121e-01 2.480570709091454717e-01
9.920988038189436364e-02 2.612318971643643462e-01 1.542084422139355371e-01 2.296270353550525500e-01 2.557227448847532170e-01
3.344810584279743482e-02 2.953998409062587038e-01 1.830174448387312525e-01 2.365838050855597896e-01 2.515508033266528054e-01
2.227513240502317915e-01 2.310694278918148659e-01 1.534473376748720641e-01 1.456590809723955215e-01 2.470728294106858403e-01
2.152867593616242525e-01 2.187012741701429563e-01 1.714939995275057971e-01 1.607199391026572777e-01 2.337980278380696331e-01
8.860155676058131813e-02 1.684930676851259246e-01 1.926959983260842779e-01 4.013752409903806329e-01 1.488341362378278743e-01
2.306948407832292713e-01 2.423907701330151876e-01 1.595086432657919773e-01 6.316752074895612412e-02 3.042382250690074397e-01
2.066900377726730575e-01 3.408450099641224806e-01 4.206430643452971352e-02 6.271720757257545631e-02 3.476834382560992087e-01
1.930858972208024937e-01 3.170159238967971138e-01 6.067758610878228043e-02 9.951090702009605937e-02 3.297096857535221082e-01
1.339721910840601660e-01 2.402123068249610582e-01 1.839601840679863098e-01 2.272019189650717197e-01 2.146533990579205797e-01
1.603657375682316089e-01 4.333412119959551001e-01 0.000000000000000000e+00 0.000000000000000000e+00 4.062930504358132078e-01
1.586722962270745996e-01 4.442874964354116551e-01 0.000000000000000000e+00 0.000000000000000000e+00 3.970402073375137730e-01
1.197903102984226031e-01 3.560652355251691659e-01 1.936800107155784226e-02 1.588318978877584220e-01 3.459445552170918869e-01
2.257513567539574384e-01 1.896297686302571839e-01 2.081866302389142886e-01 2.049643001978770640e-01 1.714679441789940528e-01
1.775928582764044195e-01 1.959163341140798542e-01 2.615189572011651920e-01 1.867631995615614826e-01 1.782086508467889685e-01
2.521547854089864482e-01 3.856633956248053385e-01 0.000000000000000000e+00 0.000000000000000000e+00 3.621818189662082688e-01
1.823873432367821568e-01 2.507500101846319440e-01 1.611704017209233952e-01 1.400127612328582738e-01 2.656794836248042024e-01
2.340801645283793753e-01 1.972885835618264083e-01 1.854505929646271811e-01 1.752965795553937389e-01 2.078840793897733241e-01
2.284683752315933847e-01 1.776142330809393488e-01 1.974398403964212345e-01 2.064144037599260351e-01 1.900631475311201635e-01
1.803872468787806604e-01 2.124943580839775970e-01 2.371945985985825511e-01 1.416937585895075569e-01 2.282300378491516624e-01
2.811605448437826671e-01 2.218290592074705636e-01 1.766139916796174714e-01 9.077349976796326991e-02 2.296229045011659864e-01
1.268348066278710551e-01 1.526781765468548380e-01 2.081220214275588676e-01 2.956308073351642807e-01 2.167341880625509865e-01
1.851688658501994544e-01 1.982908036919272809e-01 1.867862481009827380e-01 1.987639184458028230e-01 2.309901639110877314e-01
1.778183861735000704e-01 3.042870747865485392e-01 1.271148988685411041e-01 1.619584709907415376e-01 2.288211691806688597e-01
8.155210983932091595e-02 2.387321019498199748e-01 2.180482155496893115e-01 2.093359046802120427e-01 2.523316679809579077e-01
2.523852775097158996e-01 3.859390547506863500e-01 0.000000000000000000e+00 0.000000000000000000e+00 3.616756677395977504e-01
1.788799871750108017e-01 2.332027412222822949e-01 1.887478065164339136e-01 1.571095954149204776e-01 2.420598696713526232e-01
1.774462000962358232e-01 2.158474481176736459e-01 2.194247618599105276e-01 2.080642531439292064e-01 1.792173367822507413e-01
1.479326953028580194e-01 2.364275155416387664e-01 2.091635606431219152e-01 2.448228739106680651e-01 1.616533546017132339e-01
1.579325627982473557e-01 2.106176671179988136e-01 1.652839552781110444e-01 1.911171072727209097e-01 2.750487075329219322e-01
2.256949905802020928e-01 2.393905413327424569e-01 1.483547645255846315e-01 1.389146520822588105e-01 2.476450514792120916e-01
2.159437139335426692e-01 2.308565784859031300e-01 1.472739352393624690e-01 1.383557813559261329e-01 2.675699909852656821e-01
6.999411606333179325e-02 2.591754759545805697e-01 1.255410084341344878e-01 3.179763687838862429e-01 2.273130307640668923e-01
1.088081928205748145e-01 2.312682730799742181e-01 2.270994615380598491e-01 2.294414192327061952e-01 2.033826533286849092e-01
2.762434711689026323e-01 3.569424859497797864e-01 0.000000000000000000e+00 1.424201236279737035e-02 3.525720305185202075e-01
1.693830909310071187e-01 4.315506512145015350e-01 0.000000000000000000e+00 0.000000000000000000e+00 3.990662578544912908e-01
1.958400824004214169e-01 2.613995663572679651e-01 9.950327397159919318e-02 1.024134610620778818e-01 3.408436162086335708e-01
3.253403862445824329e-02 2.764370925721476580e-01 7.224769548969575683e-02 3.498031551214207391e-01 2.689780181922776237e-01
1.845613663327173581e-01 2.126966864240018573e-01 2.119500305602051438e-01 1.950411316321138122e-01 1.957507850509618841e-01
2.877612450401155764e-01 3.545082367067172724e-01 0.000000000000000000e+00 0.000000000000000000e+00 3.577305182531671512e-01
1.754651716619900492e-01 2.390900169477036818e-01 2.075456367666831670e-01 1.773129278345706161e-01 2.005862467890525414e-01
9.417354567179364588e-02 3.072104702957392242e-01 1.449617613243966707e-01 1.855901077351553019e-01 2.680641149729151018e-01
1.176506904863194591e-01 2.338012079334466642e-01 1.796788147178880746e-01 2.139318775067440837e-01 2.549374093556017740e-01
1.181329365171428919e-01 2.355929617032100354e-01 1.263989445282636959e-01 2.424505813103702001e-01 2.774245759410131074e-01
4.068818079397523019e-02 3.005413724677532539e-01 7.613136138735937530e-02 2.817062758863486116e-01 3.009328094645634666e-01
2.545999247237106800e-01 3.567465363962737945e-01 0.000000000000000000e+00 1.122758144030987400e-02 3.774259574397057504e-01
2.164010936082782499e-01 2.020244440335237091e-01 1.857674427039413823e-01 1.704019509278369426e-01 2.254050687264198272e-01
1.028907266056837966e-01 3.189828631364157729e-01 1.103504441303215372e-01 1.360131976901741424e-01 3.317627684374047647e-01
1.930959055961441184e-01 1.602218078934417034e-01 2.015015919747402406e-01 2.338538315813619151e-01 2.113268629543119392e-01
1.118403080178383135e-01 1.038328267706984248e-01 1.839440680432107844e-01 3.890908999683643232e-01 2.112918971998881401e-01
1.294669770902351080e-01 1.940294995853390769e-01 2.536553318439958571e-01 2.291728065810296755e-01 1.936753848994002825e-01
1.430754059697665614e-01 4.379503238514291241e-01 0.000000000000000000e+00 0.000000000000000000e+00 4.189742701788042867e-01
8.442915175038356868e-02 3.312689153533135422e-01 1.340514609551257952e-01 1.915099705047069167e-01 2.587405014364703160e-01
1.200247758600013481e-01 2.130940132887320093e-01 1.653842797631737971e-01 2.698842413429686227e-01 2.316126897451243061e-01
2.249406361267521637e-01 2.665167113306662894e-01 1.225302647983717297e-01 1.176510313408754976e-01 2.683613564033344168e-01
7.795889452069756920e-02 2.758121988221118870e-01 9.201529636497604581e-02 2.629673472594081796e-01 2.912462630328061519e-01
1.406628225163392698e-01 2.577171408406915831e-01 1.735248077961905888e-01 2.376105413434433378e-01 1.904846875033353037e-01
1.077946384453770112e-01 2.400721581377631419e-01 2.733626915897777732e-01 2.056317651933933510e-01 1.731387466336885284e-01
1.922661901067758139e-01 2.020020874994013504e-01 1.870764848638033218e-01 1.954683163173566440e-01 2.231869212126628699e-01
1.528761682650592313e-01 1.865370101721090801e-01 2.028488379529496122e-01 2.329561708435242129e-01 2.247818127663578081e-01
1.946269260194794237e-01 3.703164806123412367e-01 2.563862500154408600e-02 3.443607328619972124e-02 3.749818950804354456e-01
1.738475606711721022e-01 2.247733670912303583e-01 1.747084420228788848e-01 2.064922986020824858e-01 2.201783316126361134e-01
1.724603317977145278e-01 2.085349743549826662e-01 1.858002447556957870e-01 1.974657510810602368e-01 2.357386980105467822e-01
2.185870198287010735e-01 2.841422437596689554e-01 1.160406317656839104e-01 1.035831842230189592e-01 2.776469204229271570e-01
7.217232382761945564e-02 2.866154824702989434e-01 1.171670372606375132e-01 2.861843845887155346e-01 2.378607718527284698e-01
5.463546064033662081e-02 2.984900943629886783e-01 2.281032762109160561e-01 2.364637726963197406e-01 1.823073960894387724e-01
1.132614175982185334e-01 3.477647301436006533e-01 1.058256425363141018e-01 1.553484248773544518e-01 2.777997848445122875e-01
2.113476559450111758e-01 1.910548283358416699e-01 2.219302783334007045e-01 1.730050968587215632e-01 2.026621405270249143e-01
1.482391630156202900e-01 2.013324465787706408e-01 2.182759939983314468e-01 2.250236149099613947e-01 2.071287814973162555e-01
1.725768381944871865e-01 2.054871418171750064e-01 1.929195927567751434e-01 2.549715233177738405e-01 1.740449039137886567e-01
2.600429399705764810e-01 2.776855168508228777e-01 6.281465416745583841e-02 7.580734688303152058e-02 3.236495421281133100e-01
2.398641014800545479e-01 1.502707435123744606e-01 1.984975818299808681e-01 2.401392172905003342e-01 1.712283558870897893e-01
2.349022256201486469e-01 3.770688268178174485e-01 0.000000000000000000e+00 0.000000000000000000e+00 3.880289475620338768e-01
1.648119123355308857e-01 2.860019707762261332e-01 1.043808126167050654e-01 1.093800151898654399e-01 3.354252890816725730e-01
3.927228691260244431e-01 1.577897673011755819e-01 2.209534355384615012e-01 0.000000000000000000e+00 2.285339280343384183e-01
1.784251896149788019e-01 3.562880101986269366e-01 1.685756388687965901e-02 5.044828750638056386e-02 3.979809487931340595e-01
2.050084836535881194e-01 2.510928536278288492e-01 1.927089559241473571e-01 2.598951812677307779e-02 3.252001886676627596e-01
1.856933688668719884e-01 3.892624325399103857e-01 2.604011120573443069e-02 0.000000000000000000e+00 3.990040873874831640e-01
7.284254761061151329e-02 3.207129152190003052e-01 1.113740136439345524e-01 2.232776596339567932e-01 2.717928638924967943e-01
1.361284187771326648e-01 2.536514154244629560e-01 1.208377539397519490e-01 9.093051233296416125e-02 3.984518995256883800e-01
2.399893126309385061e-01 2.597108897809420891e-01 1.200978834030242415e-01 1.171350367994620917e-01 2.630668773856329468e-01
2.217309585320992316e-01 2.892930769726407836e-01 1.145995961889866438e-01 4.965238739586064209e-02 3.247239809104128239e-01
1.407652639421448637e-01 2.347175211119028049e-01 1.909886136950518787e-01 1.922889265324083663e-01 2.412396747184921697e-01
1.680702785731767457e-01 2.978847099386523478e-01 1.270046273103657419e-01 9.545482577342018216e-02 3.115855584043848436e-01
1.160079714067224904e-01 1.971889739643193362e-01 2.988019950847166650e-01 1.921009235780544167e-01 1.959001359661872443e-01
1.616060789811448462e-01 3.357096255027775533e-01 2.000486964002555768e-01 9.035677671724819116e-02 2.122788223985736245e-01
1.730988262526025334e-01 3.043186450509258734e-01 5.763401114659666424e-02 1.534039933382277676e-01 3.115445242116472446e-01
1.127608520834603723e-01 2.949103543982624087e-01 1.558421552772791818e-01 1.842651265802062177e-01 2.522215116607919305e-01
1.347960881593023574e-01 2.003275394968637435e-01 1.699306455322790177e-01 2.725621724393815781e-01 2.223835543721733865e-01
1.671842153679888310e-01 3.075153627399253020e-01 9.422658898173577602e-02 7.626755284031522253e-02 3.548062800700348962e-01
2.027780525832788006e-01 1.593417762392965176e-01 2.300851503278313892e-01 2.260780662431862154e-01 1.817169546064072161e-01
5.293001623428070929e-02 2.314942576504932514e-01 9.619160211532370997e-02 3.105392181496055004e-01 3.088449058502968914e-01
1.981618773851244741e-01 2.286023202698616585e-01 1.885496669662322933e-01 1.779215122855706266e-01 2.067646230932108087e-01
1.194752492355344725e-01 2.592540892240360328e-01 1.891659955099132540e-01 2.224872292057279433e-01 2.096174368247883391e-01
1.928888225016426872e-01 2.203404625225333646e-01 1.861460208075748080e-01 1.821243703261185287e-01 2.185003238421307503e-01
1.503107521479722375e-01 4.295082852777484250e-01 0.000000000000000000e+00 0.000000000000000000e+00 4.201809625742793375e-01
1.071089511145727202e-01 5.263476776322897344e-01 0.000000000000000000e+00 0.000000000000000000e+00 3.665433712531375732e-01
1.286600716528757959e-01 2.467516873497833385e-01 2.031335789324991148e-01 2.226662569151561244e-01 1.987884051496854876e-01
2.447678052431812856e-01 2.836067076978064372e-01 7.021504652386995060e-02 7.449651116903704962e-02 3.269139293661053047e-01
6.628865066747238743e-02 2.652612019155250467e-01 1.742094456120751589e-01 2.660882958040095558e-01 2.281524060009178512e-01
1.045626429053014284e-01 1.545996234206058195e-01 1.953134508112432943e-01 3.382771447894136752e-01 2.072471380734356716e-01
2.137202470549936784e-01 1.762518751518666604e-01 1.997682559879356834e-01 2.101975257176441902e-01 2.000620960875598431e-01
1.570174652742172550e-01 1.817554827619280444e-01 2.343049757049999737e-01 2.083209168895329144e-01 2.186011593693218125e-01
9.183612727054232816e-02 2.945558762569274736e-01 1.139826328894887608e-01 2.384442347770373838e-01 2.611811288060039704e-01
1.312447070194249499e-01 2.892492997858699399e-01 1.494815620161877301e-01 1.588840539722577438e-01 2.711403772062596085e-01
2.792562393677371912e-01 1.904274581342308426e-01 1.979524254328759725e-01 1.247261931562735210e-01 2.076376839088823756e-01
1.781920392790170560e-01 2.019880581844605005e-01 1.984011020934182412e-01 1.798143615410331408e-01 2.416044389020710059e-01
2.224544165103323201e-01 2.254042813935569767e-01 1.516209521830443885e-01 1.499651617223740352e-01 2.505551881906923350e-01
3.177872349875040386e-02 2.932160050771230875e-01 1.655125337404991237e-01 2.529193332373342873e-01 2.565734044462932295e-01
1.269819217498367181e-01 2.058486297398783305e-01 3.462333457410394777e-01 1.512017762336740623e-01 1.697343265355716058e-01
3.121394379772827188e-01 1.997672062869408072e-01 2.549619735914938623e-01 0.000000000000000000e+00 2.331313821442826395e-01
2.260715435559366437e-01 2.362575870220263718e-01 1.985637886467404578e-01 1.952700760637264554e-01 1.438370047115699879e-01
2.654211932311792976e-01 2.439841905303233027e-01 2.075908778599305504e-01 0.000000000000000000e+00 2.830037383785670713e-01
2.326147655071738596e-01 3.310954487375242783e-01 2.612645980938940737e-02 3.006531190081265792e-02 3.800980140450997413e-01
2.570790351249480632e-01 3.737473599522483925e-01 0.000000000000000000e+00 0.000000000000000000e+00 3.691736049228035998e-01
1.248071293214092214e-01 4.288051230712353612e-01 1.235772657647346735e-02 9.892278117702838804e-04 4.330407932191116527e-01
6.926103184628690235e-02 1.834659977422905819e-01 2.072263298878421200e-01 2.979226052775258982e-01 2.421240352460545253e-01
1.525358987305731884e-01 2.556106159418269352e-01 1.776819613535335907e-01 1.664485564780740778e-01 2.477229674959921801e-01
4.664824921845757422e-02 2.876730852590373422e-01 1.338039167123877826e-01 2.315820013809267164e-01 3.002927474291905985e-01
1.756118032597084599e-01 2.464171840862278695e-01 1.357325136826634526e-01 2.167601467808269733e-01 2.254783521905732446e-01
9.479055102474874539e-02 2.621542933204056847e-01 1.308184132830690349e-01 2.436267439467097173e-01 2.686099984250668871e-01
2.293124495000647134e-01 3.379792022875478530e-01 1.776699069601241424e-02 0.000000000000000000e+00 4.149413575163750090e-01
2.428578279376863991e-01 3.046977843819982379e-01 6.426041594412208735e-02 6.975126422595868958e-02 3.184327075102346694e-01
1.531204058497453446e-01 4.083344088417643625e-01 3.642994656731714936e-02 1.587724229052902766e-02 3.862379964506441055e-01
2.083191589298898083e-01 2.202587433295466190e-01 1.755373935957905973e-01 1.529653406570451457e-01 2.429193634877277463e-01
1.987571287351965754e-01 2.520489014434468267e-01 1.427668758131843407e-01 1.139546524349076689e-01 2.924724415732646854e-01
2.142384011177669023e-01 2.023423458173796985e-01 2.015861375543484268e-01 1.698130400753277425e-01 2.120200754351772854e-01
2.853591543246602469e-01 2.670462801580386070e-01 1.707147986669962925e-01 0.000000000000000000e+00 2.768797668503047982e-01
1.853114967531483692e-01 2.622423971231589990e-01 1.669459042544082505e-01 1.267913644102456883e-01 2.587088374590385542e-01
2.149481428352790213e-01 2.515763583422436223e-01 9.506137956508775577e-02 9.181390859269068783e-02 3.466002106646990377e-01
6.922504488877928575e-02 2.702780003703014744e-01 1.399596980170941529e-01 2.207232792020748791e-01 2.998139775217501524e-01
2.263309034905309769e-01 2.440890686455612357e-01 1.397971927070816300e-01 1.323186643060909051e-01 2.574641708507353077e-01
1.833848454295647634e-01 2.468241962823483904e-01 1.904833217831031211e-01 1.413934485940794572e-01 2.379141879109043511e-01
1.171851267364790727e-01 2.604395258209573627e-01 1.520902797853722344e-01 1.930932449816454011e-01 2.771918226755459846e-01
1.600527362354167704e-01 4.532247926846324493e-01 0.000000000000000000e+00 0.000000000000000000e+00 3.867224710799507248e-01
1.968067566808090196e-01 2.869484014163175556e-01 1.272683376129027932e-01 8.596995592581234413e-02 3.030065483641583568e-01
1.204775812700491083e-01 2.378684990006982858e-01 2.620620262789309374e-01 1.836911270171456556e-01 1.959007664331760268e-01
1.121100466999674222e-01 2.576617222572183397e-01 2.194099135816685586e-01 1.870581440559347386e-01 2.237601734052108715e-01
2.268968615142466227e-01 1.977245446062468326e-01 1.720521698697936863e-01 1.435334455616368021e-01 2.597929784480760840e-01
1.229696354142188336e-01 2.248196974891824573e-01 1.779007648397745445e-01 2.248454918362884636e-01 2.494644104205356872e-01
1.267504879465375378e-01 1.495747724023095693e-01 1.851167304981139183e-01 3.336429006690172505e-01 2.049151084840216963e-01
2.161664866288395548e-01 2.065172815167984344e-01 1.857913779556309153e-01 2.057531949958304185e-01 1.857716589029006216e-01
1.294265808640444326e-01 2.101457237134001232e-01 1.847151223348105498e-01 2.536006197655290562e-01 2.221119533222158937e-01
2.819640843015852605e-01 2.126397397392103816e-01 1.990674798374470200e-01 8.833134681472228078e-02 2.179973493070349877e-01
1.243515005671698287e-01 3.721170318018369727e-01 1.234196810528778859e-01 8.634304423276435714e-02 2.937687423453510527e-01
3.256885307580718869e-02 3.073619424181578963e-01 1.322241257770044032e-01 3.023867709106595747e-01 2.254583078183710343e-01
2.422613339714401182e-01 2.620663057318858291e-01 1.091474983254563380e-01 1.100548413379454221e-01 2.764700206332723065e-01
1.156901087068441386e-01 2.233531902244190182e-01 1.877890599814107941e-01 2.441251219402945649e-01 2.290425191470315258e-01
2.225776984854926088e-01 3.700969854944195503e-01 0.000000000000000000e+00 0.000000000000000000e+00 4.073253160200878686e-01
1.501137241496020291e-01 3.718903500128941109e-01 5.854485194163405043e-02 9.607102391681686393e-02 3.233800499790530636e-01
1.088134371160025121e-01 2.616314982869430428e-01 1.705926618138378648e-01 2.254736824176701571e-01 2.334887203655464927e-01
1.182399905025406373e-01 2.858728033756920972e-01 1.356047423497858950e-01 1.301259207281863783e-01 3.301565430437949367e-01
1.708834097943483787e-01 2.127261074619679060e-01 1.654328581274814025e-01 2.696362651170765568e-01 1.813213594991256727e-01
3.317962873249158395e-01 2.207663135819687705e-01 2.559733500320254818e-01 0.000000000000000000e+00 1.914640490610898249e-01
1.843833595040754447e-01 3.966307622822599632e-01 1.751459783809494047e-02 0.000000000000000000e+00 4.014712803755696169e-01
7.955161506016010520e-02 2.760353934362537731e-01 1.992119459929617697e-01 1.996871447136840672e-01 2.455139007969403542e-01
8.689190593975291976e-02 1.843996657124497007e-01 2.569862153933783477e-01 2.595674876709835321e-01 2.121547252834354302e-01
1.616972948072092908e-01 2.507643025871394427e-01 1.347103644162180591e-01 2.247364082913982652e-01 2.280916298980349421e-01
8.395393564349533377e-02 2.176233765016656885e-01 1.356248227512259485e-01 2.622295927618653044e-01 3.005682723417476554e-01
1.871309785978828022e-01 3.505371696996262831e-01 2.333554412270632747e-02 2.478943689872242437e-02 4.142068706810621004e-01
