A[C>A]A	A[C>A]C	A[C>A]G	A[C>A]T	C[C>A]A	C[C>A]C	C[C>A]G	C[C>A]T	G[C>A]A	G[C>A]C	G[C>A]G	G[C>A]T	T[C>A]A	T[C>A]C	T[C>A]G	T[C>A]T	A[C>G]A	A[C>G]C	A[C>G]G	A[C>G]T	C[C>G]A	C[C>G]C	C[C>G]G	C[C>G]T	G[C>G]A	G[C>G]C	G[C>G]G	G[C>G]T	T[C>G]A	T[C>G]C	T[C>G]G	T[C>G]T	A[C>T]A	A[C>T]C	A[C>T]G	A[C>T]T	C[C>T]A	C[C>T]C	C[C>T]G	C[C>T]T	G[C>T]A	G[C>T]C	G[C>T]G	G[C>T]T	T[C>T]A	T[C>T]C	T[C>T]G	T[C>T]T	A[T>A]A	A[T>A]C	A[T>A]G	A[T>A]T	C[T>A]A	C[T>A]C	C[T>A]G	C[T>A]T	G[T>A]A	G[T>A]C	G[T>A]G	G[T>A]T	T[T>A]A	T[T>A]C	T[T>A]G	T[T>A]T	A[T>C]A	A[T>C]C	A[T>C]G	A[T>C]T	C[T>C]A	C[T>C]C	C[T>C]G	C[T>C]T	G[T>C]A	G[T>C]C	G[T>C]G	G[T>C]T	T[T>C]A	T[T>C]C	T[T>C]G	T[T>C]T	A[T>G]A	A[T>G]C	A[T>G]G	A[T>G]T	C[T>G]A	C[T>G]C	C[T>G]G	C[T>G]T	G[T>G]A	G[T>G]C	G[T>G]G	G[T>G]T	T[T>G]A	T[T>G]C	T[T>G]G	T[T>G]T
3	1	0	0	0	0	1	1	0	0	0	0	1	0	0	0	0	0	0	0	0	0	0	1	0	0	0	0	1	0	0	1	2	11	1	2	13	18	7	15	0	4	3	1	24	53	32	12	0	0	0	2	0	0	0	0	0	0	0	0	0	0	2	1	0	0	0	0	0	0	1	2	0	0	0	2	0	3	0	0	0	0	0	0	0	0	1	0	0	1	2	1	0	0	1	1
0	0	0	0	0	0	0	0	0	0	0	0	0	0	0	0	0	0	0	0	0	0	0	0	0	0	0	0	0	0	0	0	0	0	0	0	0	0	0	0	0	0	0	0	0	0	0	0	0	0	0	0	0	0	0	0	0	0	0	0	0	0	0	0	0	0	0	0	0	0	0	0	0	0	0	0	0	0	0	0	0	0	0	0	0	0	0	0	0	0	0	0	0	0	0	0
0	1	2	1	2	2	6	7	3	1	0	1	7	10	3	7	0	2	3	0	0	3	6	2	0	1	2	0	0	3	0	3	5	93	8	20	195	286	80	211	4	68	4	49	312	682	274	197	5	1	1	11	0	4	3	7	1	1	2	2	2	2	4	11	5	2	5	1	2	5	3	9	2	1	4	21	4	2	5	1	1	2	2	3	0	6	3	4	1	1	1	5	0	2	1	4
2	0	2	0	4	0	2	2	0	1	1	0	1	6	0	1	0	1	0	0	0	0	0	0	2	3	1	0	2	3	2	2	4	29	5	12	79	126	43	88	2	28	4	21	138	344	121	94	0	0	2	7	0	3	3	0	2	1	2	1	1	3	3	4	2	1	0	3	2	3	0	7	3	1	3	15	4	2	5	1	0	0	1	2	0	1	7	4	1	1	7	1	1	1	5	1
0	1	0	0	4	1	1	0	0	0	1	0	0	0	0	0	0	0	0	0	0	1	0	0	0	0	0	0	0	0	0	0	0	4	2	0	9	14	5	8	0	2	1	1	5	23	14	3	0	0	1	0	0	0	0	0	1	0	1	0	0	0	0	0	1	2	1	0	0	0	0	1	0	0	0	0	0	0	0	0	0	0	0	0	0	0	0	0	0	0	0	0	0	0	0	0
1	0	0	0	2	0	0	0	0	0	0	0	0	0	0	2	0	1	1	0	0	0	1	0	0	0	0	0	1	1	1	0	1	16	2	3	18	40	15	29	0	10	0	3	35	114	50	29	2	1	0	1	0	0	0	0	0	0	0	0	0	0	1	0	0	0	2	3	1	0	1	2	1	0	2	6	0	0	0	1	0	0	1	0	0	0	0	0	1	0	1	0	0	1	1	1
0	2	0	0	1	0	0	0	1	0	0	0	1	0	0	1	0	0	0	0	0	1	0	0	0	0	1	0	1	0	0	0	0	15	2	5	30	68	13	44	0	13	0	8	31	132	44	39	0	0	0	1	0	0	0	1	0	1	0	0	0	1	0	1	0	0	2	1	1	1	1	0	0	0	2	6	2	1	1	0	0	0	0	0	0	0	0	0	0	0	0	0	0	0	0	0
1	1	0	0	5	2	1	1	0	0	0	0	1	0	0	1	0	1	0	0	0	0	0	0	0	0	0	2	0	0	0	0	3	15	0	0	31	41	13	28	0	10	2	5	16	81	32	25	0	0	0	0	0	0	0	1	1	0	0	0	0	0	1	1	1	1	1	1	0	2	3	0	0	1	0	1	2	0	2	0	2	1	0	2	0	0	0	0	0	0	0	1	0	0	2	0
1	1	0	0	6	3	0	0	0	1	0	1	1	6	0	1	3	1	2	1	1	1	0	2	1	0	3	0	0	2	2	3	1	27	6	6	46	102	27	66	1	23	3	17	103	229	110	66	0	0	5	1	2	2	3	1	1	0	0	2	1	0	1	8	0	1	1	0	0	2	1	5	4	1	2	5	0	7	3	0	0	0	2	2	1	0	3	8	0	0	4	4	3	1	1	3
1	0	0	0	2	1	3	1	0	0	0	0	1	1	0	0	0	1	0	1	0	0	0	0	0	0	0	1	0	0	0	0	1	5	1	3	17	16	6	10	0	2	1	1	21	48	28	11	0	0	0	0	1	0	1	0	0	0	1	0	0	1	0	0	0	0	0	0	0	1	0	0	2	0	0	2	1	1	0	1	0	1	0	0	0	0	0	0	0	0	2	0	0	1	0	0
0	0	0	0	2	5	0	1	0	0	0	0	2	1	0	5	1	0	1	0	0	2	0	1	0	0	1	0	2	1	1	1	0	21	5	2	39	55	14	34	2	10	3	12	73	154	74	41	2	1	1	1	0	3	0	2	1	1	1	1	0	0	1	1	1	1	0	1	0	3	1	3	0	0	0	9	1	3	1	0	0	0	1	1	0	2	1	1	0	0	2	0	0	0	0	2
1	0	0	1	1	0	0	1	2	0	0	0	3	2	1	1	0	1	0	0	1	0	1	2	0	0	0	0	0	0	0	1	0	13	5	9	51	76	26	49	3	12	0	6	67	164	76	55	1	1	0	5	0	2	2	0	0	1	1	1	3	3	1	2	3	1	1	0	0	1	1	3	0	0	0	4	2	1	0	1	0	1	0	1	0	1	0	2	0	1	1	0	0	1	0	0
0	0	0	0	2	0	0	1	0	0	0	0	0	0	0	1	1	1	0	0	0	0	0	0	0	0	0	0	0	1	0	0	1	3	0	3	3	11	3	5	1	3	0	3	12	25	12	5	0	1	0	0	0	0	1	1	0	0	1	0	0	0	1	1	0	0	2	0	1	0	1	0	0	1	2	2	1	0	1	0	0	0	0	0	0	0	0	0	0	0	1	0	0	0	0	0
1	1	1	0	5	0	1	0	0	0	0	0	2	3	0	1	0	1	0	1	0	0	1	1	1	1	0	1	1	1	1	0	1	32	2	7	56	66	36	64	1	33	2	4	98	204	98	65	1	0	0	1	1	0	0	4	0	2	0	2	3	2	0	3	2	2	2	1	1	0	2	3	1	0	0	5	1	1	2	3	0	0	1	1	0	0	4	2	2	0	1	1	0	2	1	1
1	1	0	0	1	2	1	2	0	1	0	1	2	1	0	0	0	0	0	0	1	0	1	2	0	1	0	0	0	0	0	2	0	9	3	2	20	21	13	13	1	9	3	4	16	44	15	14	1	0	1	0	0	1	1	1	0	0	0	0	1	0	0	0	0	1	0	1	0	2	1	0	1	1	0	0	1	0	1	0	0	0	0	1	1	0	0	3	0	0	0	0	0	1	0	2
1	0	0	0	2	3	1	2	1	0	0	2	0	5	1	3	0	2	1	1	0	1	1	0	0	1	1	0	2	0	0	2	1	11	5	5	56	99	25	54	1	21	3	13	83	206	94	57	1	1	3	6	0	0	0	1	1	0	1	2	1	0	1	3	1	0	2	1	0	0	2	3	1	0	1	8	3	0	0	2	0	1	2	0	0	1	0	2	0	1	1	1	1	0	1	1
0	2	0	0	6	2	0	0	0	0	1	0	0	1	0	0	1	0	0	0	0	0	0	0	0	0	0	0	0	0	0	0	1	15	0	3	15	30	11	18	1	4	4	4	20	65	31	22	1	0	0	1	0	0	0	0	0	1	1	0	1	0	1	0	0	0	0	1	0	0	0	1	1	0	0	3	0	0	0	2	0	2	0	0	0	0	1	2	0	0	0	0	0	2	0	0
1	2	0	0	1	1	1	5	0	4	1	0	1	2	0	1	1	1	0	1	0	0	1	1	0	0	0	0	1	0	1	2	0	25	7	5	48	81	33	70	1	14	5	13	71	169	77	52	2	0	0	1	1	4	0	2	0	0	1	0	1	1	0	1	0	1	2	0	1	3	2	4	0	1	1	6	1	0	1	3	0	0	1	0	0	0	0	0	0	1	2	0	4	1	0	1
0	0	0	0	1	0	0	0	0	0	0	0	1	1	0	0	0	0	0	0	0	0	0	0	0	0	0	0	0	0	0	0	2	6	2	4	7	19	6	5	2	4	1	4	9	26	8	9	0	0	0	1	0	0	0	0	2	0	1	0	0	0	0	0	0	0	1	1	1	0	0	0	0	0	0	2	0	0	0	0	1	0	0	0	1	0	0	0	0	0	0	0	0	1	2	0
1	1	0	0	8	2	0	1	2	1	0	0	1	1	0	0	0	0	0	0	0	0	0	0	0	2	0	0	2	2	0	0	2	13	3	4	34	42	16	27	1	9	1	14	34	122	58	28	1	1	1	0	1	1	0	0	0	0	1	0	1	1	0	5	0	0	1	0	1	1	0	2	1	0	0	4	2	0	1	0	0	0	0	0	0	0	0	2	0	0	0	1	0	0	0	0
2	1	1	1	3	3	3	2	2	0	0	1	5	2	1	5	0	0	0	1	3	0	1	2	0	1	4	1	2	1	0	2	5	56	3	18	143	150	50	131	3	55	8	20	173	429	223	116	0	1	1	8	1	1	2	7	0	1	2	2	3	3	3	7	2	1	5	4	3	7	1	10	1	1	5	14	7	3	3	3	2	2	1	0	0	1	2	1	1	1	4	2	3	1	2	5
0	0	0	0	1	1	0	3	0	1	0	0	1	1	0	3	0	0	0	0	0	1	0	0	1	0	2	0	0	0	0	2	0	29	0	7	49	64	18	43	0	14	1	14	58	140	83	55	1	1	1	4	1	2	1	4	0	0	2	1	1	1	1	4	0	0	2	0	3	1	0	3	1	1	0	3	4	0	3	6	0	0	0	0	0	0	0	1	0	0	1	1	0	0	1	2
2	2	1	0	1	4	3	8	2	2	0	0	2	3	1	1	0	1	0	1	0	4	1	0	0	1	0	0	0	2	0	1	2	26	4	16	79	97	41	109	0	29	6	23	149	310	170	89	1	0	0	2	2	2	4	6	1	1	2	1	1	3	1	2	2	2	3	0	3	1	1	1	1	2	1	4	3	4	5	3	0	1	0	0	0	1	1	1	1	1	2	2	0	0	1	0
0	0	0	0	5	1	1	1	0	2	1	1	2	4	1	2	0	0	0	0	0	3	1	0	0	0	0	0	0	1	0	2	2	54	3	11	143	242	49	166	4	49	2	36	177	511	214	113	1	1	3	1	1	2	1	1	0	0	1	2	2	2	2	6	2	1	2	1	2	2	2	2	2	5	5	11	0	2	4	2	0	0	4	0	3	4	1	2	0	0	0	0	0	3	1	4
0	1	1	2	2	1	3	3	0	3	1	2	7	0	0	3	0	1	0	1	1	1	0	2	0	1	0	0	2	2	0	1	2	28	1	6	87	130	36	88	2	26	5	14	89	280	116	91	2	2	3	2	0	3	1	2	0	2	0	1	2	4	7	15	1	0	2	3	2	2	3	8	2	1	2	11	5	3	0	4	1	0	3	2	1	0	1	2	0	0	1	0	0	3	0	3
0	0	0	0	2	0	1	0	0	0	0	0	0	0	0	1	1	0	1	0	0	0	1	0	0	0	0	1	0	0	0	0	0	2	4	0	3	7	5	9	0	4	0	2	6	12	14	5	0	0	0	1	0	0	0	1	0	0	1	0	0	0	0	0	0	0	1	0	0	0	0	0	0	0	0	1	0	0	0	0	0	0	0	0	0	0	0	0	0	0	0	0	0	0	0	0
2	0	0	0	0	0	1	2	1	0	0	1	3	4	1	1	0	1	2	0	0	1	2	0	0	0	1	1	0	1	0	1	1	16	3	6	55	50	19	51	0	28	4	12	45	134	75	42	0	0	1	1	1	0	0	4	0	0	2	1	3	0	1	5	0	2	0	2	2	0	2	5	1	0	2	8	1	6	0	1	1	0	0	0	0	2	1	1	2	1	1	1	1	1	1	3
0	0	0	0	0	0	0	0	1	0	1	0	0	0	0	0	0	0	0	0	0	0	0	0	0	0	0	0	0	0	0	1	0	0	2	0	0	0	0	1	1	0	1	1	0	0	0	0	0	0	0	0	0	0	0	0	0	1	0	0	0	0	1	0	0	0	0	0	0	0	0	0	0	0	1	0	0	1	0	0	0	0	0	0	0	0	0	0	0	0	0	0	0	0	1	0
1	0	1	0	1	0	0	0	2	1	0	0	2	2	0	0	2	1	0	0	1	1	0	1	3	2	0	0	0	0	0	1	2	1	4	0	1	3	2	0	5	0	7	0	1	1	3	1	0	0	1	0	0	0	1	0	0	0	0	0	0	1	0	0	0	0	0	0	1	1	2	1	1	2	2	0	0	1	0	0	0	0	0	0	1	0	0	0	0	0	0	0	1	0	0	0
0	0	0	0	4	0	0	0	0	0	0	0	0	0	0	0	0	0	0	0	0	0	0	0	0	0	0	1	2	0	0	1	2	1	1	0	0	1	3	1	0	0	1	0	2	1	2	1	0	1	0	1	0	0	0	0	0	0	0	0	0	1	0	2	0	0	1	0	0	0	4	1	1	0	7	1	0	0	3	0	0	0	1	0	0	0	0	2	0	0	0	0	0	0	1	2
1	0	0	0	4	1	0	3	0	0	0	0	0	1	1	2	2	0	0	0	1	0	1	0	1	0	0	0	2	0	0	0	1	10	2	3	26	30	12	25	1	9	3	4	39	104	35	16	1	1	0	2	0	1	2	0	1	0	1	0	0	0	1	0	0	0	2	2	0	1	1	2	1	0	1	4	0	1	0	0	0	0	1	0	0	1	1	2	0	0	3	1	0	0	0	0
2	1	3	0	5	4	4	2	0	0	0	1	1	1	0	1	1	0	1	0	2	0	0	0	0	0	0	0	1	1	0	0	0	7	3	7	36	72	14	31	1	17	2	6	28	127	55	26	0	0	2	2	1	0	1	0	0	1	1	0	0	0	0	2	0	1	0	2	2	1	0	1	1	2	0	1	0	0	0	0	2	1	2	0	0	0	0	0	0	0	2	0	0	1	2	0
0	1	0	0	0	0	2	1	1	1	0	0	1	4	1	2	1	2	1	2	0	3	0	1	0	0	2	1	1	1	0	3	1	26	6	10	105	125	45	110	5	27	3	20	106	251	112	97	1	0	2	1	0	1	1	0	1	1	1	0	1	3	1	6	3	0	1	4	5	1	0	12	1	0	1	12	3	1	0	2	1	1	1	0	0	0	4	0	0	2	2	0	0	1	1	1
0	0	0	0	0	0	1	0	0	0	0	0	0	2	0	0	0	0	0	0	0	0	0	0	0	0	0	0	0	0	0	0	0	4	1	4	8	11	5	12	0	5	0	0	9	35	15	10	0	0	0	0	0	0	0	1	0	1	1	1	0	0	0	0	0	0	0	0	0	0	0	1	0	0	1	0	0	0	0	1	0	1	0	0	0	0	1	0	0	0	0	0	0	0	1	0
3	0	1	0	0	0	1	1	0	0	0	0	2	0	0	1	0	0	0	0	0	0	0	0	0	0	0	2	1	1	1	3	1	10	2	3	21	30	14	31	1	8	2	4	23	66	30	30	0	0	0	0	0	0	0	1	0	0	0	0	0	0	0	0	0	0	0	1	0	1	1	1	1	1	1	6	1	1	0	0	2	1	1	0	1	1	1	0	0	0	1	0	0	0	0	0
0	0	0	1	1	1	0	0	0	0	0	0	1	1	0	3	0	0	0	0	0	0	0	1	0	0	1	0	0	2	0	2	0	0	2	0	1	2	2	0	0	0	2	1	2	1	2	1	0	0	1	0	0	0	0	0	0	0	1	0	0	0	0	0	1	0	3	0	0	0	1	1	0	2	0	1	0	0	1	0	0	0	0	0	0	0	0	1	0	0	0	1	0	0	1	0
0	0	2	0	3	4	2	3	1	0	0	1	0	1	1	4	0	1	0	0	0	1	0	0	0	0	1	1	0	0	1	3	2	15	5	4	33	52	17	50	1	16	6	14	66	155	78	53	1	1	0	2	0	0	0	0	1	1	1	0	0	1	1	3	1	1	1	2	1	1	0	2	0	1	0	4	1	1	1	0	0	0	3	0	0	0	0	0	0	0	1	0	0	1	0	1
1	2	0	0	1	2	0	1	1	0	0	0	2	3	0	0	2	1	2	0	1	0	0	0	1	1	1	0	0	2	0	1	0	15	3	4	30	60	29	36	0	16	1	6	45	118	57	40	0	1	0	0	0	2	1	1	1	0	1	1	1	2	1	3	1	0	1	1	1	2	2	4	0	0	0	4	1	1	3	1	0	0	1	0	1	1	1	1	0	0	3	2	0	1	1	1
0	0	0	0	1	1	0	0	0	0	0	0	0	1	0	0	0	0	0	0	0	0	0	0	0	0	0	0	0	0	0	0	0	0	2	0	2	0	1	2	0	1	1	0	2	2	3	1	0	0	0	0	0	0	0	0	0	0	0	0	0	0	0	0	0	0	0	0	1	0	0	1	0	1	0	0	2	0	0	0	0	0	0	0	0	0	0	0	0	0	1	0	0	0	0	0
0	0	0	0	2	0	1	0	0	0	0	0	0	1	0	0	0	0	0	0	0	1	2	1	0	1	0	0	0	1	0	0	1	9	3	8	38	50	15	42	1	13	1	5	46	115	55	45	0	2	0	3	0	0	1	0	0	1	2	0	1	1	0	0	0	0	0	2	1	1	0	2	1	0	0	4	1	2	1	0	0	0	0	0	0	0	0	1	0	0	3	0	1	0	0	1
0	0	0	0	0	2	1	1	0	0	0	1	2	2	0	0	0	0	0	1	1	1	0	0	0	0	0	1	1	0	0	2	4	20	1	7	49	73	17	44	1	11	2	13	85	243	100	67	0	1	0	3	0	1	0	0	0	0	1	1	2	2	2	1	0	1	1	0	1	1	1	5	2	0	0	9	2	0	1	1	0	2	0	0	0	0	1	0	0	1	0	0	1	1	1	1
0	0	1	0	1	0	0	0	0	0	0	0	0	1	0	1	0	0	0	1	0	0	0	0	0	0	1	0	0	0	0	0	0	5	0	1	5	7	6	8	0	3	2	1	4	22	8	7	0	0	0	1	0	0	0	0	0	0	0	0	0	0	0	1	1	0	0	0	0	0	0	1	1	0	0	2	0	0	1	0	0	0	0	0	0	0	0	0	0	0	0	0	0	0	0	0
1	0	1	1	2	1	0	0	0	0	1	1	0	2	1	1	0	1	0	1	1	0	1	3	0	2	1	0	0	0	0	1	1	8	2	3	44	45	18	44	0	19	5	10	37	108	50	24	1	0	1	3	0	1	0	1	1	0	4	1	0	0	2	1	2	0	3	1	2	2	0	5	0	0	0	4	1	0	2	0	0	1	0	0	1	2	1	1	0	1	3	0	1	0	1	1
0	1	1	0	0	0	0	0	0	0	0	0	1	1	1	0	1	1	0	0	0	0	0	0	1	0	1	0	0	0	0	1	0	0	1	0	0	0	0	0	1	0	0	0	0	1	1	1	0	0	0	0	0	0	0	0	0	0	0	0	0	0	0	0	0	0	0	0	0	0	0	0	0	1	0	1	0	0	0	0	0	0	0	0	0	0	0	0	0	0	0	0	0	0	0	1
0	0	0	2	2	0	0	3	0	0	0	0	1	1	1	0	0	1	0	1	0	0	1	1	0	0	0	0	0	1	0	0	0	9	2	2	20	29	7	17	2	11	6	4	16	63	40	23	0	0	1	0	0	1	1	0	0	0	0	0	0	1	0	1	1	0	1	1	0	0	0	0	3	1	0	3	0	0	2	0	0	0	0	0	1	0	0	0	0	0	0	1	0	0	0	0
0	0	0	0	7	0	0	2	1	1	0	0	0	1	0	0	0	0	1	0	1	1	1	0	0	1	0	0	1	2	0	0	2	15	4	4	38	87	14	51	0	10	2	1	34	140	53	50	1	1	0	1	0	0	0	3	1	0	2	0	0	0	1	1	0	0	2	1	0	0	2	2	1	0	0	2	2	1	0	2	0	0	0	0	0	1	1	4	0	0	2	0	2	3	0	0
0	1	0	0	2	2	0	0	1	1	0	0	0	0	1	1	2	2	1	1	0	0	1	1	1	1	2	0	0	1	0	2	0	7	3	4	30	58	18	32	3	11	6	6	41	115	49	27	1	0	0	2	0	2	0	3	1	0	2	0	0	1	1	0	1	0	0	1	1	1	2	5	0	1	1	5	1	1	1	1	0	0	1	1	0	1	1	4	0	0	2	0	0	0	0	0
1	4	2	2	7	3	0	3	2	0	0	0	4	4	0	6	1	2	3	2	0	1	5	0	0	2	1	0	1	2	0	0	4	34	1	11	146	236	62	169	2	38	10	40	200	553	229	133	1	2	3	5	2	1	5	4	0	2	3	2	3	4	4	10	2	0	1	8	2	4	2	10	2	0	2	12	6	1	2	4	3	0	4	1	0	1	1	1	1	0	7	0	1	1	2	3
1	1	0	0	2	1	0	1	0	0	0	0	0	2	1	1	1	1	0	0	0	0	0	0	0	0	0	0	0	0	0	0	0	3	0	0	8	20	10	9	1	7	0	6	15	34	14	9	0	0	0	0	0	0	0	1	0	0	1	0	0	0	0	0	0	0	0	1	1	0	0	0	0	0	0	0	0	1	0	2	0	0	0	0	0	1	0	2	0	0	0	0	0	0	0	0
2	1	0	0	2	3	2	3	1	2	0	0	2	2	0	0	0	1	2	0	0	3	1	0	1	1	0	0	1	2	0	1	0	34	7	6	53	98	31	65	2	29	5	17	81	176	104	60	1	2	1	3	0	1	3	2	0	1	1	2	0	1	0	3	1	1	3	1	1	2	0	3	2	0	0	7	2	2	2	1	1	2	3	0	2	1	1	1	0	0	3	2	2	1	2	0
0	1	0	1	3	1	2	4	0	0	0	0	1	0	0	0	0	0	1	0	0	0	0	0	0	0	0	0	1	1	0	1	1	11	2	5	34	44	19	33	0	11	2	8	36	94	37	29	1	0	0	1	1	0	4	0	0	0	4	0	0	1	0	0	2	0	0	1	0	0	2	0	1	0	0	1	1	0	2	0	0	0	1	0	0	0	1	1	1	0	1	2	0	1	1	0
0	0	0	0	1	1	2	2	0	0	0	1	0	0	1	1	0	2	1	0	0	0	1	1	1	0	1	0	0	2	0	0	3	10	3	3	25	42	20	31	0	12	3	7	45	110	43	41	1	1	0	0	0	0	1	1	0	1	0	0	0	0	2	2	0	1	1	0	0	0	2	1	0	1	0	5	3	5	4	3	0	0	0	0	1	0	0	2	0	0	0	1	0	0	0	0
0	0	0	0	3	1	0	1	2	0	0	0	2	0	3	2	1	2	0	0	1	0	1	1	0	1	0	0	2	2	0	1	0	15	1	2	32	52	18	34	1	15	3	11	47	96	41	27	0	0	0	2	1	0	0	1	0	0	1	1	2	1	0	1	1	0	2	2	1	0	0	3	1	1	1	2	1	0	0	2	0	1	0	0	0	2	1	2	0	0	1	0	0	0	0	3
3	3	1	0	5	1	2	3	1	0	0	1	1	6	1	1	1	2	2	2	1	1	3	1	1	3	1	1	1	4	1	6	3	21	5	9	55	59	25	56	2	15	4	7	71	234	90	48	1	1	1	2	2	0	3	2	0	1	3	1	0	1	1	2	3	1	4	3	5	4	2	5	2	1	2	17	4	6	4	1	1	0	2	0	0	0	2	2	0	0	3	2	3	1	0	2
0	0	0	0	5	1	0	0	0	1	0	0	0	0	0	1	0	0	0	1	0	1	0	1	0	0	0	0	1	1	0	1	1	2	2	3	34	47	10	22	0	10	1	8	35	86	52	32	0	0	1	1	1	0	0	0	0	1	1	0	0	0	0	0	0	0	1	1	3	1	2	2	1	0	1	2	0	1	0	2	0	1	0	0	0	0	0	0	0	0	0	0	0	1	0	1
1	0	1	0	0	0	0	1	0	1	0	1	0	0	0	0	2	0	0	3	0	0	0	1	0	3	0	2	1	1	0	4	1	1	4	0	0	1	1	2	0	0	3	0	1	2	2	1	0	0	0	0	1	2	0	3	0	0	0	0	0	0	0	0	1	0	1	1	0	1	1	2	1	2	0	2	1	0	0	0	0	0	1	0	0	1	1	4	0	0	0	2	0	1	0	1
1	0	0	0	2	1	0	1	0	0	0	0	3	0	1	0	0	0	0	1	0	1	1	2	0	1	0	0	0	0	0	1	5	1	2	3	8	16	12	15	1	10	3	6	15	29	19	15	0	0	0	2	0	0	0	1	0	0	1	0	2	0	1	0	2	0	0	0	0	0	0	1	0	0	2	0	0	0	2	0	0	0	2	0	0	0	1	0	0	0	2	0	0	0	0	0
1	1	1	0	7	1	0	1	1	0	0	1	0	3	0	3	2	1	1	1	1	0	1	2	0	1	0	0	3	1	0	4	1	7	8	7	16	44	16	26	0	7	5	2	24	63	24	27	0	0	1	1	0	1	2	1	0	0	2	2	0	2	1	2	0	0	0	1	1	0	3	1	1	2	0	0	3	1	0	0	0	0	1	0	0	0	1	0	1	0	1	2	0	1	0	0
0	0	0	0	7	0	4	2	0	0	0	0	0	0	0	0	0	1	0	0	0	0	0	0	0	0	0	0	0	0	1	0	1	4	3	0	11	21	3	10	0	0	0	1	8	42	16	7	0	0	0	1	1	1	0	0	0	1	1	0	0	0	0	1	1	0	1	0	0	0	1	3	0	0	0	3	0	0	0	0	0	0	0	0	0	1	1	0	0	0	0	0	0	0	0	0
0	1	0	0	3	2	0	0	2	0	0	0	4	3	2	5	0	1	0	2	1	2	1	0	0	0	0	1	1	0	0	3	1	31	3	10	90	144	40	94	3	21	3	14	125	328	137	81	1	1	0	6	1	4	3	13	3	4	1	3	8	5	4	23	2	0	0	6	0	1	4	9	0	2	0	18	3	4	8	8	1	0	2	0	0	1	4	5	1	0	2	2	0	3	1	5
0	2	0	0	4	1	0	1	0	0	0	0	1	0	0	0	0	2	0	1	0	1	0	0	0	0	0	0	2	0	2	1	0	18	0	6	37	69	14	72	1	15	0	12	98	218	78	61	0	0	2	0	0	1	1	0	2	0	0	0	1	2	0	4	0	0	1	2	0	1	1	3	0	0	1	9	4	1	1	0	0	0	1	0	1	2	1	1	0	0	3	0	0	2	1	2
0	0	1	1	1	1	0	1	0	2	0	0	1	1	0	0	0	0	0	0	0	0	0	0	0	1	0	0	0	0	1	1	1	6	2	2	31	34	6	21	0	5	3	3	40	88	38	21	0	0	0	0	0	0	0	0	2	0	1	0	0	0	2	0	0	0	0	1	0	0	0	0	0	0	0	7	0	0	1	0	2	0	1	0	0	0	0	1	0	0	1	0	0	0	0	1
1	0	0	1	0	0	0	1	0	0	0	0	1	3	0	0	1	0	0	1	0	0	0	0	0	0	0	0	3	0	2	5	1	0	1	0	2	0	2	1	0	2	0	4	1	3	0	2	0	1	0	0	1	0	0	0	0	0	0	0	0	0	0	0	0	0	0	1	0	0	0	0	0	1	0	0	0	1	0	0	0	0	0	0	0	0	0	1	0	0	0	0	0	0	0	0
0	0	0	0	1	0	0	1	0	0	0	0	0	0	0	0	3	0	0	1	1	0	1	0	1	0	0	0	0	0	0	0	0	2	4	0	3	3	1	0	0	0	0	0	2	6	2	2	0	1	0	0	0	1	0	0	0	1	1	0	0	0	0	0	3	0	0	0	0	0	0	0	0	0	0	2	0	0	0	1	0	0	0	0	0	0	0	0	0	0	1	1	0	0	0	0
0	0	0	0	2	2	0	0	0	0	0	2	1	0	0	1	0	0	0	1	1	0	0	1	0	1	0	0	1	0	0	3	0	2	4	0	1	2	3	1	0	0	1	0	0	1	2	2	0	0	0	0	0	1	1	0	0	0	0	0	0	0	0	0	0	0	0	0	1	0	0	0	0	0	0	2	0	0	0	0	0	0	0	0	0	0	0	0	0	0	0	0	0	0	1	0
0	0	0	1	0	2	1	1	0	1	0	0	4	3	1	2	0	0	1	1	2	0	1	1	0	1	0	0	0	3	2	1	5	24	4	13	98	120	42	77	0	31	2	17	155	338	156	93	4	0	1	4	0	1	2	1	1	1	2	6	2	2	1	5	2	0	4	5	3	4	1	3	6	1	1	19	5	1	4	1	2	0	2	0	0	1	3	1	2	1	4	1	0	1	2	1
0	0	0	0	2	0	0	1	1	0	0	0	1	0	0	0	0	1	0	0	0	0	0	0	0	0	0	0	1	0	0	2	1	2	5	1	2	6	1	2	1	4	1	1	7	12	6	5	0	0	0	0	0	1	1	0	0	0	2	0	1	0	0	0	0	0	1	0	1	1	0	1	0	0	1	2	0	0	0	0	0	0	0	0	0	0	0	0	1	0	0	0	0	0	0	0
1	1	1	0	2	0	1	3	0	1	0	2	5	2	0	1	0	2	0	1	0	1	2	0	0	0	2	1	1	4	1	3	2	26	5	12	77	126	43	102	1	32	2	12	104	313	125	105	2	0	0	5	0	3	1	2	0	0	1	3	3	3	1	5	2	1	0	3	0	1	0	11	1	1	2	9	2	3	1	9	1	1	0	0	0	2	2	1	1	1	3	0	1	3	0	3
0	0	1	0	6	2	2	1	1	0	0	0	1	2	1	2	3	0	0	0	0	0	2	1	2	0	0	0	0	2	1	3	2	14	3	5	38	57	28	45	1	14	1	11	73	184	53	46	2	2	0	2	1	1	0	1	1	0	3	1	3	2	2	4	1	1	0	3	1	0	0	4	1	0	1	4	0	3	0	0	1	0	2	1	0	2	5	2	0	0	6	0	1	2	1	1
0	1	0	0	1	3	2	2	0	1	0	0	1	0	0	0	0	0	1	0	0	2	1	0	0	0	0	0	1	0	0	1	4	26	1	4	51	68	23	55	0	23	2	9	83	188	88	57	1	1	0	2	1	2	1	2	1	1	1	2	1	1	1	1	3	1	1	2	0	3	1	5	0	0	0	8	1	2	1	2	1	1	0	0	0	0	2	1	0	1	0	1	0	1	0	2
2	1	0	0	3	2	0	0	0	0	0	0	1	5	0	1	0	1	0	0	1	0	0	1	0	0	0	0	0	0	0	0	0	10	3	2	31	44	12	20	2	11	1	9	28	77	48	25	2	0	0	0	1	2	2	1	0	0	1	1	0	0	0	0	1	1	0	2	0	1	1	3	0	3	1	7	4	1	3	1	0	0	1	0	0	0	0	0	0	0	2	2	1	2	0	1
2	0	0	0	2	0	1	2	0	0	0	0	1	0	0	0	0	0	0	0	0	0	0	0	0	0	0	0	0	0	0	2	2	1	0	1	14	19	3	12	1	5	1	1	12	29	9	10	1	0	0	1	0	0	0	0	1	0	1	0	0	0	0	2	0	0	0	0	0	0	1	0	0	0	0	1	0	1	0	1	0	0	0	0	0	0	0	0	0	0	0	1	0	0	0	0
4	2	2	0	2	1	3	5	2	1	1	2	5	4	2	6	0	1	2	0	0	1	2	1	1	2	1	0	1	4	2	2	3	55	6	19	116	202	70	148	1	59	1	27	145	373	203	138	4	1	0	2	1	0	1	2	0	3	4	1	7	4	0	6	3	1	4	3	1	2	4	7	2	0	1	28	3	1	6	5	0	1	1	0	0	1	2	2	0	1	3	1	2	4	1	7
0	0	0	0	0	0	0	0	0	0	0	0	0	0	0	0	0	0	0	0	0	0	0	0	0	0	0	0	0	0	0	0	0	1	1	0	1	1	1	5	0	0	0	0	3	5	1	2	0	0	0	0	0	0	0	0	0	0	0	0	0	0	0	0	1	0	0	0	0	0	0	1	0	0	1	0	0	0	0	0	0	0	0	0	0	0	0	0	0	0	0	0	0	0	0	0
2	1	0	0	2	0	2	1	0	0	0	1	2	3	0	1	0	0	2	0	0	1	0	0	0	0	1	0	0	4	0	2	1	11	3	3	48	62	20	50	2	20	2	12	45	155	61	53	0	1	1	2	1	1	1	0	0	1	3	0	0	0	1	2	1	1	2	1	0	0	2	3	1	0	0	5	0	1	1	0	0	0	1	0	0	1	2	0	0	1	5	1	1	0	2	2
0	0	0	0	0	0	0	3	1	1	0	0	1	1	0	1	0	1	0	0	0	0	0	0	0	0	0	0	2	0	0	1	0	0	0	0	1	1	0	1	0	1	6	0	0	1	0	0	0	0	0	0	0	0	0	0	0	0	0	0	0	0	0	0	0	0	0	0	0	0	1	3	1	1	0	0	0	0	0	0	0	0	1	0	0	0	1	1	0	0	1	0	0	1	0	0
0	0	0	2	0	0	0	0	0	1	0	0	3	0	0	1	0	0	0	2	1	1	0	0	0	2	0	0	0	2	0	0	1	8	1	2	7	11	5	7	0	2	0	1	6	21	7	16	0	0	0	0	0	1	0	0	0	1	1	0	0	1	1	0	0	1	0	0	1	1	1	0	0	0	1	2	0	1	0	0	0	0	2	0	0	0	0	0	0	0	0	0	0	0	0	0
1	0	0	0	2	0	2	0	2	1	0	0	3	6	2	2	1	0	1	0	1	0	2	0	1	1	1	1	0	0	3	1	2	14	2	4	77	89	33	79	0	27	3	18	115	265	114	60	0	1	3	4	1	0	1	4	0	0	1	0	1	0	1	3	1	1	6	2	1	3	3	2	1	0	0	4	0	1	6	2	0	0	4	0	0	0	1	2	0	0	2	0	0	3	4	2
1	1	0	1	6	3	4	5	0	1	0	1	3	7	2	1	1	2	1	2	2	0	2	2	1	0	0	1	1	2	1	1	1	44	3	9	118	185	56	139	1	52	2	24	157	418	174	130	0	1	2	6	2	5	1	6	1	1	0	1	2	4	0	8	2	1	2	1	0	1	2	7	1	0	0	17	2	1	6	5	1	0	1	0	0	2	1	7	0	1	2	1	0	2	2	0
1	0	0	1	1	1	2	1	0	1	0	1	2	4	2	3	0	0	0	1	1	2	1	2	0	0	1	0	1	3	0	0	2	14	2	8	29	61	30	25	1	16	2	7	34	121	54	38	2	3	0	5	0	3	4	5	0	0	0	2	3	2	4	4	2	2	6	2	7	3	2	5	3	1	0	8	1	3	5	0	0	3	3	2	0	0	1	1	0	1	4	6	2	2	0	1
1	0	0	0	8	2	2	1	1	1	0	1	1	3	0	0	0	1	0	1	0	1	0	0	0	1	1	1	0	2	0	1	1	17	2	5	46	70	24	45	0	22	3	9	71	203	66	43	0	1	0	2	0	1	0	0	0	0	2	0	1	1	0	2	0	0	2	2	0	0	0	2	0	1	0	3	1	3	1	2	0	0	1	0	1	1	1	0	1	0	1	0	0	0	0	1
1	2	1	1	2	2	1	2	0	0	1	1	4	3	3	8	0	2	0	0	3	0	2	1	1	1	1	3	1	1	0	2	8	57	4	15	150	206	67	161	1	60	5	52	256	618	250	147	1	5	3	4	0	4	3	2	0	1	2	5	3	3	2	12	1	0	6	3	5	2	3	9	3	1	1	10	5	3	5	7	0	0	1	0	0	2	2	0	1	0	3	1	0	0	3	5
2	1	0	2	1	0	1	0	1	2	0	0	2	4	0	2	0	1	1	0	0	1	1	1	0	1	2	1	0	1	0	1	3	8	0	3	24	30	13	28	4	5	3	6	35	83	31	22	1	1	0	2	0	1	0	1	0	1	1	0	1	0	0	0	0	1	1	1	0	1	1	0	1	0	1	5	1	2	2	2	0	0	0	0	0	2	0	0	0	0	0	0	0	0	0	1
0	1	1	0	2	0	1	0	0	0	0	0	0	1	0	0	2	0	0	0	1	1	0	0	0	1	1	0	0	0	0	0	1	15	1	4	46	67	25	60	0	18	1	8	61	152	47	42	0	0	1	1	0	1	0	0	1	0	3	0	0	0	0	2	1	0	0	0	1	1	2	0	0	0	0	2	3	2	3	0	0	0	0	1	0	0	0	0	0	0	0	0	0	0	2	0
1	0	0	0	1	0	0	1	0	0	1	0	1	0	0	1	0	1	0	0	0	0	0	0	1	0	0	0	0	0	0	0	0	1	4	0	0	1	1	0	2	3	3	0	1	0	2	0	0	1	0	0	0	0	0	0	0	0	1	0	0	0	0	0	0	0	0	1	0	0	2	1	0	0	1	0	0	0	0	1	0	0	0	0	0	0	0	0	0	0	0	0	0	0	0	0
2	3	0	2	5	3	0	2	1	1	1	0	3	4	5	7	1	0	0	0	0	1	4	4	1	3	1	0	1	2	1	4	3	37	4	6	81	127	43	100	2	36	9	11	95	203	82	81	0	0	2	5	1	5	1	1	2	2	2	1	0	5	1	4	1	2	1	3	1	1	1	7	0	1	0	2	3	2	4	5	0	0	0	1	0	0	1	3	0	1	0	0	0	0	1	4
1	0	1	0	5	1	0	6	0	0	0	2	1	8	0	6	1	2	1	1	0	2	0	1	0	1	1	1	3	3	0	2	1	43	0	6	112	206	55	99	0	51	2	16	137	351	157	127	2	1	1	2	3	3	0	2	3	1	2	0	3	0	2	11	1	0	0	0	2	1	1	4	2	2	0	6	1	4	2	6	2	0	1	0	1	1	1	3	0	0	2	1	0	1	0	4
3	3	0	0	3	1	1	4	3	0	2	1	4	4	1	2	1	1	0	1	1	3	1	0	1	4	1	1	0	1	0	0	0	47	4	4	56	146	32	111	0	40	5	12	121	325	119	82	1	0	3	3	1	2	2	1	0	0	1	1	0	3	1	2	4	1	1	3	1	1	2	4	1	0	2	14	2	0	2	2	0	0	1	2	1	0	2	1	0	1	2	1	1	2	1	2
1	3	0	0	4	2	0	0	0	0	0	0	1	1	0	0	0	1	0	1	2	0	0	2	0	0	0	0	0	2	0	0	1	4	5	2	9	9	4	5	1	3	1	3	9	12	13	5	0	0	1	0	0	2	0	0	1	0	2	0	1	0	0	0	1	0	0	1	0	2	0	0	4	1	1	1	1	3	0	0	1	1	0	1	0	0	0	1	0	1	0	0	0	0	0	1
1	0	0	0	0	0	0	0	0	0	0	1	0	1	0	0	0	0	0	0	0	0	0	0	0	0	0	0	0	0	0	1	2	0	0	0	0	0	0	0	0	0	0	0	0	0	0	0	0	0	0	0	0	0	0	0	0	0	0	0	0	0	0	0	0	0	1	0	0	0	0	0	0	0	0	0	0	0	0	0	0	0	0	0	0	0	0	0	0	0	1	0	0	0	0	0
4	6	1	1	17	8	7	8	2	3	0	5	7	17	2	10	3	4	2	3	6	2	3	6	2	2	1	3	1	8	2	3	3	185	7	46	480	681	245	517	5	191	2	145	1031	2055	892	503	9	4	10	17	1	8	7	20	9	4	4	5	1	9	4	39	3	3	9	12	5	6	7	26	3	4	6	33	17	8	9	15	5	2	3	1	2	5	5	18	4	4	7	5	2	4	4	9
0	0	0	0	0	0	0	0	1	0	2	1	0	1	1	1	0	0	0	0	0	0	2	0	1	1	0	0	1	1	1	0	0	9	2	4	22	19	9	23	1	7	3	1	23	78	30	13	0	0	2	1	0	0	0	0	0	0	2	0	0	2	1	0	1	0	1	0	1	0	0	0	3	0	0	3	1	1	0	1	1	0	0	2	0	0	0	0	0	0	0	0	0	0	0	0
1	2	0	2	4	3	1	0	1	1	0	0	3	7	0	1	0	0	0	0	1	0	0	0	0	1	1	1	1	4	2	1	4	21	1	6	52	76	21	55	3	16	5	5	80	195	69	61	2	3	2	3	0	3	2	2	0	0	1	3	4	1	1	9	1	1	0	1	2	3	2	4	0	1	2	12	4	3	7	6	0	0	0	0	0	1	0	1	1	0	0	1	0	0	1	1
6	3	1	1	8	3	1	5	0	0	0	0	3	19	1	3	0	1	3	3	1	2	2	0	1	0	2	0	1	4	1	2	5	63	4	23	197	282	67	178	5	62	9	37	284	704	296	196	7	4	3	9	1	1	1	0	4	0	5	5	7	6	2	10	3	1	1	3	4	1	5	10	1	0	1	27	7	4	10	4	1	0	2	4	0	2	1	0	0	0	4	1	1	2	1	2
4	7	4	10	28	19	7	74	2	9	2	13	4	16	4	11	4	2	3	1	4	3	9	1	1	2	1	4	4	10	2	1	16	102	135	41	326	424	206	339	25	134	155	70	476	1257	430	304	9	4	13	17	3	6	5	8	2	10	13	9	4	18	7	27	17	13	30	14	23	15	50	30	33	25	41	66	34	14	18	22	2	3	10	7	4	9	10	13	4	3	11	5	3	10	4	10
1	0	0	1	0	1	1	0	1	0	0	0	2	1	0	1	0	0	0	0	0	0	1	0	0	0	0	0	0	1	0	0	2	6	4	3	19	40	13	28	0	11	2	4	29	85	41	28	0	1	0	0	0	0	1	0	0	0	1	0	0	0	1	0	0	0	0	1	0	0	1	2	0	0	0	1	2	1	0	1	1	1	1	0	0	0	0	0	0	0	0	1	0	0	0	0
0	2	0	1	2	0	2	2	0	1	0	1	2	5	1	1	3	2	1	1	0	1	0	0	0	0	0	0	0	1	0	1	6	26	5	8	51	84	24	64	0	18	3	11	79	206	85	49	0	4	1	3	0	0	0	1	0	0	2	1	2	0	3	1	1	0	3	2	2	0	2	4	1	2	2	15	3	1	1	1	0	0	1	3	0	1	0	0	0	0	1	1	0	2	1	0
2	0	0	0	3	1	0	2	3	0	0	2	4	6	1	6	0	2	0	0	2	1	2	1	0	1	1	0	1	5	2	3	4	27	3	6	44	67	24	48	3	22	6	12	70	186	88	40	0	2	5	1	1	0	3	2	4	2	5	1	1	2	2	3	3	0	2	3	1	2	1	5	1	1	4	11	4	3	4	5	1	1	0	1	0	1	3	3	0	0	3	0	2	0	0	3
3	1	2	0	3	5	2	4	0	2	0	0	2	13	1	1	1	1	1	0	0	0	3	1	0	2	0	0	0	4	2	0	0	40	5	11	121	181	37	126	1	49	1	31	287	541	259	161	1	0	1	5	1	2	3	1	1	3	2	4	2	3	4	5	1	1	3	3	2	2	2	13	2	1	0	17	12	7	2	6	1	2	3	0	1	1	2	3	0	2	4	1	2	0	1	4
3	1	0	0	3	1	1	1	0	1	0	0	1	6	0	1	3	2	1	0	3	1	0	0	0	0	0	0	1	1	0	2	2	22	0	5	21	55	18	45	0	16	3	10	33	121	48	26	1	1	0	1	0	1	0	3	0	0	3	1	4	2	1	5	0	0	3	0	1	2	3	3	1	0	1	7	2	1	3	1	0	1	2	0	2	0	0	2	1	1	2	1	1	2	1	2
1	3	0	0	3	0	4	2	1	0	0	0	0	0	1	0	0	0	0	0	0	1	0	1	1	0	0	0	0	0	0	0	1	8	6	2	18	39	9	23	1	1	6	6	23	61	22	20	2	0	1	2	0	0	1	2	0	0	1	1	2	1	1	0	0	0	0	3	0	0	0	0	0	0	0	1	1	0	0	0	0	0	1	1	0	0	1	2	0	0	2	0	0	1	2	0
0	0	0	0	5	0	1	4	0	0	1	0	2	2	1	1	0	1	1	1	0	2	0	0	0	0	1	0	0	0	1	1	2	12	1	6	43	48	18	29	0	14	3	10	61	137	74	39	1	0	0	2	1	1	0	0	0	1	1	1	2	2	0	1	0	1	1	2	1	2	2	2	1	0	1	4	4	1	2	1	0	2	1	0	0	1	1	3	0	0	0	0	0	0	0	0
0	1	0	1	0	0	1	0	0	1	0	1	2	2	0	2	1	2	0	1	1	0	1	0	0	1	1	0	1	4	0	2	2	6	4	3	25	37	17	32	1	11	2	6	34	73	32	38	1	0	4	2	1	1	0	2	0	0	1	1	1	0	0	1	0	1	3	2	0	0	2	3	3	0	2	2	2	0	1	0	3	1	0	1	0	2	1	0	0	1	1	1	2	1	0	0
0	1	1	0	1	1	1	1	0	0	0	1	3	0	0	1	0	1	0	0	0	0	0	0	1	0	0	0	0	2	0	1	0	8	1	4	24	41	21	20	0	5	0	2	25	69	35	23	2	0	2	1	0	0	0	1	1	0	0	0	0	1	1	2	0	0	1	1	1	1	3	4	0	1	0	1	0	2	1	0	0	0	3	1	0	0	1	0	0	0	0	0	0	1	1	2
0	2	1	2	2	5	0	2	2	1	0	0	4	9	1	1	2	0	0	0	1	1	0	2	0	0	0	1	0	3	2	3	8	37	4	5	73	146	39	98	2	41	5	14	92	342	115	83	3	2	5	7	1	2	2	4	2	2	3	1	0	3	1	5	2	0	3	6	3	2	2	4	2	1	3	24	3	1	2	3	0	3	1	1	0	2	3	1	0	2	5	5	0	0	3	1
0	1	4	0	0	1	0	0	1	0	0	0	0	0	1	0	0	1	0	0	1	0	0	2	0	1	1	0	3	0	1	0	1	5	4	1	12	21	5	14	0	7	2	1	22	52	37	17	0	0	1	2	1	0	0	1	1	1	2	0	1	0	0	1	0	1	1	0	2	2	0	0	1	0	0	7	1	0	1	0	0	0	1	0	0	0	2	0	0	1	1	0	0	0	0	1
0	0	0	0	3	0	0	0	1	1	0	0	1	1	0	0	1	0	0	0	0	0	0	1	0	0	0	0	0	0	0	0	0	0	6	0	6	2	4	1	0	1	5	0	0	4	1	2	0	0	0	0	0	0	0	0	0	0	0	0	0	0	0	0	1	0	0	2	0	0	1	0	0	0	1	0	0	0	0	0	0	0	0	1	0	0	1	0	1	0	0	0	0	0	0	1
1	1	1	0	0	0	1	1	2	1	0	1	0	5	0	1	1	1	0	0	2	0	1	0	0	2	0	0	0	0	2	1	1	31	4	5	59	67	23	55	1	17	3	4	59	176	70	52	1	0	0	1	0	0	0	2	0	0	1	1	2	2	0	1	1	1	3	0	2	0	1	5	0	0	0	7	3	0	3	1	1	1	2	1	0	0	0	1	1	0	3	1	1	0	1	0
0	1	0	0	2	1	0	0	0	0	0	0	0	0	0	1	0	0	0	1	0	0	1	0	0	0	0	0	0	0	0	0	1	5	2	3	13	14	6	11	0	6	2	6	20	47	15	12	0	0	0	1	1	0	0	0	0	0	1	1	2	1	0	0	0	0	0	2	0	0	1	1	1	2	1	0	1	2	0	0	0	0	0	1	0	0	1	1	0	0	1	0	1	0	2	1
0	0	0	0	2	0	1	2	0	1	0	0	0	0	0	1	1	0	0	1	0	1	0	1	0	0	0	0	1	1	0	0	0	4	3	2	17	23	13	13	1	6	1	5	6	40	17	19	0	0	1	1	1	0	1	0	0	0	0	0	1	1	0	0	0	1	2	0	0	0	1	1	0	2	0	3	0	2	2	0	0	1	2	1	0	0	1	0	0	0	3	1	0	0	0	1
1	0	1	1	1	0	0	0	0	0	0	1	0	0	0	0	0	0	0	0	0	0	1	0	0	0	1	0	0	0	0	0	0	0	2	1	0	1	1	2	0	1	2	0	0	0	2	0	0	0	0	0	0	2	0	0	0	0	1	0	0	0	0	0	0	0	0	0	0	0	1	0	0	2	0	1	0	0	0	1	0	0	0	1	1	0	0	2	0	0	1	1	0	0	0	0
2	2	0	2	4	2	1	3	2	2	1	2	3	3	0	2	1	2	2	0	0	3	0	5	1	4	1	3	2	4	3	9	3	48	8	12	73	153	51	82	1	48	6	14	43	316	81	56	0	0	2	3	1	0	0	0	0	2	2	0	0	1	1	0	0	1	1	2	5	4	1	4	1	3	0	4	2	3	6	2	1	1	0	1	0	1	2	0	0	0	4	0	2	0	3	0
1	2	0	0	13	2	4	5	1	0	0	0	2	0	1	0	1	0	0	0	2	1	0	0	1	1	0	0	1	0	1	3	1	1	4	0	1	3	4	1	2	4	4	1	2	4	4	5	0	0	0	0	0	0	0	0	0	0	1	0	0	0	1	0	0	0	0	1	0	1	0	0	0	0	1	0	0	1	0	1	0	0	1	0	1	0	0	0	0	0	0	0	0	0	0	0
1	0	0	1	3	1	0	1	0	0	0	1	1	2	0	0	0	1	0	0	0	1	0	1	1	0	0	0	1	3	0	0	1	16	3	5	27	30	10	27	0	6	0	2	35	107	36	21	0	0	0	1	1	1	0	1	0	2	0	0	0	1	0	3	1	0	0	1	0	1	0	1	0	1	0	2	0	1	2	0	0	1	2	1	0	1	0	1	0	0	2	1	0	1	0	0
0	0	0	0	5	1	0	1	1	0	1	0	1	1	0	0	0	0	0	0	0	0	1	0	0	1	0	0	0	1	0	2	1	7	5	2	9	23	4	13	2	7	3	8	21	57	21	18	0	0	0	0	0	0	0	0	1	0	2	0	1	2	0	0	0	1	0	2	1	1	0	1	2	0	2	3	1	1	0	1	0	0	3	0	0	0	0	0	1	0	0	0	0	0	0	0
2	1	0	0	0	1	0	4	0	0	1	1	0	8	2	0	0	1	1	2	1	0	0	1	0	1	1	0	0	3	0	1	2	21	1	5	55	89	32	82	0	20	2	12	96	226	82	65	2	0	1	3	0	3	2	5	0	0	3	6	4	3	1	15	0	0	1	1	0	1	2	6	0	1	3	4	2	4	8	7	0	0	0	1	0	0	2	4	0	0	3	3	2	5	1	5
3	5	1	0	10	6	4	10	4	2	0	2	5	8	1	7	0	2	1	3	3	3	3	5	1	2	0	1	1	7	2	5	7	94	7	28	286	458	138	355	7	103	4	88	478	1065	469	369	4	5	4	22	10	43	39	53	0	11	13	15	3	10	4	38	8	18	10	6	53	145	151	146	13	31	53	40	13	36	19	25	4	29	8	96	18	53	49	367	2	18	20	89	4	37	14	199
0	0	0	0	1	0	0	0	0	0	0	0	0	1	0	0	0	1	0	1	1	0	0	1	0	1	0	0	0	1	0	1	3	2	2	1	6	6	5	5	2	2	3	2	7	13	7	8	0	1	1	1	0	0	0	0	0	0	1	0	0	0	0	0	1	0	0	1	1	1	0	0	1	0	0	1	0	2	0	0	0	0	1	0	0	0	0	0	0	0	6	0	0	0	1	0
1	4	1	0	2	1	1	3	0	1	0	0	3	11	0	1	0	3	1	2	0	1	3	3	0	2	0	0	2	2	1	5	4	39	5	16	145	188	49	141	2	42	3	33	245	500	215	146	2	1	4	6	1	7	4	6	1	1	0	0	1	3	1	10	1	0	1	2	3	3	3	6	3	1	2	7	4	1	5	6	0	0	2	0	0	6	4	7	1	0	3	3	4	2	3	0
0	2	0	0	2	1	0	2	0	0	0	0	0	2	0	0	0	0	0	1	0	0	0	0	0	0	1	0	1	0	0	1	0	9	3	3	30	44	19	42	0	15	3	8	49	106	54	35	0	0	0	0	0	0	0	2	0	0	2	0	0	1	1	2	1	0	1	2	0	1	0	1	1	1	0	3	4	1	2	0	0	1	0	0	0	1	2	2	0	0	1	0	0	0	0	0
1	1	1	0	1	2	1	2	0	2	1	0	2	1	1	3	1	2	1	0	1	0	5	1	1	0	0	0	0	2	2	2	0	36	2	6	87	127	30	79	2	35	3	13	76	277	99	60	1	1	1	2	0	1	2	1	0	0	4	1	0	4	1	0	1	2	2	2	2	2	2	9	1	0	0	10	8	3	1	1	0	1	2	0	0	2	1	1	0	0	2	0	1	2	2	1
0	0	0	1	2	1	2	2	0	1	0	0	1	5	0	1	0	0	1	0	0	1	1	0	1	0	1	0	0	0	0	0	2	21	2	4	55	83	29	56	1	20	1	17	63	163	64	47	3	2	3	3	0	1	1	0	0	0	1	1	0	2	1	3	2	0	0	1	0	2	2	1	1	0	0	11	2	2	2	1	0	0	1	1	0	2	1	1	0	0	1	2	0	1	1	0
1	0	0	2	0	1	0	0	1	0	0	1	0	1	1	1	1	0	0	1	2	1	2	0	0	1	0	1	0	1	2	0	3	16	5	6	47	51	18	43	0	13	1	9	53	129	64	39	1	0	2	2	0	0	0	0	2	0	0	1	0	1	3	2	1	1	1	1	1	4	0	2	0	2	0	2	2	2	1	3	0	1	1	0	0	0	0	0	0	0	4	0	0	0	0	0
0	1	0	1	2	0	0	1	0	0	0	0	0	1	0	1	1	0	0	0	0	0	0	0	0	0	0	0	0	0	0	1	0	4	2	0	17	22	9	8	0	6	0	1	14	36	14	16	0	0	0	0	1	1	0	0	0	0	1	0	0	0	1	1	1	1	2	1	0	0	0	0	0	1	0	3	0	0	0	2	0	1	0	0	0	1	1	1	0	0	0	1	1	0	0	0
0	0	0	0	1	1	0	1	0	2	0	0	0	0	0	2	0	0	0	0	1	0	0	0	0	0	0	0	1	0	0	4	1	11	1	3	43	39	16	21	0	9	4	4	31	91	43	20	0	1	0	0	0	1	1	1	0	0	2	0	3	0	0	1	1	0	0	1	0	1	0	0	1	0	1	1	1	1	0	1	0	0	0	0	0	0	1	1	0	0	2	0	0	0	1	0
0	0	0	0	2	0	0	2	1	0	0	0	2	3	0	2	0	0	0	0	1	1	3	0	0	2	0	0	1	0	0	1	1	13	1	3	44	59	15	27	0	11	1	6	53	168	62	44	0	0	0	4	2	0	1	2	0	0	2	0	1	0	2	4	1	1	3	1	1	1	1	4	0	0	2	10	1	3	0	2	2	0	2	1	0	0	3	0	0	1	6	0	0	0	1	1
0	1	0	0	2	4	1	2	0	1	0	1	0	0	0	2	0	1	0	0	1	0	3	0	0	1	0	1	1	2	1	3	0	20	4	4	50	53	25	37	2	14	4	12	60	129	95	56	0	1	3	0	0	2	1	2	1	0	2	0	2	1	1	3	1	0	2	2	0	1	1	3	0	0	0	3	1	0	2	1	0	0	0	1	0	0	1	1	0	0	2	2	0	0	1	0
1	0	0	1	1	0	0	0	1	1	1	0	1	0	0	1	1	1	2	0	0	0	1	0	0	0	1	0	1	1	0	2	2	9	1	3	19	23	11	25	1	9	2	3	19	42	17	21	2	0	1	0	0	0	0	0	0	0	1	0	0	1	0	2	3	0	0	1	3	0	2	1	1	0	0	4	2	0	1	2	2	1	0	0	0	1	1	0	1	0	0	0	0	0	0	0
1	2	0	0	4	0	2	0	0	0	0	0	2	4	1	1	0	0	0	0	1	2	1	0	0	0	1	0	0	1	1	3	0	11	3	3	36	63	31	32	0	21	1	11	41	95	32	53	0	2	1	1	1	1	0	0	0	0	0	0	0	1	1	2	0	2	3	1	1	1	1	0	0	0	2	3	1	2	1	1	0	2	1	0	0	1	1	0	0	0	0	2	1	4	0	1
0	0	0	0	1	0	0	2	0	0	0	0	0	0	0	1	0	0	0	0	0	0	1	0	0	0	0	0	0	2	0	1	0	0	0	0	0	0	1	0	1	1	0	0	0	0	0	0	0	0	0	0	0	0	1	0	0	0	0	0	0	0	0	0	0	0	1	0	0	0	0	0	0	0	0	0	0	0	0	0	0	0	1	0	0	0	0	0	0	0	0	0	0	0	0	0
2	0	1	0	9	1	3	2	1	1	0	1	4	4	1	3	0	1	3	1	1	2	1	1	0	2	1	1	2	6	0	1	5	50	6	8	120	127	71	122	2	46	5	18	101	313	144	97	2	2	0	5	2	3	0	3	3	1	3	1	2	7	1	8	1	5	2	4	1	1	4	6	2	2	5	23	6	6	3	6	1	1	0	1	0	0	3	3	0	0	2	0	0	1	1	1
2	1	0	0	2	1	1	0	0	0	0	2	1	1	0	1	1	0	0	1	4	2	0	0	0	0	0	0	0	3	0	0	1	11	5	0	22	30	16	28	1	10	1	5	39	94	51	35	0	1	1	0	1	0	0	1	0	2	0	2	1	0	2	1	1	0	0	0	2	0	1	2	1	1	0	1	0	0	4	1	1	0	1	0	0	0	0	0	1	1	2	1	0	0	0	1
0	2	0	2	4	2	2	3	2	1	1	0	1	1	0	2	2	0	0	1	0	1	1	0	1	1	1	0	0	2	0	2	0	10	10	3	33	39	18	38	2	11	4	6	32	84	40	36	2	1	0	1	3	1	2	1	0	0	1	1	1	1	0	1	3	2	1	2	2	1	2	1	5	1	0	5	1	2	1	2	1	1	1	1	2	1	0	0	1	0	0	0	0	1	1	0
2	0	1	2	2	3	0	1	1	0	2	0	0	4	0	3	1	1	2	0	1	0	1	0	0	0	1	0	0	1	1	1	3	46	2	10	105	174	59	124	3	38	5	24	166	466	184	147	0	2	3	3	1	0	0	2	0	0	1	2	1	1	1	0	2	1	2	0	1	1	3	4	0	0	1	20	4	0	6	3	2	0	3	0	0	0	1	0	0	0	6	2	0	0	0	0
0	0	0	2	5	4	0	1	1	1	1	0	0	1	0	1	0	1	0	2	0	2	0	0	1	1	1	0	0	3	0	2	0	17	4	7	19	29	15	29	1	10	6	3	31	84	26	31	0	0	1	1	1	1	0	0	0	0	0	0	0	1	1	3	0	0	1	1	2	1	0	2	0	0	2	2	0	1	1	0	0	0	1	0	0	0	0	3	0	1	1	0	1	1	0	0
0	0	0	0	1	0	0	1	0	0	0	0	0	2	0	1	0	0	0	0	0	1	0	0	0	0	0	0	0	0	0	0	0	10	3	2	20	27	6	15	0	9	4	3	15	51	22	13	0	1	1	0	0	0	1	0	0	0	1	0	0	0	1	1	0	0	1	1	0	1	0	1	0	2	1	1	0	0	1	0	0	0	0	0	1	0	0	0	0	0	3	0	0	0	1	2
1	2	1	0	6	2	1	0	0	2	0	1	5	5	0	1	1	0	0	0	2	0	0	1	0	1	2	0	0	1	0	2	1	20	4	1	57	58	18	40	0	18	1	13	65	160	86	56	1	2	2	6	0	0	1	3	1	1	2	1	1	3	1	5	0	0	2	3	3	1	2	4	1	0	1	3	2	6	2	0	1	1	1	0	0	2	1	1	0	1	1	2	0	0	1	1
3	1	1	0	1	1	1	0	0	1	0	0	2	4	2	2	1	0	3	1	1	3	0	0	1	0	0	0	0	2	2	1	2	15	5	4	34	51	19	39	1	9	3	11	49	150	58	31	0	0	2	1	3	0	0	2	0	1	1	0	4	1	1	4	1	2	1	1	3	1	5	1	1	0	7	8	5	2	2	1	0	1	1	0	0	0	1	3	0	2	3	5	1	0	1	2
4	4	4	0	8	9	5	3	5	2	1	3	5	23	2	10	1	3	0	2	1	2	4	2	1	0	4	3	6	10	0	8	5	64	10	21	209	233	81	165	9	82	13	32	283	694	346	198	1	3	4	6	5	3	6	4	2	0	3	2	6	1	3	11	5	3	10	4	8	3	5	3	2	1	2	25	3	5	5	6	0	1	4	2	0	3	3	4	1	1	1	5	1	4	1	6
1	0	0	1	8	3	2	6	0	0	1	0	4	7	1	3	0	1	0	1	0	2	2	0	0	0	1	0	0	2	1	2	2	27	8	10	89	129	40	73	1	33	1	17	124	304	154	105	1	2	1	5	2	0	0	2	0	0	0	3	0	2	3	2	1	2	1	5	1	1	1	2	0	0	3	5	0	1	3	3	0	0	0	0	0	1	3	4	0	0	3	0	0	0	1	4
0	1	0	0	2	0	1	1	0	0	0	0	0	0	0	0	0	0	0	1	0	1	1	0	0	0	1	1	1	2	1	0	1	4	0	0	17	16	10	13	0	4	2	3	14	43	20	16	1	0	0	0	0	1	0	0	0	0	1	0	0	0	0	1	0	0	0	1	0	0	0	1	1	2	1	1	0	0	1	0	0	0	0	0	1	0	0	1	0	0	2	0	1	1	0	0
1	0	0	0	4	1	1	1	0	0	0	0	0	0	0	0	0	0	0	0	0	0	0	0	0	0	0	1	0	0	0	0	0	1	2	0	0	1	4	0	2	1	3	0	1	1	2	1	0	0	0	0	1	0	0	0	0	0	1	0	0	0	0	0	0	0	0	0	0	0	0	0	2	0	0	0	0	0	0	1	0	0	0	0	0	0	0	1	0	0	0	0	0	1	1	0
4	0	0	1	7	2	1	0	0	0	0	2	1	1	1	1	1	1	0	2	1	0	2	0	1	1	0	2	2	4	3	0	1	30	0	7	60	75	38	61	1	21	2	11	61	183	76	75	1	1	2	2	1	1	2	2	1	0	1	1	1	1	1	2	1	2	2	1	3	0	2	9	1	1	3	9	1	6	0	1	0	2	3	1	2	0	1	1	1	1	1	3	1	1	0	2
1	0	0	0	0	0	0	1	0	0	0	0	0	3	0	0	0	0	0	0	0	0	1	0	0	0	0	0	0	0	0	2	2	9	2	1	12	29	8	19	0	2	1	0	20	57	22	10	0	1	0	0	0	1	0	1	0	0	1	2	0	0	0	0	1	0	1	1	0	0	0	1	2	0	0	0	1	1	1	0	0	0	1	1	0	0	1	0	0	0	2	1	0	0	0	0
1	0	0	0	4	0	1	1	0	0	0	0	0	0	0	2	0	1	0	0	0	0	0	0	0	0	0	0	0	1	0	0	0	0	0	0	5	5	0	5	0	2	3	2	6	10	6	4	1	0	0	0	0	0	0	0	0	0	1	0	0	0	0	0	0	0	0	0	1	0	1	0	0	0	0	0	0	0	0	0	0	0	0	0	0	0	0	0	0	1	0	0	0	0	0	0
0	0	2	1	2	1	0	0	1	0	0	0	0	6	3	0	2	1	3	0	1	3	1	0	0	0	1	0	0	2	0	0	1	33	4	7	52	67	25	49	4	23	1	9	67	163	84	47	0	0	1	3	0	3	2	0	0	1	3	0	0	1	1	1	0	3	3	4	2	0	3	5	1	2	4	11	1	2	3	1	0	0	2	1	0	0	1	0	0	0	2	2	1	1	0	1
1	4	2	1	6	3	0	2	2	0	0	0	0	2	1	1	0	1	0	0	0	3	0	2	0	1	0	0	1	3	0	3	2	14	1	3	32	61	25	44	3	17	0	11	40	135	55	43	2	0	0	2	0	2	1	0	2	2	0	2	2	0	0	1	2	2	0	3	2	3	0	3	0	0	1	6	0	1	1	1	1	1	1	1	0	0	2	4	0	0	1	6	0	0	0	4
0	0	0	0	1	0	1	0	0	0	0	0	2	1	1	0	0	0	0	0	0	0	1	0	0	0	0	0	1	2	1	0	0	16	1	4	33	51	19	49	2	9	1	2	45	107	71	36	0	0	1	0	1	1	1	0	0	0	1	1	0	0	0	1	1	0	0	0	1	1	0	3	1	0	0	9	0	4	1	1	0	0	0	0	0	0	0	0	0	0	1	0	0	1	0	1
0	0	0	1	1	0	0	1	0	0	0	0	0	1	1	0	0	0	0	0	0	0	0	0	0	1	0	0	0	0	0	0	1	0	0	0	2	0	0	0	0	1	2	0	0	5	0	1	0	0	0	0	0	0	0	0	0	0	1	0	0	0	1	0	0	0	0	0	0	0	0	0	0	0	1	1	0	0	0	1	0	0	0	0	0	0	0	0	0	0	0	0	0	0	0	1
1	0	1	3	4	2	0	4	0	2	1	0	0	3	0	1	0	1	0	1	0	0	1	0	2	0	1	2	1	1	0	4	2	17	1	6	38	60	12	27	0	13	2	6	53	138	66	44	1	0	0	4	0	1	0	1	0	0	3	1	0	5	1	2	2	0	1	1	0	1	0	1	3	1	1	9	0	0	3	1	0	2	1	0	0	2	2	0	1	1	1	2	0	2	0	0
2	0	0	1	9	3	3	2	1	1	0	0	2	2	2	1	0	0	2	0	2	0	3	0	0	1	0	0	2	1	0	1	2	27	2	7	56	90	39	66	2	25	5	19	78	187	94	67	1	0	0	7	1	0	1	1	0	0	5	3	3	2	1	4	0	2	2	1	0	1	1	6	0	2	3	6	0	2	2	3	0	0	0	1	1	4	0	3	0	0	2	1	1	2	1	1
0	3	0	0	4	1	1	2	2	2	0	2	7	5	0	4	1	0	1	2	2	1	4	0	2	0	1	1	1	4	2	4	7	36	1	10	80	146	54	102	0	37	6	26	164	369	162	112	4	4	2	8	1	0	4	0	2	1	6	4	3	3	3	13	5	1	2	5	5	5	6	6	1	1	3	24	7	4	4	6	5	0	4	1	0	3	9	8	0	2	11	2	1	0	2	4
3	3	3	3	4	4	2	7	1	3	2	0	5	12	2	4	0	0	1	1	3	1	2	1	1	1	0	1	1	5	2	4	7	75	2	22	193	248	72	170	4	64	5	50	298	723	310	224	5	1	4	8	4	2	3	4	1	3	9	0	4	5	0	8	5	2	5	2	1	0	7	8	3	0	5	41	10	5	7	2	2	0	2	2	2	3	3	2	0	0	8	1	1	0	0	0
1	0	0	0	1	0	0	1	0	0	0	1	0	2	0	0	1	0	1	1	0	2	1	0	0	0	0	0	0	0	0	1	0	9	1	2	30	58	18	40	0	12	4	9	78	156	82	41	0	1	0	0	0	1	0	1	0	0	1	1	1	0	1	1	0	0	0	1	0	1	0	2	1	0	1	1	0	0	1	0	0	0	2	0	1	2	0	0	0	0	2	0	0	0	0	0
1	2	0	0	2	0	1	0	0	1	0	0	1	0	0	1	0	1	0	0	1	1	0	0	0	2	0	1	0	0	0	1	0	0	3	0	1	3	5	1	2	1	4	2	5	9	3	2	1	0	0	0	0	0	0	0	0	1	1	1	0	0	0	0	0	0	0	1	0	1	0	1	0	0	1	1	0	0	2	0	0	0	6	0	0	0	1	3	2	0	5	0	0	0	1	1
1	0	1	0	4	0	1	1	0	0	0	0	1	2	1	1	1	1	0	0	0	1	1	0	0	0	0	0	0	0	1	1	0	2	4	1	16	16	2	7	0	5	3	2	8	30	22	9	0	1	0	1	0	0	1	1	0	0	2	0	0	0	0	0	1	0	0	0	1	0	0	2	1	0	0	0	0	0	0	0	0	0	0	0	1	0	1	0	0	0	1	0	1	0	0	0
1	0	0	1	1	0	2	0	2	0	0	1	1	4	0	2	0	0	0	0	1	1	1	0	1	0	0	0	1	0	1	0	0	13	4	3	30	60	19	54	1	12	2	7	39	121	62	29	0	0	0	2	1	1	0	1	0	1	2	1	0	1	1	4	0	2	5	3	1	0	5	1	0	0	0	6	2	2	3	2	0	2	5	1	0	1	2	1	1	0	3	1	1	1	3	1
0	3	0	0	4	6	1	18	1	1	1	1	4	8	1	9	0	0	0	0	0	1	2	2	0	0	0	1	4	4	0	6	2	66	4	9	166	313	98	218	1	53	2	27	224	599	231	186	2	1	2	9	2	12	0	6	2	0	2	3	7	5	4	27	0	3	2	1	1	3	2	8	1	1	0	4	2	7	7	5	0	1	2	3	1	5	2	11	2	2	1	1	0	4	1	9
0	0	0	0	3	1	0	1	0	0	0	0	0	0	0	0	0	0	0	0	2	0	0	0	0	0	1	0	0	0	0	0	1	8	0	0	19	22	8	15	0	4	3	1	14	46	27	20	1	0	1	0	0	0	1	2	1	1	1	0	1	0	0	1	0	0	0	1	0	0	0	2	0	1	0	4	0	1	0	2	0	0	1	0	0	0	1	0	0	0	1	0	0	0	0	0
1	0	1	1	2	4	2	0	1	1	1	1	2	4	0	1	1	0	0	1	0	2	0	0	0	0	0	1	0	1	0	1	1	15	5	6	54	76	28	65	0	22	2	15	46	158	78	51	2	0	3	1	1	1	1	1	1	2	1	0	0	2	1	3	1	0	4	0	1	2	1	7	0	1	0	5	4	2	3	4	0	2	1	1	0	1	2	1	0	0	1	3	1	2	0	0
0	3	0	1	1	2	0	0	1	0	0	1	0	0	1	1	1	0	2	0	0	0	2	1	0	1	0	0	1	1	0	1	1	19	2	3	27	64	7	48	1	11	3	7	39	105	53	28	2	0	0	2	0	0	0	1	0	1	3	1	1	1	1	1	3	0	2	1	2	0	3	2	0	0	1	7	1	1	5	0	1	0	0	1	0	1	1	0	0	0	1	0	0	1	0	0
2	0	1	2	0	1	0	0	0	1	0	0	1	2	0	0	1	1	0	2	1	0	0	1	0	0	0	0	1	0	0	0	0	1	4	0	2	0	2	1	0	4	3	1	2	5	1	2	0	0	0	0	0	0	1	0	0	0	0	1	0	0	1	0	0	0	0	0	0	1	1	0	1	0	1	0	1	1	0	0	0	0	1	0	0	0	1	0	0	0	0	0	0	0	0	1
0	0	0	0	3	0	3	3	1	0	0	0	0	0	0	0	1	2	1	2	1	0	1	0	0	0	0	0	0	0	1	1	0	1	7	2	2	0	4	0	1	1	6	0	1	1	5	1	1	0	0	0	0	0	1	0	0	0	0	0	0	0	0	0	0	0	1	0	0	0	1	2	3	0	1	4	0	0	0	0	0	0	0	0	0	0	2	2	0	0	0	0	1	0	0	0
0	0	0	0	1	0	0	1	0	0	0	0	0	1	1	1	1	0	0	0	0	0	0	0	0	0	0	0	0	0	0	0	0	0	0	0	0	0	2	2	1	1	2	0	0	2	2	0	0	0	0	0	0	0	0	0	0	0	0	0	0	0	0	0	0	0	0	0	0	0	1	0	1	0	1	0	0	0	0	1	0	0	0	0	0	0	0	0	0	0	0	0	0	0	1	0
2	1	0	1	3	5	1	3	3	2	1	0	3	2	1	1	0	1	0	0	1	1	4	1	1	1	0	0	0	0	0	2	3	23	5	9	64	83	21	74	3	27	2	12	57	184	59	60	2	4	0	1	1	2	0	0	2	1	3	2	0	4	0	6	0	1	0	1	1	1	5	3	0	1	0	7	1	3	0	4	2	0	4	0	0	0	0	1	2	1	1	4	1	1	0	3
1	0	0	1	1	1	0	0	0	0	1	1	0	1	0	0	0	0	0	3	0	0	0	0	0	0	0	2	2	0	0	1	2	1	3	0	0	2	5	1	4	0	4	0	0	2	1	2	3	0	0	0	0	0	0	0	0	0	0	0	0	0	1	0	0	5	1	0	0	2	0	0	1	4	1	1	0	0	1	0	0	1	0	0	0	2	0	0	0	0	0	0	0	0	0	5
0	0	0	0	1	1	0	0	0	1	0	0	0	1	0	1	0	0	0	0	0	0	0	0	0	0	0	1	1	0	0	0	0	0	0	1	0	1	1	0	0	0	0	0	0	0	0	0	0	0	0	0	0	0	0	1	0	0	0	0	0	0	0	0	1	0	1	0	0	1	1	0	0	0	0	0	1	0	0	0	0	1	0	0	0	0	0	0	0	0	0	1	0	0	0	0
0	1	0	0	3	0	3	1	0	1	0	0	0	1	0	2	0	1	0	1	0	2	0	0	0	0	0	0	1	0	0	0	0	9	3	3	9	34	12	20	0	10	2	9	22	51	16	20	0	0	2	2	1	1	2	0	1	0	1	0	0	1	0	0	1	0	0	1	1	0	0	1	2	0	0	3	1	0	2	0	0	0	5	0	0	2	0	0	0	1	0	1	1	0	0	1
3	2	2	2	1	1	0	0	1	0	0	0	1	2	0	1	0	0	0	0	2	0	0	0	1	1	0	1	0	2	0	1	1	22	1	8	54	78	23	46	0	16	4	11	59	163	53	50	1	1	1	4	0	1	0	4	1	0	0	0	0	1	2	5	0	0	0	1	0	1	3	3	1	1	0	5	1	4	0	0	0	0	2	1	0	0	2	3	0	1	2	1	1	1	3	0
1	2	1	1	1	4	0	1	0	0	0	0	1	3	0	4	1	0	1	0	2	0	0	0	2	3	0	0	0	3	0	0	0	22	3	1	38	65	29	43	1	17	3	10	48	149	40	36	1	0	0	2	0	1	1	0	0	0	1	0	0	0	2	3	2	1	1	2	0	1	0	3	0	2	1	5	0	4	0	1	0	0	1	0	0	1	0	0	1	0	1	0	1	0	1	2
1	0	0	1	2	1	1	0	0	0	0	1	1	1	0	0	0	2	1	0	0	0	0	0	0	0	0	0	1	0	0	0	0	5	2	2	7	23	8	21	0	5	4	2	14	47	27	13	0	0	1	0	0	0	1	0	1	1	1	0	0	0	0	0	0	2	0	0	2	0	0	1	1	0	0	0	0	0	1	0	0	0	1	0	0	0	1	0	0	1	0	0	0	0	1	0
1	1	0	0	0	0	1	0	1	1	1	0	0	1	0	1	1	0	0	0	0	0	0	1	0	1	1	0	1	1	0	1	3	11	3	6	31	36	17	38	2	13	1	6	47	100	62	38	2	1	0	1	1	2	0	0	3	0	2	0	1	0	0	1	1	0	1	0	1	1	0	4	5	0	2	11	1	0	1	1	0	0	1	0	1	0	0	3	0	2	1	0	0	3	0	0
0	2	0	1	5	4	3	2	1	1	0	0	5	4	1	1	3	1	1	2	4	3	0	0	0	1	1	0	2	1	1	3	1	15	8	5	23	46	18	32	1	11	3	4	25	78	35	27	1	0	1	1	0	2	2	2	0	0	1	0	2	0	0	1	4	1	0	0	0	5	1	2	0	4	4	2	0	0	0	2	0	0	5	1	0	1	4	2	2	2	5	2	1	1	2	1
1	1	0	0	1	0	1	0	0	0	1	1	1	1	1	0	0	1	1	0	0	0	0	0	0	0	0	1	2	1	0	0	0	0	5	2	0	1	1	0	3	2	4	1	4	0	1	2	0	0	0	0	0	1	1	0	0	1	0	0	0	0	1	0	0	0	1	1	0	0	0	1	0	1	0	0	0	0	1	0	0	1	0	0	0	0	1	0	0	0	1	0	0	0	0	0
2	0	0	0	1	0	0	0	0	0	0	0	0	2	0	0	0	1	0	0	1	3	0	0	0	0	0	0	0	0	0	2	1	23	1	7	30	79	22	48	2	13	5	9	66	128	56	52	0	0	1	2	0	1	0	0	0	0	1	1	1	0	0	1	0	2	1	1	2	0	2	3	0	1	0	6	1	1	1	1	0	1	1	0	0	0	0	1	1	1	2	0	0	2	0	0
0	0	0	0	1	2	1	1	0	1	0	0	0	1	0	1	1	0	0	0	0	0	0	1	0	1	0	1	2	1	0	0	1	0	5	1	3	0	2	3	2	0	4	2	0	1	2	1	0	0	0	1	0	0	0	0	0	0	0	0	0	0	0	1	0	0	1	2	0	0	0	0	0	0	0	0	0	0	1	0	0	0	1	0	0	0	0	1	0	0	0	1	0	0	0	0
0	0	0	0	0	1	1	2	1	0	0	1	0	1	0	0	0	0	0	1	0	0	0	3	0	0	0	1	2	2	0	1	2	11	2	4	28	42	14	33	1	15	0	11	31	90	41	37	0	2	0	1	0	0	0	0	2	1	2	0	0	0	0	1	1	0	0	2	0	1	1	2	0	1	1	1	1	1	1	0	1	0	0	0	0	0	1	1	0	0	0	1	0	0	0	0
0	0	0	0	2	0	0	0	0	1	1	0	0	0	0	2	0	2	0	0	1	0	0	1	0	0	1	0	1	0	0	0	0	1	0	1	0	2	1	1	1	0	0	1	4	4	2	4	0	1	0	0	0	0	0	1	0	0	0	0	0	0	0	0	0	0	2	1	0	0	0	0	1	0	0	2	0	0	0	1	0	0	0	0	0	1	1	0	0	0	0	0	0	0	0	0
0	1	0	2	1	1	0	0	1	0	0	0	2	1	1	0	1	0	0	0	1	0	0	0	0	0	0	0	1	0	0	0	1	6	1	4	25	28	8	27	0	10	0	5	32	87	29	24	0	1	0	1	0	0	0	1	0	0	0	1	2	0	1	4	0	0	0	3	1	2	2	1	0	0	2	3	2	2	1	0	0	0	1	1	0	1	1	1	1	0	0	1	0	1	0	1
1	1	0	2	10	4	3	5	2	0	0	1	1	2	0	5	2	0	1	3	0	0	1	0	0	0	2	1	2	0	0	3	2	2	3	2	0	2	2	2	3	0	5	0	3	7	2	1	1	1	0	0	1	0	4	1	0	0	0	1	0	0	0	0	1	0	2	0	1	1	1	1	1	1	3	2	0	2	0	0	0	0	1	0	1	0	1	0	0	0	1	1	0	0	0	1
1	1	1	0	1	4	2	8	0	0	0	0	4	4	0	5	1	2	0	0	2	1	1	3	0	0	0	5	0	5	0	0	3	17	5	5	45	72	19	44	2	16	2	9	45	128	60	41	0	2	3	2	0	3	3	3	0	2	0	1	0	0	0	4	0	2	1	0	1	4	3	3	1	1	0	3	1	0	4	5	1	2	1	0	0	4	2	4	1	1	1	2	0	2	1	0
1	0	0	5	5	3	0	1	1	0	0	0	4	1	0	4	0	0	0	0	0	0	1	0	0	2	0	0	1	0	0	2	2	23	2	5	48	84	32	63	1	34	4	9	53	193	89	57	1	2	0	2	1	0	1	2	1	2	0	1	4	3	1	2	0	0	1	1	0	3	0	3	3	0	1	5	2	1	2	1	0	0	0	1	0	0	0	1	0	1	2	0	0	0	1	2
1	2	0	0	2	4	1	2	2	2	0	0	2	6	0	2	1	1	2	0	0	2	3	1	0	0	0	1	1	4	5	2	1	51	4	18	72	103	45	82	0	26	0	15	79	221	92	68	3	3	1	4	0	1	1	2	1	2	1	1	2	2	0	7	2	1	2	3	1	4	4	3	0	0	2	12	2	3	6	1	0	1	2	1	0	0	1	0	1	2	2	1	0	0	0	2
0	0	0	0	1	1	1	1	1	0	1	0	0	2	0	1	0	0	1	0	1	1	0	0	0	1	0	0	1	0	0	2	1	1	2	0	5	2	8	3	3	0	2	1	0	4	2	1	0	0	0	0	0	0	1	1	0	0	1	0	0	0	0	0	0	0	0	0	0	0	1	0	0	1	0	0	1	0	1	0	0	0	0	0	0	0	0	0	0	0	0	0	0	0	0	0
0	0	0	0	0	0	0	0	0	0	0	0	0	0	0	0	0	0	0	0	0	0	0	0	0	0	0	0	0	0	0	0	0	0	1	0	0	0	0	0	0	0	0	0	0	0	0	0	0	0	0	0	0	0	0	0	0	0	0	0	0	0	0	0	0	0	0	0	0	0	0	0	0	0	0	0	0	0	0	0	0	0	0	0	0	0	0	0	0	0	0	1	0	0	0	0
0	0	0	0	1	0	0	0	0	0	0	0	0	3	0	1	0	0	0	0	0	0	0	0	0	0	0	0	0	0	0	2	2	2	3	0	0	1	1	0	2	0	4	0	1	1	2	0	0	0	0	0	0	0	0	0	0	0	0	0	0	0	0	0	0	0	0	1	1	0	0	0	1	0	2	0	0	0	0	0	0	0	0	0	0	0	0	0	0	0	0	0	0	0	0	0
0	3	1	0	3	1	0	3	0	0	1	0	1	4	4	0	0	0	0	0	0	0	2	2	0	0	0	1	0	1	1	0	1	21	1	12	49	94	32	81	2	16	3	13	90	207	104	58	3	3	1	6	2	3	7	1	3	4	2	4	2	2	1	6	4	1	0	1	0	0	2	7	1	1	2	4	1	5	0	0	1	0	1	0	0	1	2	3	2	0	2	2	2	0	0	1
0	0	0	0	1	1	0	2	0	0	1	0	4	3	0	0	0	1	0	0	0	1	1	0	0	0	0	0	3	4	0	0	0	16	4	3	32	46	12	32	0	9	3	3	25	87	36	21	0	0	1	1	2	1	4	1	0	0	1	0	0	1	0	3	2	1	2	5	0	1	3	3	0	2	0	2	3	0	1	2	0	1	1	0	0	0	0	1	0	0	3	0	0	0	1	1
0	0	0	0	1	0	1	4	1	2	0	0	2	2	0	0	0	0	0	0	0	0	1	1	0	2	0	0	1	1	0	4	0	21	3	3	50	68	25	37	1	13	4	5	49	107	54	38	1	1	0	0	0	1	0	1	1	1	2	1	0	0	1	3	1	0	3	1	0	1	0	1	0	1	0	4	3	1	2	0	1	1	0	0	0	1	2	2	0	1	0	0	0	1	0	1
1	0	0	0	0	3	0	1	1	0	0	0	0	0	0	1	1	0	0	1	0	0	0	0	0	0	0	1	0	0	0	1	2	1	8	1	0	2	12	4	2	0	1	2	2	1	2	1	0	1	0	0	0	0	0	0	0	0	0	0	0	0	0	0	1	0	0	1	0	2	1	0	0	0	0	1	0	0	0	0	0	0	0	0	0	1	3	0	0	0	0	0	0	0	0	0
1	0	0	0	1	0	0	1	1	1	0	0	0	1	0	0	0	0	0	0	0	0	0	0	0	0	0	0	0	1	0	0	0	3	1	1	0	1	2	0	1	1	1	1	3	5	7	2	0	0	0	0	0	0	0	1	0	1	0	0	0	1	0	0	2	1	0	1	0	0	0	0	0	0	0	2	0	1	0	0	0	0	1	1	0	0	1	0	1	0	0	0	0	0	0	0
0	0	1	1	9	2	1	3	0	0	0	0	0	3	0	0	0	1	0	0	0	0	1	0	0	0	0	0	0	1	0	0	1	6	4	2	23	25	6	25	1	7	5	4	23	64	36	25	0	2	0	0	0	1	1	0	0	1	1	0	0	0	1	0	0	1	1	0	0	1	1	2	0	0	0	3	1	1	1	1	0	0	1	0	0	0	1	0	0	0	0	0	0	1	0	1
1	1	0	0	1	1	0	0	0	1	0	0	1	0	0	0	0	0	2	1	0	1	1	1	0	0	0	0	1	0	0	0	2	15	0	3	31	46	15	39	1	12	5	13	50	157	81	45	2	0	0	2	0	1	0	0	0	0	0	1	0	0	1	0	0	0	0	1	0	0	1	2	1	0	1	3	2	2	3	1	0	0	1	0	0	1	3	0	0	0	1	1	1	0	0	0
0	1	0	0	2	0	0	0	1	1	0	1	0	1	0	0	0	1	0	1	0	1	1	2	0	1	0	0	1	0	1	3	2	10	5	0	30	38	23	34	3	13	2	4	34	111	54	33	1	0	1	2	0	1	0	1	0	1	1	1	0	0	0	0	0	0	0	1	0	1	0	4	0	2	0	0	1	1	0	1	0	2	0	0	0	1	0	0	0	0	2	1	0	1	0	0
2	1	0	0	9	3	2	5	1	1	0	5	1	3	0	2	1	0	1	0	1	0	0	1	0	1	1	0	0	3	0	1	3	39	5	8	69	120	43	76	0	23	2	18	126	274	112	78	0	3	2	8	3	1	2	1	2	2	3	1	2	2	1	1	0	2	0	3	0	3	4	1	1	1	0	10	2	2	0	2	0	0	0	0	0	0	0	2	1	1	0	4	1	1	1	2
0	0	0	0	0	0	0	2	2	1	0	0	0	3	0	1	0	0	0	0	0	0	0	1	0	0	0	0	0	1	0	2	0	6	4	1	20	30	8	10	0	10	2	4	26	52	15	18	0	0	2	0	0	0	0	1	0	0	1	0	0	0	0	0	1	1	0	2	1	1	1	1	1	1	0	3	0	0	1	1	1	0	0	0	0	0	1	0	0	0	0	1	1	0	1	0
0	2	1	0	2	1	1	0	0	0	1	0	0	0	0	0	0	0	2	1	0	0	1	0	0	0	0	1	0	0	2	0	1	0	1	0	0	0	2	2	1	0	2	0	0	0	1	0	0	1	0	0	0	1	0	0	0	0	0	0	0	0	1	0	1	1	1	0	1	0	1	0	0	0	0	1	0	0	0	1	0	0	0	0	0	0	0	0	0	0	0	0	0	0	0	0
1	1	0	0	4	2	2	3	2	1	0	0	1	1	1	2	0	2	1	0	3	0	1	0	1	0	1	0	0	1	0	2	1	24	9	4	46	85	21	58	5	20	7	8	73	162	90	38	0	1	0	6	0	0	1	0	1	0	0	0	0	0	2	5	2	1	1	4	1	1	2	3	1	2	0	4	2	4	2	2	1	1	2	0	0	3	3	1	0	0	1	0	0	0	1	1
3	4	0	3	4	6	4	7	4	3	0	1	4	17	1	5	1	0	3	2	1	6	12	4	0	3	1	3	6	6	6	8	2	80	8	27	283	444	93	331	1	108	6	67	409	1060	429	312	5	6	4	11	4	4	8	15	0	5	5	5	3	7	5	18	9	4	7	4	2	8	5	18	4	7	7	66	9	11	4	13	2	3	7	1	1	8	21	9	1	2	15	5	5	5	10	12
0	0	0	2	6	2	4	2	0	1	1	0	6	8	1	6	0	0	1	1	0	0	3	1	2	1	1	2	0	2	1	2	4	44	8	22	129	191	41	148	4	42	10	31	234	493	247	172	2	3	3	7	0	5	2	2	2	1	0	4	3	6	1	16	4	0	4	6	6	7	3	12	4	3	5	32	10	7	6	7	0	1	0	2	0	2	1	0	1	1	2	2	1	2	1	2
0	0	0	0	7	2	4	1	1	2	1	0	1	3	1	1	1	0	0	0	1	2	0	0	1	3	1	1	0	0	1	0	2	37	3	11	68	96	28	62	2	29	3	19	105	261	130	71	2	3	2	1	0	1	2	3	1	0	3	0	1	2	1	5	0	1	2	2	0	1	1	6	2	3	0	10	3	2	2	1	1	0	0	0	0	1	2	1	0	0	3	2	0	4	0	3
0	0	2	3	140	18	35	99	6	0	0	6	11	11	4	12	0	0	0	0	0	0	0	1	0	0	0	0	1	0	0	1	2	1	7	1	4	3	3	8	3	4	3	4	4	12	9	7	0	0	0	0	0	0	0	1	0	0	0	0	1	0	0	0	0	0	0	0	0	1	0	0	0	0	0	3	1	2	0	1	0	0	5	0	0	0	1	5	0	0	2	0	0	1	0	1
1	0	0	1	1	1	0	0	0	0	0	0	2	2	0	2	0	0	2	0	2	0	0	0	0	0	1	0	2	2	0	1	1	8	4	0	27	33	10	23	1	4	1	5	29	56	26	13	2	0	0	1	0	1	0	0	1	0	0	0	0	0	0	1	0	2	0	0	0	0	1	1	1	3	0	1	0	0	1	0	0	1	0	0	0	0	0	0	1	1	0	0	1	0	0	0
0	2	0	1	1	0	0	2	1	0	0	1	0	3	0	0	1	0	0	0	0	0	1	0	0	1	1	0	0	1	0	0	1	2	1	2	12	31	6	20	2	2	3	3	20	57	24	16	0	1	0	0	0	0	2	0	0	0	3	1	0	0	0	0	1	0	4	2	0	0	0	1	1	1	0	5	1	1	1	0	0	0	0	0	0	0	0	0	0	0	2	0	0	1	1	1
1	4	2	2	8	9	4	5	1	2	0	2	8	17	1	9	2	1	4	2	5	2	5	5	2	1	1	2	4	6	3	3	8	73	5	31	203	365	133	234	2	65	11	34	239	697	273	238	1	5	6	15	3	1	6	11	3	1	3	10	7	8	2	31	5	4	3	4	4	3	2	22	7	4	2	62	7	13	10	14	2	2	5	3	1	2	5	6	1	7	3	8	4	7	2	6
1	3	0	0	2	1	1	5	2	1	0	0	3	0	0	1	0	0	0	2	1	0	1	1	1	0	0	1	1	2	1	0	0	8	0	6	39	74	16	53	3	16	2	10	71	170	73	64	2	0	0	3	0	1	1	1	1	1	2	0	0	1	2	6	1	0	2	0	0	1	1	1	1	2	1	2	3	0	4	1	0	1	0	0	0	0	2	1	0	0	2	1	0	0	1	1
3	0	2	1	1	1	2	1	0	1	1	3	1	5	2	3	1	0	0	3	0	0	2	1	0	1	1	0	0	1	0	0	4	30	7	5	55	74	21	54	3	14	4	12	66	192	84	54	1	1	1	4	0	1	1	1	0	0	1	2	3	3	1	12	0	1	3	2	2	5	4	7	0	2	2	25	1	2	1	0	0	0	3	0	0	0	6	3	0	0	4	0	2	3	1	1
0	0	0	0	0	2	0	1	0	0	0	0	0	0	0	1	1	0	0	0	0	0	1	0	0	1	0	0	1	0	0	1	0	0	3	0	0	1	2	2	0	0	1	1	1	0	2	0	0	0	0	0	0	0	3	0	0	0	0	0	0	0	0	0	0	0	0	0	1	0	0	0	0	1	0	1	0	0	0	0	0	0	0	0	0	0	0	0	0	0	0	0	0	0	0	0
0	1	0	0	3	2	0	1	1	0	0	0	0	0	0	1	1	0	0	2	2	0	1	0	0	0	0	0	0	1	0	4	0	7	2	0	23	40	12	39	4	7	2	3	29	88	29	35	1	2	0	1	0	0	0	0	1	0	2	2	1	1	0	1	0	1	0	2	0	0	0	2	0	0	0	0	0	0	0	1	0	1	1	0	0	0	0	1	0	0	0	0	0	0	0	0
1	0	0	1	2	2	1	2	1	0	0	0	1	4	0	0	0	0	0	0	0	0	1	1	0	0	0	1	1	2	0	0	2	27	0	3	36	75	23	58	4	19	2	8	88	184	69	61	6	1	1	4	1	1	1	3	0	2	0	1	1	0	0	4	1	0	0	4	3	2	5	4	1	0	1	6	2	6	2	1	0	0	0	1	1	0	2	0	0	0	7	1	0	1	0	3
0	0	0	1	0	0	0	0	1	0	0	0	1	0	0	0	1	2	0	0	0	0	1	0	0	0	1	1	0	2	0	1	0	20	2	9	41	67	23	53	1	18	3	8	41	123	69	45	0	1	1	4	0	1	2	3	0	0	2	1	0	0	1	4	0	0	0	1	1	1	1	2	0	2	1	5	0	2	1	2	0	0	1	1	0	2	1	0	0	0	0	0	0	0	1	0
5	3	0	4	13	10	3	3	3	3	2	1	12	13	2	4	1	3	2	3	1	0	4	2	2	4	3	1	3	11	4	3	7	124	15	50	378	676	165	429	9	108	11	80	474	1440	602	437	4	4	4	14	3	4	7	8	3	0	6	5	7	2	0	11	2	3	9	12	7	5	9	23	5	6	7	55	16	10	16	11	0	2	8	1	2	5	9	3	1	0	11	3	1	1	5	5
3	3	0	0	7	5	2	15	0	4	1	1	5	18	2	8	0	1	0	3	0	6	1	3	0	1	1	2	1	6	0	11	4	133	4	35	335	498	153	450	5	88	2	92	655	1326	567	389	1	6	4	16	0	17	2	14	11	4	4	5	4	25	5	37	2	2	6	2	6	4	3	20	3	1	6	18	3	8	4	6	0	3	4	0	0	3	4	10	0	0	3	2	4	12	1	7
3	0	0	0	1	1	1	0	0	0	0	1	1	0	1	1	2	0	2	1	2	1	0	1	0	0	0	0	0	3	2	0	3	13	1	4	30	41	7	28	1	15	0	10	50	114	52	37	1	1	0	5	0	1	0	2	1	0	1	1	2	0	1	0	0	1	3	1	3	2	4	3	1	0	1	10	0	4	1	5	1	0	2	0	0	0	2	2	0	0	2	0	0	0	0	0
0	2	0	1	7	0	0	2	0	0	0	0	0	1	0	1	0	1	0	1	1	1	0	1	1	0	0	0	0	1	0	0	1	7	1	2	29	46	15	24	1	12	3	4	33	108	48	42	0	0	0	2	0	0	1	0	0	0	1	0	0	0	4	2	1	1	0	1	0	1	0	4	0	2	1	9	1	1	1	0	0	0	0	0	0	0	0	1	0	0	0	0	0	0	0	0
2	1	1	1	4	7	1	7	1	0	0	0	3	10	2	1	1	1	1	0	1	3	5	1	0	2	0	0	1	2	4	2	3	83	7	15	206	319	96	227	2	77	8	39	329	711	304	182	3	4	2	11	0	7	4	4	2	1	1	4	2	8	5	18	2	1	3	6	4	3	3	20	2	0	2	7	7	7	4	2	2	3	1	1	0	6	8	12	1	1	4	4	1	4	3	8
3	3	0	0	6	5	4	7	1	2	0	1	4	8	1	9	0	1	1	1	3	2	4	2	1	1	2	1	1	5	1	6	4	105	1	20	230	320	97	299	9	79	2	41	367	931	347	279	4	2	6	10	4	6	5	4	0	4	1	3	3	4	1	11	2	1	4	5	2	3	4	10	1	1	1	21	9	2	7	4	3	1	3	2	0	3	2	4	0	1	4	4	2	1	1	3
1	1	1	0	1	1	0	1	0	3	0	0	0	1	0	2	1	1	1	2	1	5	0	1	1	2	1	0	2	4	0	2	2	20	5	7	62	102	44	79	5	25	1	11	62	171	81	67	2	3	0	1	1	2	1	3	1	1	1	1	2	5	3	3	3	1	1	3	0	3	2	2	0	1	2	7	2	5	4	4	0	2	0	2	0	2	0	5	0	1	0	0	0	1	0	2
0	1	0	1	0	1	1	0	0	1	0	0	0	0	0	0	1	0	0	0	0	1	0	0	0	0	1	0	1	0	1	1	0	13	3	3	38	48	15	30	0	17	3	7	33	110	34	23	1	0	1	0	0	0	0	1	0	0	3	1	1	0	0	1	1	0	1	2	0	1	1	2	0	1	0	4	0	4	0	2	0	0	1	1	2	0	0	1	0	0	0	0	0	1	1	0
1	0	0	0	1	3	0	0	1	0	0	1	2	1	1	0	0	0	0	1	0	0	1	1	0	1	0	0	2	1	0	1	1	15	2	2	25	41	15	28	1	12	1	13	37	88	45	36	1	1	0	2	2	1	1	0	2	0	1	0	0	0	1	2	1	2	1	0	1	2	1	2	1	1	0	3	2	2	0	6	0	0	0	0	0	0	2	0	0	0	2	0	0	0	0	0
0	0	0	2	1	1	0	1	1	0	0	0	1	6	0	3	0	0	1	0	1	0	1	0	0	0	0	1	1	3	1	0	3	19	0	7	77	94	27	78	0	21	6	14	96	239	102	74	2	1	1	3	0	1	1	0	2	0	1	3	3	0	1	4	1	0	1	3	2	2	1	4	0	1	2	10	4	2	4	1	1	0	1	0	0	0	2	1	1	1	7	0	0	0	1	1
1	2	0	0	3	6	0	2	1	2	0	1	1	6	3	0	0	0	1	0	0	1	4	1	1	0	3	2	2	4	1	2	1	47	4	11	105	152	42	121	2	28	3	25	142	383	161	88	2	2	3	1	3	3	5	2	1	0	2	1	1	3	3	5	4	3	5	9	5	5	5	9	3	2	3	28	5	0	5	2	0	1	3	2	0	2	1	2	0	2	4	1	1	1	4	3
1	3	0	2	10	1	4	4	4	4	1	1	4	2	2	2	0	2	3	0	0	0	1	1	0	0	0	0	2	1	0	2	1	6	14	2	29	43	14	22	3	8	14	9	53	115	61	27	0	3	2	3	1	2	3	0	0	1	1	0	1	2	3	2	2	1	2	3	0	0	3	1	0	2	2	3	0	0	4	0	0	0	3	0	0	0	0	0	0	0	1	0	1	1	0	1
2	2	0	1	3	1	1	4	1	1	0	0	2	5	0	2	1	1	1	1	1	0	3	2	1	1	1	1	3	1	5	2	2	54	6	20	109	176	65	129	1	44	5	25	102	334	108	111	3	1	1	5	2	1	2	4	1	0	3	1	0	3	2	1	0	1	2	2	2	2	5	7	2	3	3	17	8	4	0	5	0	2	2	0	0	1	0	1	1	1	3	3	2	3	4	3
0	0	0	0	2	0	1	0	0	0	0	0	0	1	0	1	0	0	0	0	0	1	1	1	0	0	0	0	0	0	0	0	1	2	2	0	9	9	5	6	0	1	2	0	8	14	9	9	0	0	0	0	0	0	1	1	0	0	1	0	0	0	0	1	0	0	0	0	0	0	0	0	0	0	1	1	0	0	0	0	0	0	1	0	0	0	0	1	0	0	0	1	0	0	0	0
0	0	0	0	1	0	2	0	1	0	0	1	0	0	0	0	0	1	0	0	0	1	1	0	1	0	0	0	0	0	1	0	0	8	0	1	10	24	5	19	0	7	2	2	20	49	17	19	1	0	0	1	0	0	1	0	0	0	0	0	0	0	1	0	0	0	0	2	0	0	2	1	0	0	0	3	0	0	2	2	0	0	1	0	0	0	0	2	0	0	0	0	0	0	0	1
0	0	0	0	0	1	0	1	1	0	0	0	1	3	1	0	2	0	0	0	0	0	0	1	0	0	0	1	1	0	0	2	2	18	3	8	41	40	13	30	0	17	3	9	51	160	55	40	0	2	1	0	3	0	2	2	0	0	2	1	0	2	1	1	2	0	2	6	1	1	0	1	0	2	0	4	2	2	1	2	1	1	0	0	0	1	5	1	0	0	1	0	1	2	0	2
0	1	0	0	2	0	0	0	0	1	0	1	1	6	0	0	0	1	0	0	1	0	0	1	1	0	0	0	1	1	0	0	0	14	1	7	38	44	19	48	0	9	1	12	44	138	64	41	0	0	0	2	0	0	0	2	0	0	2	0	0	0	0	1	1	1	1	1	0	3	0	0	2	0	1	5	2	2	1	4	1	1	0	1	0	1	0	0	0	0	3	1	1	1	0	1
2	4	1	1	7	7	3	3	3	2	0	3	6	12	0	7	2	2	3	3	2	4	1	2	0	1	1	0	0	4	5	0	8	54	7	31	151	250	101	179	4	61	4	26	158	519	154	151	4	2	3	12	4	4	1	5	3	4	2	2	4	6	6	19	2	2	4	4	8	1	3	11	1	1	0	21	9	4	3	12	0	1	2	1	1	1	3	11	1	2	7	1	5	8	7	0
0	1	0	0	1	0	1	2	0	0	0	0	2	4	2	0	0	0	0	0	0	0	1	0	0	0	0	0	0	3	1	0	0	5	5	5	47	51	12	37	2	10	1	9	47	90	39	26	0	2	0	0	0	2	0	1	0	0	1	1	0	0	0	7	0	0	0	1	0	1	3	2	1	1	0	7	3	0	3	0	0	0	0	0	0	3	0	0	0	0	3	0	0	1	0	3
0	0	0	0	2	1	0	1	0	0	0	0	0	1	0	0	0	1	0	0	0	1	0	0	0	0	0	1	0	1	0	0	1	12	1	3	35	46	11	33	0	11	2	5	48	87	61	33	1	2	0	3	0	0	0	0	1	1	1	0	0	1	1	1	0	0	0	0	0	0	2	5	0	0	0	4	0	3	1	2	0	0	0	0	0	0	0	0	0	0	2	0	1	2	0	0
0	1	0	0	3	2	1	3	0	0	0	0	2	3	2	2	0	0	1	1	0	1	2	1	0	2	1	0	0	1	2	0	1	29	2	8	65	111	26	61	1	24	2	14	83	232	100	72	1	0	1	2	0	1	1	3	2	0	2	0	0	1	0	5	1	2	4	1	1	1	2	2	0	1	1	10	6	5	2	1	0	0	1	0	0	0	0	3	1	0	1	2	1	0	1	1
2	2	2	4	10	5	3	6	2	1	0	0	7	12	1	10	2	1	2	0	0	5	2	2	0	6	0	2	1	7	2	3	5	87	4	21	263	396	126	249	5	84	4	47	325	820	366	248	5	3	0	11	0	3	3	6	3	2	3	3	6	6	3	10	3	4	2	5	2	1	4	15	1	1	3	41	2	6	0	13	1	2	4	1	0	1	5	4	0	4	4	5	2	2	8	6
2	1	0	1	4	1	0	0	3	0	0	1	3	6	3	1	0	0	0	0	0	0	0	1	0	0	0	2	2	1	0	1	1	26	2	7	41	72	21	45	2	20	2	7	82	200	85	46	2	2	1	4	1	3	1	1	0	0	0	1	2	0	0	3	1	0	1	2	1	1	3	6	1	0	0	11	1	2	3	2	0	1	1	0	0	1	0	0	0	0	4	0	0	2	0	3
0	1	0	0	0	1	0	3	0	0	0	1	2	1	1	0	0	0	0	1	0	1	2	0	0	0	0	1	0	0	0	1	0	13	1	4	24	43	10	33	2	12	2	3	24	77	22	29	0	1	0	2	0	0	0	0	0	1	1	0	0	0	1	2	0	0	1	0	0	0	0	3	1	0	0	5	3	0	0	1	0	0	1	1	0	0	1	0	0	1	0	1	0	1	1	0
0	0	0	1	4	1	1	0	0	1	0	0	0	0	0	2	1	0	0	0	1	0	0	1	0	0	0	0	2	0	0	0	1	12	2	3	31	51	16	32	1	13	2	9	45	112	44	34	0	2	1	0	0	0	1	0	0	0	3	1	1	1	1	0	1	0	1	0	0	0	1	2	1	0	0	3	1	0	1	0	0	1	0	1	0	0	0	0	0	0	1	1	0	0	0	2
4	1	0	4	3	7	2	5	1	1	1	0	2	7	2	3	0	0	3	0	1	3	1	3	0	0	2	0	1	3	0	2	7	42	6	20	182	230	82	196	3	49	7	34	228	541	235	155	3	3	2	2	0	5	4	4	2	3	5	3	5	3	2	11	0	3	4	4	4	4	5	11	7	3	2	28	13	6	5	5	2	1	2	1	0	1	3	1	2	0	2	3	2	1	1	4
2	0	0	0	2	1	2	4	2	0	0	0	2	6	0	1	1	4	0	4	1	1	2	1	0	2	0	0	0	2	0	4	2	40	5	20	105	152	49	141	3	54	1	26	148	399	176	106	2	2	1	6	2	1	1	2	1	2	0	0	3	1	3	7	3	3	0	4	4	1	3	5	0	3	1	26	5	6	7	3	0	1	7	2	1	3	14	9	1	2	16	7	3	4	10	3
0	0	0	0	1	0	0	0	0	0	0	0	0	0	0	0	0	0	0	1	0	0	0	0	0	0	0	0	0	0	0	0	0	0	0	0	0	0	0	0	0	0	0	0	0	0	0	0	0	0	0	0	0	0	0	0	0	0	0	0	0	0	0	0	0	0	0	0	0	0	1	0	0	0	0	0	0	0	0	0	0	0	0	0	0	0	0	0	0	0	0	0	0	0	0	0
2	1	2	1	2	0	0	1	2	1	0	0	0	2	0	1	1	0	0	0	0	2	3	1	0	1	0	0	3	1	0	0	0	11	0	3	33	68	18	38	0	17	0	5	32	120	53	36	0	0	0	2	1	0	3	0	0	1	0	1	0	0	2	0	0	0	2	0	0	1	2	5	0	0	1	7	2	0	0	3	1	0	0	0	0	0	2	3	0	0	3	0	0	2	0	0
1	3	0	0	2	1	0	1	1	1	0	0	4	6	0	3	1	0	0	1	0	3	1	0	0	0	0	0	0	1	0	1	1	36	3	6	80	107	40	82	3	27	4	15	90	248	97	81	3	3	2	3	2	1	1	2	2	0	2	1	0	0	1	2	0	0	1	2	1	0	0	1	2	0	2	6	2	2	2	3	1	0	0	0	1	1	1	2	0	0	2	2	0	2	1	0
1	1	1	0	1	2	4	2	2	1	1	1	0	2	0	1	1	1	1	0	0	1	2	0	0	1	0	0	1	1	0	2	3	23	2	4	56	67	17	46	3	15	3	14	52	132	46	47	1	1	1	4	0	1	1	1	0	0	1	2	3	0	0	2	1	0	0	3	0	0	2	2	0	0	0	3	0	1	0	1	0	0	1	0	0	2	1	1	0	0	3	1	1	2	0	0
5	1	0	0	3	4	2	8	2	3	2	0	5	17	1	4	1	1	5	1	2	0	4	4	0	2	4	2	2	7	1	3	2	85	6	28	189	365	112	224	5	71	7	43	226	719	296	204	6	2	5	17	1	10	8	9	3	0	2	3	2	7	0	13	0	5	5	7	5	1	8	22	1	2	2	26	5	16	4	10	2	3	4	3	2	3	4	6	0	0	1	4	3	5	2	6
0	2	1	1	3	2	0	2	0	0	0	2	0	5	0	1	0	1	0	0	0	1	3	1	0	0	2	0	0	0	1	1	0	25	2	7	50	96	37	71	0	24	2	12	93	241	102	55	1	0	0	1	0	3	2	0	0	0	0	2	1	3	1	3	2	1	0	1	3	0	1	1	1	2	3	6	2	0	1	2	0	0	3	0	0	2	1	1	0	0	2	2	0	0	1	2
4	3	1	3	3	0	5	3	0	1	0	0	6	7	1	5	1	1	1	3	0	1	2	2	0	1	2	2	0	3	2	3	1	65	10	12	174	290	100	216	4	54	6	29	192	526	208	195	4	2	2	8	4	1	4	3	2	1	0	3	7	4	4	7	1	4	2	5	5	4	2	8	7	1	3	23	5	7	4	2	2	3	2	4	2	4	6	7	0	1	5	2	3	6	2	3
0	0	0	0	0	1	0	2	1	0	0	0	1	3	2	0	0	0	0	1	0	1	1	2	0	0	2	0	0	0	0	0	1	17	4	3	42	47	16	34	2	4	1	8	55	112	49	24	2	0	0	1	0	1	0	0	2	1	3	1	0	1	4	1	1	0	1	1	0	1	0	3	1	0	0	8	0	2	1	0	0	0	2	0	0	1	1	0	0	1	3	2	0	1	0	0
2	0	0	0	3	1	1	0	0	0	0	0	2	1	1	1	0	1	0	0	0	4	0	4	1	0	1	0	2	1	1	3	0	12	9	5	29	36	24	34	0	8	2	10	39	133	50	27	0	0	0	0	0	1	1	1	1	0	1	1	1	1	0	0	1	0	1	1	1	2	1	4	1	1	2	1	2	2	0	1	0	0	2	0	0	0	2	0	0	0	1	1	2	1	0	3
1	2	0	1	1	0	0	0	1	2	0	1	0	2	0	1	0	1	0	0	2	1	0	0	0	0	0	1	0	2	0	1	2	14	2	11	64	94	25	48	5	16	6	13	91	233	86	55	0	0	1	4	0	1	1	1	0	1	2	0	0	5	1	1	1	1	0	1	1	1	2	4	0	2	0	11	1	1	1	0	0	0	1	1	0	2	2	2	0	0	2	0	0	1	0	0
8	2	1	3	6	1	5	7	0	2	0	0	4	10	2	5	4	2	0	2	1	2	4	2	2	3	1	1	3	3	2	4	4	79	5	24	210	354	103	256	5	67	3	31	203	626	271	258	4	3	6	20	1	5	2	14	1	3	1	5	5	7	3	30	5	3	4	4	2	5	2	15	0	1	3	44	9	6	7	14	2	0	6	2	0	5	4	13	3	4	10	2	3	8	4	12
2	4	2	0	4	0	2	1	1	1	0	2	1	4	0	3	2	0	0	1	0	0	2	1	0	1	1	0	1	2	0	2	3	25	5	4	53	77	20	52	2	15	6	17	66	192	70	55	1	0	3	1	1	0	0	1	1	1	2	1	2	0	0	0	1	0	0	1	1	3	0	7	3	1	3	10	4	2	1	2	0	0	1	1	1	0	3	2	0	1	3	2	0	1	0	2
0	0	0	0	7	2	2	2	2	0	1	0	0	0	1	1	0	0	0	0	1	2	0	0	0	0	0	0	1	0	0	2	1	2	4	1	3	6	2	2	3	3	2	0	7	10	9	2	0	0	1	1	0	0	0	0	0	0	1	0	0	0	0	1	1	1	1	0	0	1	1	2	0	0	0	0	1	0	0	0	0	0	0	0	0	0	0	0	0	0	0	0	0	2	0	1
0	2	0	0	0	1	0	0	0	0	0	0	0	0	0	0	0	0	1	0	0	0	1	1	0	0	0	0	1	0	0	1	0	1	0	1	8	13	7	7	0	4	0	5	18	34	21	14	2	0	1	1	0	0	0	2	0	0	1	0	2	0	0	0	0	1	0	0	1	0	0	0	0	0	2	2	1	0	0	0	0	0	0	0	0	0	0	0	0	0	1	0	0	0	0	0
1	2	0	0	6	2	0	0	2	0	0	0	2	5	2	1	0	0	2	0	0	2	0	1	0	0	1	1	1	2	0	5	2	27	3	15	88	90	26	62	3	23	2	15	83	245	146	73	2	1	0	4	1	0	1	2	1	0	2	4	1	0	3	4	0	4	2	7	1	1	5	7	3	2	2	14	3	2	6	4	0	2	3	3	0	0	4	1	0	1	4	3	0	1	1	4
2	0	0	0	3	3	1	6	1	0	1	0	0	2	4	6	0	1	3	1	1	1	1	2	0	0	0	0	2	2	2	4	3	63	7	13	157	259	67	198	3	59	1	38	257	603	315	198	3	2	3	10	1	4	2	6	0	1	6	8	4	3	2	6	1	0	5	1	4	4	5	9	2	1	5	21	5	9	4	4	0	1	2	2	1	0	1	0	1	0	2	0	1	3	0	2
0	0	0	0	0	0	0	0	0	0	0	0	0	0	1	1	0	0	0	0	0	0	0	0	0	0	0	1	0	0	0	0	1	2	0	1	3	4	2	2	0	4	0	2	3	10	5	2	0	0	0	0	0	0	0	0	0	0	1	0	0	0	0	0	0	0	0	0	0	0	0	0	0	0	0	0	1	0	0	0	0	0	1	0	0	0	0	0	1	0	0	0	0	0	0	0
2	1	0	1	2	2	0	0	0	0	1	0	3	4	1	0	0	2	1	4	2	1	0	2	0	1	1	0	2	1	0	2	0	19	3	4	76	89	23	50	3	23	5	14	113	270	111	63	3	0	1	5	0	0	0	8	0	1	0	1	3	6	1	12	1	0	1	2	2	3	3	6	1	1	2	28	3	5	6	4	3	1	7	1	0	3	4	6	0	2	8	1	0	4	4	7
1	0	0	0	7	0	0	1	0	0	0	0	0	0	0	0	0	0	1	0	1	0	0	0	0	1	0	0	1	0	0	0	0	9	2	2	22	26	11	25	0	6	2	4	29	76	24	15	0	0	0	0	1	0	0	2	1	0	1	0	0	0	0	0	0	1	1	1	2	2	0	1	0	0	0	3	2	1	0	1	0	0	0	0	1	0	0	0	0	0	0	1	1	0	1	0
1	0	0	0	3	0	0	0	0	0	0	0	0	1	0	0	0	0	0	0	0	0	0	1	0	0	0	0	0	2	0	0	1	9	2	1	16	27	9	12	0	10	2	4	13	38	20	14	0	0	0	1	0	0	0	0	0	0	2	0	1	1	1	0	1	0	0	1	0	2	1	0	0	0	0	0	0	0	0	1	0	0	1	0	0	1	1	1	0	1	0	0	1	0	1	1
0	2	0	0	2	4	1	1	1	1	0	2	2	9	1	1	0	1	0	2	3	1	1	1	0	1	1	0	0	2	1	3	2	31	5	12	127	135	49	104	2	33	1	26	160	410	159	107	1	2	3	5	2	3	0	2	2	2	3	2	0	2	1	2	2	4	4	5	3	3	7	4	2	1	1	23	5	1	3	4	0	0	1	0	0	0	1	2	0	1	4	1	0	1	0	2
2	1	1	1	2	5	0	4	0	2	0	0	2	4	0	6	2	1	1	2	0	6	5	1	0	2	0	3	2	6	1	6	0	65	3	21	198	276	72	242	2	63	0	31	303	778	342	232	2	3	3	8	2	3	0	7	0	2	2	4	3	1	2	18	3	5	2	2	1	6	3	15	2	0	2	8	6	12	6	6	1	0	3	1	0	6	2	2	1	3	5	2	2	6	7	12
0	1	0	0	0	0	1	0	0	0	0	0	0	1	1	1	0	0	1	1	0	1	2	1	0	0	0	0	1	0	0	0	1	16	2	5	31	34	6	27	0	12	1	7	53	98	41	33	1	0	1	2	1	1	0	2	0	1	2	1	0	1	0	0	0	1	1	0	0	0	0	3	0	0	1	11	0	2	2	0	0	0	0	0	0	1	0	1	0	0	1	0	0	0	1	1
1	1	0	0	0	1	3	1	0	0	0	2	2	5	0	2	0	1	0	0	1	0	2	1	0	4	0	0	1	3	2	0	1	22	3	4	81	84	28	72	1	16	2	11	68	160	78	56	1	0	1	3	0	1	1	1	0	0	1	1	0	1	2	3	0	0	1	2	3	2	1	5	0	0	0	11	1	0	2	3	0	2	1	0	0	1	1	0	1	1	2	0	0	0	1	1
0	0	1	0	2	5	2	0	3	0	0	0	0	3	3	4	0	1	0	1	0	2	2	0	0	1	0	0	0	1	0	1	0	14	5	1	69	92	22	52	1	27	5	10	71	209	104	52	2	2	2	1	0	1	0	1	0	0	2	0	0	1	1	0	1	1	0	1	2	0	0	2	0	0	1	4	2	0	3	0	0	0	1	0	0	0	1	2	0	2	2	0	1	0	1	0
1	0	0	0	1	0	1	0	0	0	0	0	0	1	0	0	1	1	0	0	0	1	1	0	0	0	0	0	0	1	0	2	0	9	4	2	12	23	4	27	1	5	2	1	25	42	20	12	0	0	1	1	0	0	0	0	0	0	0	0	0	0	1	0	0	1	0	1	0	2	1	0	1	0	0	3	0	0	0	1	1	0	1	0	0	0	0	0	0	0	0	0	0	0	0	0
0	0	0	0	2	1	2	0	2	0	0	0	0	0	0	1	0	0	0	0	1	0	3	0	0	0	0	0	0	1	3	0	4	11	0	4	23	37	19	37	0	14	3	7	26	77	42	30	3	1	0	1	0	0	0	1	0	0	2	1	0	1	0	1	3	0	2	1	1	0	1	4	1	0	0	1	4	3	2	3	0	0	1	1	1	0	0	0	0	0	1	0	0	0	0	1
1	0	0	0	4	1	4	1	0	1	0	0	1	2	0	0	0	1	1	1	1	0	2	1	0	2	1	0	0	1	0	4	0	11	3	1	17	40	13	29	2	8	2	2	22	75	42	34	1	0	1	0	1	0	0	0	1	0	1	0	0	1	1	1	3	0	3	1	0	1	2	1	0	2	1	1	1	3	1	3	0	0	1	2	0	0	0	2	0	0	0	1	0	1	1	2
1	5	0	3	5	5	6	7	1	4	1	1	3	10	1	7	0	2	0	1	1	3	2	2	1	2	2	3	1	7	3	4	4	146	3	38	330	483	157	563	2	137	3	160	750	1359	922	416	3	8	2	12	4	11	3	11	2	3	1	3	0	13	4	22	1	3	2	6	10	8	8	11	4	1	2	17	6	8	11	15	1	3	3	1	1	4	3	8	0	2	4	7	2	5	2	10
4	6	2	0	7	9	4	6	2	3	0	2	8	15	3	5	0	2	1	0	1	3	3	2	1	0	0	0	2	2	4	6	8	106	6	18	334	519	144	400	2	103	5	62	402	978	436	336	2	4	1	14	2	4	5	7	1	2	5	3	3	6	2	9	7	2	3	3	3	3	4	9	3	1	0	19	4	3	8	5	3	0	5	6	1	2	1	3	0	0	4	5	0	4	1	3
0	3	1	0	2	2	0	0	1	2	0	2	1	5	2	1	0	2	0	2	1	2	1	1	0	1	0	0	2	3	1	1	4	41	5	7	95	152	50	102	2	35	2	13	105	321	125	101	1	2	2	3	1	2	2	4	0	2	3	2	3	3	1	6	1	0	2	2	0	4	2	4	3	1	2	14	3	2	3	7	0	1	1	1	0	3	3	1	1	4	3	0	2	3	0	4
5	2	1	0	1	0	0	3	2	1	0	0	1	4	0	1	0	0	0	0	0	1	1	0	0	0	0	0	1	2	0	2	0	27	4	1	70	101	26	69	3	22	1	14	97	220	105	72	0	1	2	0	0	3	0	0	0	1	3	1	2	2	0	0	1	1	0	2	3	2	1	6	1	0	0	9	2	2	0	1	0	2	1	0	0	1	1	16	0	1	2	0	0	0	0	4
3	1	0	1	4	0	2	4	0	1	0	0	3	4	0	3	1	0	2	1	1	4	0	1	0	3	0	1	0	2	1	0	4	71	3	13	117	210	61	183	1	49	2	42	234	524	242	212	2	2	1	6	3	3	1	3	1	1	0	0	2	1	3	7	1	1	2	4	2	2	3	12	1	1	1	13	3	7	0	2	0	2	0	0	2	6	5	3	0	0	5	1	0	2	4	5
2	0	0	2	5	2	2	2	0	7	0	0	2	0	1	0	4	0	2	1	1	2	8	3	0	1	0	3	1	4	0	6	5	14	1	6	33	74	24	51	1	12	1	4	31	142	36	46	1	3	1	5	0	2	2	1	4	1	3	0	3	0	0	1	11	20	24	18	13	17	15	22	32	41	44	45	8	7	4	5	1	2	2	1	1	2	2	4	0	1	1	2	0	3	2	1
2	1	0	0	2	2	1	2	0	1	0	1	1	4	1	4	1	1	1	3	2	0	0	2	0	2	1	0	1	4	1	1	2	38	7	14	93	157	53	123	2	42	0	27	143	351	142	111	0	2	2	5	2	4	1	0	0	0	2	1	1	4	1	5	1	2	2	4	1	1	1	7	3	2	2	13	4	3	5	4	1	1	0	0	0	3	2	4	0	1	7	2	0	1	2	2
0	0	1	1	2	1	2	2	2	0	0	0	0	1	0	2	1	0	0	1	0	0	1	0	1	0	0	1	1	1	0	1	3	15	3	6	63	67	20	52	0	19	2	10	56	135	66	33	0	0	0	1	1	1	1	3	1	0	3	0	1	1	0	2	1	0	3	0	0	1	2	3	2	0	3	6	2	2	1	4	0	2	0	0	0	1	1	0	1	0	0	1	1	1	1	1
1	1	0	2	6	8	2	2	2	0	2	2	0	2	0	1	0	1	1	0	1	1	1	2	1	1	0	0	1	1	0	2	4	42	4	16	156	236	67	157	0	30	3	33	279	560	234	150	0	3	1	7	0	3	0	8	0	2	1	1	1	5	3	8	2	1	1	3	1	5	3	5	0	1	2	15	7	3	0	7	1	0	3	3	0	2	2	3	0	0	5	2	2	3	2	3
2	5	1	0	7	2	0	4	0	2	0	0	2	4	0	2	0	1	0	1	1	0	1	1	1	1	1	1	3	2	1	4	6	52	2	13	108	185	75	122	1	48	5	20	86	332	108	97	4	2	2	4	1	1	0	3	1	0	5	1	3	1	4	7	2	0	2	3	0	1	0	4	1	4	1	13	5	3	4	4	0	1	0	3	0	4	4	4	0	0	6	3	1	2	2	0
3	1	1	2	7	4	3	4	2	3	1	1	3	5	4	3	0	2	3	1	3	4	6	4	1	0	0	3	1	0	2	4	5	72	2	27	175	284	83	220	1	72	3	34	208	591	240	178	1	1	6	6	0	1	2	8	1	1	2	1	3	1	1	6	2	0	4	5	4	2	1	6	0	2	1	16	3	3	5	5	0	1	1	2	0	6	3	2	0	0	0	1	0	2	1	3
0	0	1	0	4	0	1	0	2	1	0	1	2	1	1	0	0	1	0	0	0	0	0	0	0	0	0	0	0	1	0	0	0	15	1	1	47	61	11	46	1	8	6	9	46	125	55	39	2	0	1	2	0	1	0	0	0	0	1	0	0	1	0	0	0	1	1	3	0	2	0	5	0	0	0	4	2	0	0	1	0	0	1	0	0	1	1	1	0	1	2	1	0	1	0	2
1	1	0	0	0	1	0	1	1	0	0	2	2	1	0	0	0	0	0	1	0	1	1	1	0	0	0	0	3	2	0	2	2	6	6	3	14	29	10	19	2	6	6	3	14	40	26	15	0	0	1	0	0	1	0	0	1	0	1	0	1	1	0	0	0	0	1	0	0	0	2	1	0	3	0	2	0	0	0	0	1	1	2	0	0	0	2	0	1	0	1	0	0	0	0	0
0	0	0	0	3	0	0	1	1	0	0	1	3	2	0	2	0	1	0	0	0	2	1	2	1	0	0	0	0	0	0	1	1	12	7	4	18	31	21	29	2	15	6	5	39	83	31	30	0	1	1	0	1	1	0	2	0	0	2	1	0	3	0	9	0	0	1	0	2	0	1	4	0	1	0	3	4	3	0	4	1	1	1	1	0	6	1	4	0	0	1	2	1	4	1	4
7	2	0	3	14	4	5	5	1	3	0	1	8	11	7	8	0	4	5	4	0	3	3	4	1	0	0	1	3	7	1	3	2	72	6	25	179	314	114	203	8	69	5	33	240	789	289	226	1	3	5	15	2	5	3	10	3	1	3	6	4	7	2	17	3	3	5	9	4	8	8	23	6	2	4	65	9	13	14	23	0	1	4	1	2	1	4	2	1	0	6	2	4	7	2	9
3	1	1	1	6	3	7	11	1	1	0	0	4	6	0	4	1	2	0	0	1	1	2	6	0	3	0	0	0	2	1	1	2	28	11	20	96	176	67	127	4	31	16	22	97	264	118	118	1	2	1	5	1	4	2	4	0	2	1	1	2	0	6	4	1	2	2	2	1	3	10	6	3	3	4	7	7	5	9	8	0	1	3	1	0	6	4	6	0	1	1	1	1	3	4	6
0	1	0	0	1	0	0	1	1	0	1	0	1	1	0	2	0	0	0	0	0	1	0	0	0	0	0	0	0	0	1	2	1	11	1	1	19	33	10	24	5	11	1	7	44	102	39	25	1	1	0	1	0	1	1	1	0	0	0	0	1	0	0	4	0	0	0	1	0	0	1	0	0	0	0	5	2	1	1	0	0	1	0	0	0	2	2	0	0	1	4	0	0	0	1	2
2	0	0	0	1	0	0	4	1	2	3	0	0	4	1	3	0	0	0	1	1	0	2	1	0	2	0	0	0	2	0	3	3	31	2	5	98	138	58	117	2	22	0	23	161	425	169	117	1	1	1	5	1	0	3	1	1	1	2	4	2	2	1	6	2	1	1	0	0	0	3	6	0	2	0	5	2	0	6	2	1	0	1	2	0	1	6	1	1	0	0	1	2	1	1	0
2	0	0	0	4	2	1	3	1	2	0	1	3	4	0	6	0	1	0	0	2	3	1	0	0	0	0	0	3	0	2	1	3	27	4	6	50	109	34	73	5	24	7	9	69	176	62	70	3	2	1	10	3	1	1	2	2	0	5	0	0	0	2	4	4	2	1	2	2	3	4	3	0	2	0	14	0	2	3	4	1	0	0	0	2	0	2	4	1	0	2	1	1	5	1	4
2	3	0	2	6	4	3	4	0	2	1	1	9	6	0	4	3	2	1	0	1	4	5	4	3	1	2	2	1	3	1	6	6	88	3	20	267	351	66	278	6	86	3	52	345	806	445	236	3	1	3	12	3	5	2	10	1	3	5	4	6	8	2	17	3	0	4	7	9	4	6	20	3	3	4	56	12	10	18	10	0	0	4	1	1	3	5	3	0	0	6	4	1	3	3	5
1	0	1	0	1	1	0	2	0	0	0	0	3	1	0	0	1	1	0	0	0	0	2	3	0	2	0	0	0	1	1	1	1	18	0	6	21	39	11	30	0	13	1	5	22	68	37	32	0	1	0	0	0	1	0	0	0	0	1	0	0	1	2	2	1	0	2	0	1	0	0	2	1	0	0	1	0	1	2	0	0	0	1	0	0	2	0	1	0	1	0	1	0	1	1	0
0	0	0	0	0	0	1	1	0	0	0	2	0	0	2	0	1	0	0	1	0	1	1	0	0	0	0	0	0	2	0	1	1	10	6	3	18	26	12	20	1	6	3	4	25	45	24	15	0	0	0	0	0	1	0	0	0	0	0	2	0	0	0	1	0	0	0	1	0	0	0	0	1	0	0	1	0	2	2	0	0	0	0	0	0	0	0	1	0	0	1	0	1	0	0	0
4	3	2	2	13	4	2	1	1	0	0	2	6	9	0	3	1	4	1	2	1	3	3	1	1	3	2	0	3	6	1	3	4	45	7	18	102	160	69	142	0	45	6	27	129	330	120	138	0	1	0	7	0	5	3	5	1	2	4	1	4	4	2	4	2	4	4	4	1	7	9	2	2	2	3	11	3	7	1	8	3	1	1	0	1	1	1	4	1	2	3	4	3	2	5	0
2	1	1	2	5	2	2	6	1	1	0	1	6	14	2	4	2	3	2	2	0	2	6	1	1	4	1	0	2	3	0	4	5	79	5	19	185	254	101	202	5	64	2	31	241	669	293	205	5	7	6	13	2	2	2	8	6	0	2	6	8	8	3	11	2	2	9	4	4	6	12	12	7	4	5	12	12	9	11	10	5	3	3	3	2	3	1	9	2	2	7	1	1	6	3	7
1	2	1	1	9	1	1	4	2	0	0	1	2	6	0	3	2	1	0	2	0	0	1	1	0	1	1	2	2	4	0	2	6	42	2	16	128	231	74	153	7	35	5	37	162	479	194	137	2	1	4	3	1	5	2	5	0	1	2	3	5	0	2	8	0	1	2	0	4	1	5	8	2	2	2	17	11	5	2	3	3	1	2	5	0	0	2	1	0	2	3	1	0	2	1	2
1	0	0	0	0	0	0	0	0	0	0	1	0	0	0	1	0	0	0	0	1	0	0	0	1	2	0	1	0	1	0	0	0	8	2	3	21	43	12	25	1	6	2	5	35	94	44	27	0	1	0	4	0	0	0	0	0	2	0	1	1	1	0	0	1	1	0	0	0	2	0	0	1	0	1	5	2	0	1	2	1	0	0	0	0	0	0	0	0	0	0	0	0	1	0	0
0	0	0	0	0	1	1	0	0	0	0	0	0	0	0	0	0	1	0	0	0	0	0	0	2	0	0	0	0	0	0	0	0	0	1	0	0	1	0	0	3	1	4	0	1	0	2	0	0	0	0	0	0	0	0	0	0	0	0	0	0	0	0	0	0	0	1	1	1	0	1	0	0	0	0	0	0	0	0	0	1	0	0	0	0	0	0	0	0	0	1	0	0	0	0	0
0	0	0	0	2	1	0	0	0	1	0	1	1	1	0	0	2	0	0	0	0	0	0	0	0	0	0	1	2	0	1	0	3	2	8	0	1	0	1	1	0	1	0	2	1	1	0	0	0	0	1	0	0	1	0	0	0	0	1	0	1	0	0	0	1	0	1	1	0	1	0	1	2	1	1	2	0	1	0	2	0	0	1	0	0	0	0	0	0	0	0	1	0	0	0	0
1	0	0	1	5	3	0	1	0	0	0	0	0	0	1	0	1	0	0	0	0	0	0	2	1	0	0	0	0	3	0	2	3	22	5	4	58	84	34	60	1	19	3	7	61	151	62	34	1	4	1	3	0	0	2	1	0	0	4	1	0	0	2	1	2	1	1	1	1	0	1	3	0	2	1	4	0	0	1	1	0	1	0	0	0	1	1	1	1	0	3	1	0	2	2	1
0	1	0	1	2	0	0	0	0	1	0	0	0	2	0	0	0	0	0	1	0	0	1	0	0	1	1	0	0	1	0	1	1	7	2	4	29	39	7	37	0	10	1	6	36	90	43	18	2	1	1	1	0	1	1	2	0	1	1	0	0	0	1	1	0	1	0	1	1	1	1	1	1	0	0	2	1	0	1	1	0	0	1	0	0	0	0	1	0	0	1	0	0	2	0	0
0	1	0	0	0	0	0	0	0	0	0	0	0	1	0	0	0	0	1	0	1	1	0	0	0	0	0	0	0	0	0	0	0	5	0	3	15	17	5	29	0	6	1	5	29	80	43	25	0	0	0	0	0	0	0	2	0	0	1	0	0	0	0	0	0	0	0	0	1	0	1	1	0	0	0	0	0	1	0	0	0	0	0	0	0	0	0	0	0	0	1	1	2	1	0	0
0	1	0	0	3	0	1	0	0	0	0	0	1	0	0	0	0	0	1	0	0	1	0	0	1	0	0	2	0	2	1	1	0	2	1	1	3	5	4	6	1	0	3	2	8	12	10	5	1	0	0	0	0	0	0	1	1	0	2	0	0	0	0	0	4	3	4	7	2	2	2	3	8	7	4	2	0	2	2	1	0	0	0	0	0	0	0	0	0	1	1	0	0	0	0	0
0	0	0	0	4	0	1	0	0	0	0	0	0	0	0	0	0	0	0	1	0	0	0	1	0	0	1	0	0	1	0	0	0	1	1	2	10	11	1	9	0	1	3	3	15	27	8	13	0	0	0	0	0	0	0	1	0	0	1	0	0	0	0	0	0	0	0	1	0	0	0	0	1	1	0	2	0	0	1	0	0	0	1	0	0	0	0	1	0	0	0	1	0	0	0	0
1	0	0	2	2	0	0	1	1	1	1	0	1	0	0	1	0	1	2	0	0	0	1	1	0	0	1	0	2	2	1	2	2	18	4	10	47	59	30	65	1	20	2	9	50	148	75	49	0	0	0	2	2	3	0	1	1	0	2	3	0	2	1	7	0	4	0	3	0	0	1	1	1	0	1	2	2	2	3	2	0	1	0	0	0	0	1	1	0	0	2	0	0	0	1	1
4	4	1	3	2	2	1	3	1	3	0	0	3	2	2	2	2	1	2	0	3	3	2	2	0	2	0	2	3	1	0	3	1	19	5	7	37	57	22	33	0	26	3	8	52	122	71	44	1	1	1	2	1	1	1	5	1	0	1	0	0	0	1	3	4	0	1	4	0	2	0	1	2	1	4	5	3	4	1	2	1	0	1	2	1	1	1	1	1	2	4	0	0	1	1	0
4	1	2	1	3	1	3	2	0	2	1	1	2	8	0	4	0	1	1	0	0	2	2	2	0	2	1	0	1	1	1	0	0	41	3	3	115	146	39	103	1	32	0	20	120	346	145	103	0	0	2	8	4	0	2	3	1	0	4	2	2	3	1	4	3	2	3	7	1	3	2	7	4	1	1	16	5	7	6	2	1	2	1	2	0	0	0	2	2	1	3	1	2	2	1	0
0	0	0	1	2	2	0	3	0	0	1	0	1	2	3	1	0	0	1	0	2	2	3	0	0	2	2	0	1	0	0	1	0	25	6	9	48	89	24	53	2	14	7	8	58	154	69	45	1	1	0	1	0	1	0	1	1	1	2	1	2	0	0	2	1	1	1	1	3	3	2	1	4	3	1	9	4	3	0	1	0	0	1	1	0	4	2	4	1	1	4	1	1	1	0	5
1	0	0	0	2	2	3	3	1	0	0	0	1	1	1	0	0	0	0	0	2	0	0	0	0	0	0	0	0	0	0	1	0	9	2	3	41	37	13	18	2	11	4	4	18	81	44	35	1	1	1	2	0	0	1	0	2	1	1	0	0	1	1	1	3	1	0	1	1	1	1	4	0	1	0	6	1	2	3	0	0	0	1	0	0	0	0	0	0	0	0	0	0	0	1	0
0	1	0	0	0	0	0	0	0	0	0	0	1	0	1	0	0	1	1	0	1	0	1	1	0	0	0	0	2	1	1	0	0	8	6	3	23	24	9	17	0	7	1	0	28	82	34	16	0	0	0	1	0	0	1	0	0	0	1	0	0	0	0	1	0	0	1	0	0	0	3	2	1	1	0	1	1	1	0	5	0	0	0	0	0	1	2	0	0	1	4	1	0	2	0	0
0	1	0	0	3	2	0	0	1	1	1	1	0	1	0	0	2	0	0	0	1	0	1	0	0	0	0	0	2	1	1	1	1	10	4	7	26	44	23	27	0	10	7	4	42	159	43	36	1	1	0	0	0	1	1	2	0	1	1	0	2	0	0	0	0	1	1	0	0	4	1	2	1	1	1	2	1	1	0	1	0	0	3	0	0	2	1	1	0	1	1	0	1	0	0	2
1	0	0	0	0	1	0	0	0	0	0	0	0	0	0	0	0	1	0	0	0	0	1	0	0	1	0	0	0	0	0	2	0	3	0	1	3	7	3	7	0	1	0	1	6	17	6	1	0	0	1	0	0	0	0	0	0	0	1	0	1	1	0	0	1	0	1	0	0	0	0	1	0	0	0	0	1	0	0	0	0	1	0	0	0	0	0	1	0	0	0	0	0	0	0	0
1	0	0	0	4	3	0	1	0	1	2	0	1	1	0	0	1	2	2	0	0	2	2	1	1	0	0	0	0	1	3	1	0	22	2	4	44	84	27	66	3	21	4	8	61	171	69	53	1	1	0	0	0	1	1	1	1	0	1	1	3	3	1	3	1	0	2	1	1	0	1	1	0	2	0	5	1	1	1	1	0	0	1	1	0	2	0	2	0	1	2	1	2	1	1	1
0	0	0	1	2	1	1	1	0	1	0	0	2	1	1	1	0	0	1	0	1	2	0	0	1	0	1	0	0	2	0	1	0	12	1	1	66	78	15	59	2	17	1	13	64	165	63	56	0	2	2	0	0	0	0	1	1	0	1	1	1	0	0	1	0	1	1	0	0	0	2	9	1	0	2	4	3	0	0	2	1	0	3	0	0	0	2	2	1	0	1	0	1	1	0	1
0	0	0	0	2	2	1	0	0	0	0	0	0	0	0	0	0	1	0	0	1	0	0	0	0	2	0	0	0	0	0	0	2	5	2	2	14	25	4	14	0	9	2	5	24	61	34	14	2	1	0	1	0	0	0	0	1	1	1	0	0	0	1	0	0	1	0	0	1	1	1	0	3	0	2	3	0	0	0	0	0	2	2	0	0	0	0	0	0	0	2	0	0	0	0	0
9	0	1	1	120	13	20	27	8	1	3	1	34	5	6	15	1	0	0	0	1	6	5	2	1	0	2	0	1	1	3	2	1	15	1	2	22	24	7	32	2	8	3	5	24	77	36	21	0	3	1	0	0	1	2	0	0	0	1	0	0	0	1	1	0	0	3	2	1	2	2	4	0	1	0	3	0	1	1	2	0	1	0	1	0	0	0	1	0	1	1	0	0	1	1	0
1	0	0	0	0	0	2	0	0	0	0	0	0	0	0	0	1	0	0	0	0	0	1	0	0	0	0	1	1	0	0	0	1	4	3	2	11	18	2	14	0	2	2	4	13	34	29	9	1	0	0	0	1	0	0	1	0	0	1	0	0	0	0	0	1	1	0	0	0	0	1	0	0	0	0	0	1	0	0	0	0	0	0	0	0	0	0	0	0	0	0	0	0	0	0	1
1	2	0	1	2	0	0	0	0	1	0	0	0	1	0	1	0	2	1	0	0	0	0	0	0	0	1	0	0	2	0	1	0	7	4	2	17	25	9	19	4	5	3	3	24	68	15	14	1	0	1	0	1	0	1	0	0	0	2	0	0	0	1	0	0	0	2	0	0	0	2	5	2	1	3	2	2	0	0	0	0	0	0	2	1	0	1	0	1	0	3	0	0	0	2	1
0	0	0	0	0	1	0	2	0	1	0	0	0	0	0	3	1	0	0	2	1	1	0	1	1	1	1	2	1	0	0	2	3	0	2	0	1	5	4	3	1	2	4	0	3	2	0	2	1	0	2	0	0	1	2	0	0	2	0	0	0	0	1	0	0	1	0	1	0	1	1	1	0	0	0	2	0	0	0	1	0	0	0	0	1	1	0	1	0	0	0	0	0	0	1	1
2	0	1	0	1	0	1	1	1	1	0	0	1	3	1	2	0	0	1	0	2	3	0	1	1	1	0	1	0	0	0	3	0	12	3	3	22	51	17	44	0	20	9	12	50	91	44	34	0	0	0	4	0	1	0	2	0	1	3	0	0	1	0	0	0	0	1	2	0	1	0	3	2	3	1	4	3	1	1	4	0	2	4	2	0	1	1	0	0	0	0	0	0	1	1	0
0	0	0	0	1	0	0	2	0	0	0	0	0	0	0	0	0	0	0	0	0	0	0	0	0	0	0	0	0	0	0	0	0	7	0	2	9	15	1	20	0	2	0	0	5	37	5	11	0	0	0	0	0	0	0	1	1	0	0	1	0	0	0	0	0	0	1	0	0	0	0	2	0	0	0	2	0	0	1	0	0	0	0	0	0	1	0	0	0	0	1	0	0	0	0	0
1	0	0	1	3	0	2	2	0	1	0	1	1	2	0	0	0	0	0	1	1	2	0	0	1	1	0	0	2	4	0	0	0	0	4	2	0	5	7	1	3	2	4	1	1	2	4	0	0	1	0	0	0	0	0	0	0	0	1	0	0	1	0	0	1	0	0	1	0	0	0	1	1	2	1	0	1	0	1	0	0	0	0	0	0	1	1	1	2	0	0	0	0	0	0	0
1	0	0	1	1	2	1	3	0	0	0	0	1	4	1	0	0	0	0	0	1	1	2	0	0	1	0	1	4	1	0	1	0	17	3	9	53	58	19	43	1	13	1	6	50	141	60	36	2	0	0	1	0	1	0	0	0	1	1	0	1	0	0	1	0	0	0	1	0	1	2	3	2	0	1	1	4	0	1	2	1	2	1	0	0	1	0	1	0	0	0	0	1	0	1	0
1	0	0	0	1	1	2	0	1	0	0	0	1	3	0	0	0	0	0	0	0	0	0	1	0	0	0	0	0	1	0	0	0	3	5	2	4	5	7	9	1	4	5	4	9	23	13	4	0	0	1	1	0	2	2	0	0	0	1	0	0	0	0	0	0	0	0	2	0	2	1	1	0	3	4	6	2	2	0	1	0	1	4	0	0	0	3	1	0	0	1	0	0	0	1	0
2	0	0	0	2	0	0	3	0	0	0	0	1	1	0	0	1	0	1	0	0	1	0	0	0	0	0	0	1	1	1	3	0	7	0	1	11	19	3	12	0	7	0	4	21	31	20	10	1	1	0	1	0	0	0	1	0	0	0	0	0	0	0	0	1	1	1	0	1	1	0	1	1	2	0	2	0	0	0	0	1	0	0	0	0	0	1	0	0	0	1	0	0	0	0	0
0	0	0	0	0	0	0	0	0	0	1	0	0	1	0	0	0	0	0	0	0	0	0	0	0	0	0	0	0	0	0	0	0	1	3	0	2	4	2	2	0	2	2	2	1	11	3	2	0	0	0	0	0	0	0	0	0	0	0	0	0	0	0	0	1	0	0	0	0	0	0	0	0	0	0	0	0	0	0	0	0	0	0	0	0	0	1	0	0	1	0	0	0	0	1	0
0	0	0	1	1	1	0	1	0	0	0	0	0	0	0	0	1	3	0	3	2	0	0	3	0	4	0	4	4	1	3	11	1	11	1	1	12	42	10	18	2	7	0	3	30	77	26	20	1	3	2	2	1	0	2	1	0	0	2	1	0	0	0	0	0	0	0	1	0	1	0	0	0	1	0	3	0	3	0	0	0	3	1	0	0	2	1	4	0	2	2	0	2	1	0	4
0	2	0	0	1	0	0	0	0	0	0	0	1	0	1	0	0	0	0	0	0	2	1	0	2	1	0	0	0	1	0	1	1	10	3	2	27	47	6	25	1	10	0	7	48	112	55	31	0	0	0	2	0	0	0	0	0	0	1	0	0	0	0	2	1	0	1	1	0	1	0	0	0	1	0	6	2	1	2	2	0	0	1	0	0	0	0	1	0	0	4	0	0	0	0	1
0	0	0	0	0	0	0	0	1	0	0	0	1	1	0	0	0	0	0	1	0	0	1	0	0	0	0	0	0	0	0	1	0	0	3	0	1	0	1	0	0	0	4	0	0	1	3	0	0	0	0	0	0	0	2	1	0	0	0	0	0	0	0	0	0	0	0	0	0	0	0	0	0	0	0	0	0	0	0	0	0	0	1	0	1	0	1	1	0	0	0	0	0	0	0	0
1	1	0	0	1	4	0	2	0	2	0	2	2	2	2	2	0	1	1	0	1	0	1	0	1	1	0	4	2	3	1	4	2	2	7	2	1	2	4	4	2	1	5	0	4	9	1	3	0	2	1	1	0	1	1	3	0	0	0	1	0	0	0	0	2	1	1	1	1	0	2	1	1	0	0	2	1	1	1	2	0	0	0	0	1	0	0	1	0	0	0	2	0	0	1	0
1	0	1	1	1	5	1	2	0	0	1	0	2	0	1	1	2	1	2	0	1	2	0	4	1	1	1	0	4	0	1	4	2	1	5	0	1	2	5	4	0	1	6	1	1	4	1	4	0	0	0	0	0	0	0	0	1	0	0	0	0	0	0	0	1	0	0	2	0	0	2	2	0	1	0	0	0	1	1	1	0	0	0	1	0	0	1	1	0	0	0	0	0	1	0	2
0	0	0	0	3	0	0	1	1	1	0	0	0	4	0	1	0	0	1	0	0	0	0	0	0	0	0	0	0	2	0	0	2	14	3	1	56	82	22	43	1	11	3	8	38	123	43	45	1	3	0	0	0	0	0	0	0	0	1	1	0	0	0	1	0	0	3	2	0	0	0	1	0	1	1	5	0	0	0	1	0	1	2	1	0	0	0	0	0	0	1	1	1	0	0	1
0	2	0	0	3	1	1	2	0	2	1	1	0	0	0	1	0	1	0	0	0	0	0	1	0	0	1	1	2	1	0	0	2	2	12	0	1	1	6	1	2	1	7	0	2	2	3	1	0	4	0	0	0	0	1	0	0	0	0	0	0	0	0	1	0	0	1	0	1	0	1	0	0	1	1	0	0	0	1	2	0	0	0	0	0	0	0	1	0	0	0	0	0	0	1	0
1	0	0	0	0	1	0	1	0	1	0	1	2	1	0	0	0	1	0	0	0	1	2	0	0	0	0	0	0	3	0	0	0	13	2	1	24	34	8	21	1	7	2	1	26	50	24	22	2	1	3	2	0	1	0	2	0	2	1	0	1	0	0	1	2	2	0	0	0	0	1	1	1	1	0	4	0	2	0	1	0	0	2	0	0	0	0	1	0	1	1	0	0	0	0	0
0	2	1	1	7	2	0	1	1	1	0	1	4	2	2	3	0	1	2	2	0	1	2	0	0	0	0	1	0	1	0	1	6	36	8	12	98	147	27	77	7	30	1	24	145	408	99	97	2	1	0	10	3	1	2	1	1	1	1	2	1	2	4	1	2	3	3	3	5	4	0	5	0	2	3	14	3	1	2	1	2	0	3	1	0	1	1	0	2	1	2	2	0	2	2	0
0	0	0	0	0	0	0	0	0	0	0	0	1	0	0	1	0	1	0	0	0	0	0	0	0	0	0	0	0	0	0	0	0	0	2	0	0	0	3	1	0	0	1	0	0	0	2	0	0	0	0	0	0	0	0	1	0	0	0	0	0	0	0	0	0	0	0	0	0	0	0	0	0	0	1	2	0	0	0	0	0	0	0	0	0	0	1	0	0	0	1	0	0	0	0	0
2	2	1	1	3	1	2	2	0	1	0	0	1	2	0	1	0	0	1	0	0	0	0	1	0	0	0	0	0	2	0	0	0	14	4	5	60	69	22	55	2	11	4	8	35	142	72	38	1	0	0	0	1	0	0	2	1	2	1	0	0	1	0	2	1	0	2	0	1	1	1	3	1	1	0	3	0	0	0	1	0	0	1	0	0	0	0	1	0	0	5	0	0	1	0	1
1	2	0	1	2	0	2	3	0	0	0	0	4	4	1	3	0	2	1	0	1	0	1	1	1	1	0	2	0	4	1	0	3	28	1	7	68	78	26	55	2	17	3	8	64	190	97	59	0	1	0	4	0	0	0	1	2	0	2	0	2	2	1	0	1	2	2	2	1	2	3	4	1	1	3	8	5	5	3	5	0	1	1	0	0	1	0	0	0	0	1	3	0	2	1	1
1	1	0	1	2	2	0	3	1	1	0	0	1	3	0	3	1	1	3	0	0	1	0	0	2	0	1	0	2	1	0	2	1	34	2	4	87	128	37	82	0	33	6	18	109	299	152	91	2	0	4	2	1	4	2	0	4	0	0	4	3	1	1	3	2	1	3	2	3	0	5	2	2	1	4	9	4	3	2	3	0	1	1	0	1	1	0	0	0	2	0	1	1	0	0	0
1	0	0	0	3	2	0	2	1	0	0	1	3	5	1	0	0	0	0	3	0	1	1	1	0	0	0	0	1	2	0	2	2	14	2	4	37	36	25	34	0	17	4	7	35	82	38	35	1	0	0	2	0	0	0	0	0	0	2	1	0	2	1	0	3	0	0	1	1	1	0	1	0	0	0	4	0	0	2	1	0	1	0	1	0	1	1	1	0	2	1	0	0	0	1	2
3	0	0	0	1	0	1	1	0	0	0	0	0	1	0	1	0	0	0	0	0	1	0	0	1	0	0	0	0	0	0	0	0	11	1	5	24	35	13	11	1	8	3	2	25	77	40	31	0	0	0	0	0	0	0	0	0	1	0	0	0	0	0	0	0	0	1	1	2	0	0	1	0	0	0	6	1	0	4	1	0	3	0	0	0	1	0	1	1	0	3	0	0	0	0	1
10	4	0	7	17	8	7	21	5	4	2	4	11	20	2	13	2	2	1	6	9	11	9	15	2	4	2	6	4	13	3	12	10	247	8	76	832	1416	364	1121	8	264	5	182	1059	2669	959	934	13	12	10	18	4	11	14	21	3	5	7	15	4	17	7	59	4	5	10	3	12	7	7	27	3	4	8	45	17	15	17	27	4	4	2	3	1	12	16	17	0	5	17	2	5	14	11	25
0	1	0	0	1	2	3	0	0	0	0	0	2	1	0	1	1	1	3	0	0	1	1	0	2	1	0	0	1	2	0	0	1	13	2	5	39	47	14	44	3	11	2	7	56	126	52	40	3	0	1	2	1	0	1	1	0	1	3	1	1	1	1	0	2	1	1	0	0	1	1	1	1	1	0	6	2	2	1	3	0	0	5	1	1	1	1	1	1	1	5	0	1	0	1	1
2	0	0	0	3	0	2	0	1	1	0	0	2	2	0	2	1	0	1	0	0	0	1	1	1	1	0	0	0	3	0	1	0	30	2	10	68	131	31	104	2	28	1	20	139	302	144	96	2	1	1	6	0	4	3	6	0	1	1	2	1	2	1	5	1	1	4	2	0	3	0	8	2	1	2	4	6	2	0	3	3	0	3	2	1	0	2	4	0	0	8	0	1	4	3	6
0	0	0	1	2	0	0	0	0	0	0	0	0	2	0	0	1	0	0	0	1	0	0	2	0	0	0	0	0	1	0	2	2	1	4	0	0	3	3	0	0	3	8	1	1	1	2	0	2	0	0	0	0	0	0	0	1	0	0	1	0	0	0	0	0	1	0	0	0	0	0	0	0	0	0	0	0	0	3	0	0	0	0	0	0	0	0	0	0	0	1	0	0	0	0	0
3	1	1	2	7	3	3	7	1	4	0	0	4	7	4	4	0	1	2	1	1	3	2	2	0	1	0	2	0	6	0	5	1	51	5	15	176	266	84	175	3	56	4	47	274	640	299	194	3	1	5	9	2	5	1	10	1	0	0	3	6	7	1	22	3	1	2	2	5	2	4	14	1	0	4	20	9	5	6	9	1	2	2	0	0	3	0	7	1	1	3	4	2	4	2	6
0	0	1	0	1	1	1	0	0	0	0	1	0	1	0	0	0	0	1	2	0	0	0	0	1	0	0	0	1	0	0	0	0	5	0	1	11	24	7	15	1	2	1	1	32	64	21	18	1	0	1	1	0	0	0	2	1	0	1	0	0	0	0	1	0	1	1	0	0	0	1	0	0	0	0	1	1	0	0	2	1	0	0	0	0	0	0	0	1	1	2	0	0	0	0	1
6	5	2	3	9	9	2	4	2	2	2	2	5	22	3	4	2	3	7	2	1	3	3	1	0	1	2	2	0	2	2	11	11	118	10	29	257	426	128	300	5	96	3	63	439	996	457	324	10	7	4	14	6	13	18	17	2	4	7	9	11	6	7	27	5	4	16	9	13	8	9	17	3	3	9	51	18	8	13	7	1	0	4	3	2	2	4	6	2	5	4	3	0	5	1	8
0	1	0	2	3	2	2	2	2	1	0	1	1	1	0	4	3	4	2	0	0	0	1	1	0	1	1	1	2	2	0	5	2	2	2	3	4	5	5	2	3	2	1	2	5	10	3	1	1	0	0	1	0	1	0	1	0	1	0	0	0	0	1	0	1	0	2	2	0	0	0	0	1	4	2	0	0	3	1	1	1	0	0	1	0	1	1	2	0	0	0	0	1	0	3	0
0	0	0	0	1	1	0	0	1	0	1	0	0	4	0	3	1	0	0	1	1	0	4	1	1	0	0	0	0	0	0	0	3	15	0	4	27	49	9	31	1	15	0	3	49	115	47	30	0	0	1	1	0	1	0	2	2	0	1	2	0	1	0	1	0	0	0	0	2	1	1	2	0	0	1	4	3	4	2	0	0	0	0	0	1	0	2	1	0	0	2	0	2	0	0	1
2	0	0	1	0	0	2	0	0	0	0	0	0	1	1	2	0	0	0	1	1	0	0	0	1	0	2	0	0	1	0	0	0	3	5	1	14	19	10	17	0	8	2	3	23	52	24	14	0	1	0	1	0	0	0	1	0	0	1	0	1	1	1	0	0	0	0	1	1	0	0	1	0	0	0	1	1	0	0	0	0	1	1	0	0	0	0	0	0	0	1	0	1	0	0	2
1	0	0	0	2	1	0	0	0	0	0	0	1	1	0	0	0	0	1	0	0	0	0	0	0	0	0	0	1	1	0	0	0	0	0	1	2	3	0	1	0	1	4	0	1	2	2	1	0	0	0	0	0	0	0	0	0	0	1	0	0	1	0	0	0	0	0	0	1	0	0	0	0	0	0	0	0	0	0	0	0	0	0	0	0	0	1	0	0	0	0	1	0	1	0	0
1	1	0	0	0	0	0	2	0	0	0	0	3	2	1	1	0	0	0	0	0	0	0	0	0	0	0	1	0	2	0	1	0	8	4	3	24	26	14	20	0	8	3	3	22	78	24	18	1	0	0	0	0	2	0	0	0	0	1	0	1	0	0	0	1	0	0	0	1	0	0	2	1	0	2	2	0	1	1	0	0	0	0	0	0	2	0	0	0	0	1	0	0	0	0	0
0	1	0	2	0	1	1	1	0	1	0	0	1	1	0	1	1	0	1	0	2	0	1	0	0	1	0	0	0	1	0	0	1	10	4	3	20	33	15	24	3	5	4	10	34	68	35	31	1	0	0	0	0	1	1	3	0	0	0	1	1	2	0	3	1	0	1	1	1	0	1	4	0	0	1	7	0	2	3	2	1	0	0	2	0	1	0	0	0	0	1	2	0	0	0	0
0	0	0	1	5	2	2	3	1	0	0	1	2	8	0	4	1	0	1	0	1	0	1	0	0	0	1	1	0	1	1	1	3	30	2	9	88	142	41	118	2	29	1	16	140	346	179	109	2	2	7	4	0	4	3	5	2	1	3	2	3	3	0	15	4	2	5	1	3	1	3	12	2	3	2	18	2	2	4	6	1	1	3	3	0	1	2	2	0	1	5	0	2	3	1	4
0	0	0	0	0	0	0	1	1	0	0	0	0	0	0	0	0	0	0	0	0	0	0	0	0	0	0	0	0	0	0	0	1	2	1	0	3	4	0	4	0	1	1	2	4	14	2	1	0	0	1	0	0	0	0	0	0	0	1	0	0	0	0	0	0	0	0	0	0	1	1	2	1	0	0	1	0	0	0	0	0	0	1	0	0	0	0	0	0	0	0	0	0	0	0	0
0	0	0	0	0	0	0	0	0	0	0	0	0	1	0	0	0	0	1	0	0	0	0	0	0	1	0	0	0	0	1	0	1	12	3	0	15	25	14	18	0	10	0	6	25	64	20	18	0	0	0	1	0	0	0	0	0	1	1	1	0	0	0	1	1	0	0	1	1	0	0	0	0	0	0	1	2	0	1	1	0	0	1	0	1	0	0	0	0	0	3	0	0	1	1	0
0	1	1	0	4	0	2	3	0	2	1	1	2	10	2	6	0	1	3	0	1	1	2	2	2	1	1	0	1	3	3	3	2	36	4	8	122	157	46	123	1	30	5	31	185	393	208	123	4	1	2	9	1	2	3	7	0	1	2	3	4	6	2	13	2	0	4	0	3	1	1	14	1	2	0	25	8	4	5	7	1	2	0	0	1	2	4	1	0	1	0	3	1	1	2	4
1	0	0	1	5	0	0	0	0	0	0	0	1	0	0	1	0	0	0	0	1	0	0	0	0	0	0	0	0	0	0	1	0	7	3	0	28	32	5	29	2	7	2	4	28	86	42	27	0	0	0	1	1	1	1	0	0	0	0	0	0	1	0	0	2	1	1	1	0	0	0	1	0	1	0	3	0	2	2	1	0	0	0	0	0	0	1	0	0	0	0	0	0	1	0	1
2	1	0	1	1	0	0	0	0	1	0	1	1	0	2	0	0	1	1	0	4	3	2	2	0	2	0	0	2	3	0	1	3	28	7	12	70	91	23	97	2	16	3	19	94	246	112	67	1	0	0	2	1	1	2	3	0	0	2	0	3	2	0	5	0	3	1	3	3	2	5	3	1	2	1	7	1	2	2	3	0	0	4	1	1	3	4	3	0	1	3	3	0	0	0	1
0	1	0	1	3	3	0	0	0	0	0	0	2	1	0	2	0	0	0	0	0	1	0	0	0	0	0	0	0	0	2	0	0	13	2	3	21	35	15	31	1	9	3	2	27	72	31	27	0	1	0	1	1	0	0	0	0	1	3	1	0	0	1	0	1	2	0	3	1	0	0	1	2	0	2	8	1	2	2	0	0	0	3	1	0	0	0	2	0	1	3	0	1	1	0	1
1	0	0	1	0	0	1	0	1	2	0	0	0	2	0	2	0	0	0	0	0	0	1	1	0	0	0	0	0	1	1	1	1	9	3	2	18	8	8	13	1	6	1	1	19	36	21	15	1	0	0	0	0	0	1	0	0	0	0	0	1	0	0	0	0	1	2	1	1	2	0	1	0	1	0	1	2	2	0	3	0	0	0	0	0	1	2	0	0	0	0	0	0	0	0	0
1	0	1	0	0	0	0	0	1	0	0	0	1	3	0	1	0	0	0	1	0	1	0	0	1	0	0	0	0	1	0	0	0	8	3	4	15	27	8	18	2	9	4	2	20	53	28	27	2	0	3	1	0	1	1	1	0	2	2	0	1	2	1	1	2	0	2	1	2	0	2	1	0	0	1	5	0	0	0	2	1	0	0	0	0	1	1	0	0	0	3	1	0	0	0	1
1	0	1	0	1	0	0	2	0	0	1	0	2	0	0	1	0	0	0	0	0	1	1	0	0	0	0	0	1	0	0	2	0	1	4	0	0	0	2	2	2	1	5	0	1	1	0	1	0	0	0	0	0	0	0	0	0	0	0	0	1	1	0	0	0	0	0	0	0	1	0	1	0	3	1	1	0	1	2	0	0	1	0	0	0	1	1	0	1	0	0	0	0	0	0	1
0	0	0	0	0	2	0	0	2	1	0	0	0	0	0	0	0	0	0	0	0	1	0	0	0	0	0	0	2	0	0	0	0	0	1	2	0	4	3	1	2	0	3	1	0	1	5	5	0	0	0	0	0	1	1	0	0	0	1	0	0	0	0	0	0	0	0	0	1	0	0	0	0	1	0	1	0	1	0	0	0	0	0	0	1	0	0	0	0	0	0	0	0	1	0	0
2	1	0	0	0	0	1	1	0	0	0	1	0	2	0	0	0	1	0	1	1	2	1	2	2	0	0	1	1	0	2	0	0	2	8	0	2	2	1	0	0	0	6	1	4	4	2	5	1	0	1	1	1	2	1	0	1	0	0	0	1	0	3	0	0	0	1	2	1	0	1	0	2	2	0	0	0	0	0	0	0	0	1	0	0	0	0	0	0	0	0	0	0	0	0	1
1	0	0	1	7	1	3	8	2	1	1	0	2	6	0	4	1	1	1	2	0	4	2	5	0	2	2	1	7	7	0	7	1	59	8	19	152	308	78	244	3	46	3	42	150	486	191	195	6	2	2	9	0	3	2	5	1	1	3	3	6	3	2	9	4	1	9	1	2	2	2	9	0	2	4	21	7	5	2	6	0	3	6	1	0	3	8	6	2	2	20	2	0	3	4	6
1	1	0	1	6	2	1	1	0	0	0	1	1	2	0	2	0	0	0	1	1	1	1	2	0	0	0	0	1	1	0	2	3	6	3	4	21	38	14	21	1	5	1	5	22	69	32	24	0	0	0	2	0	1	2	1	0	0	3	1	1	0	1	1	1	0	1	1	0	1	1	2	0	2	1	4	1	0	4	1	0	1	1	0	0	1	1	1	0	1	0	0	1	0	3	2
0	0	0	0	3	1	1	0	0	0	0	0	0	1	0	0	0	0	1	0	0	0	0	0	0	0	1	0	0	1	0	0	0	3	2	1	10	14	8	12	0	7	2	4	14	37	9	7	0	0	0	0	0	0	1	0	0	0	1	0	0	1	0	0	0	0	1	0	0	0	0	0	0	1	1	1	0	0	0	0	0	0	0	0	0	0	0	1	0	0	1	0	0	0	0	1
1	0	0	0	4	1	2	1	1	0	0	0	0	2	1	1	0	0	0	0	1	1	1	0	0	1	0	0	1	0	1	2	0	18	0	1	46	46	17	39	2	14	3	6	74	142	88	42	0	2	2	0	0	2	1	3	0	0	1	0	1	0	3	1	0	0	0	1	1	0	4	1	0	0	0	9	1	1	2	2	0	0	1	0	0	0	0	0	0	0	6	1	0	0	0	0
0	0	0	0	3	0	1	3	0	0	1	0	1	3	0	0	1	0	0	0	0	1	0	1	0	0	0	0	1	1	1	0	0	22	2	2	47	53	23	48	0	11	3	22	68	193	72	60	0	4	0	1	0	0	0	3	0	3	0	0	1	2	1	3	0	0	1	0	2	2	1	7	0	1	0	4	0	1	3	4	0	0	1	2	0	2	0	6	0	0	0	3	0	0	0	0
1	0	0	0	3	1	1	0	0	0	2	0	0	0	0	1	0	0	0	0	0	0	0	0	0	0	0	0	0	0	0	0	3	7	2	0	15	22	2	15	0	9	1	2	16	51	25	9	0	0	0	1	0	0	0	1	0	0	1	0	0	0	0	0	1	1	0	1	0	0	0	0	0	0	1	0	0	1	1	0	0	0	0	0	0	0	0	0	0	1	0	0	0	0	0	0
1	3	0	0	2	0	0	1	0	0	0	1	1	4	0	0	0	0	0	1	1	1	1	0	0	0	0	1	0	2	1	2	1	17	5	9	19	36	16	31	0	8	7	3	37	84	34	22	0	0	0	2	0	0	1	0	0	0	3	0	1	2	1	0	2	1	1	1	2	1	2	2	0	1	0	3	0	2	3	2	1	0	0	0	0	2	0	0	1	0	0	0	0	1	1	0
1	0	0	0	0	0	0	0	1	0	0	0	1	2	0	1	0	0	0	1	1	2	0	1	0	0	0	0	0	1	1	1	0	4	4	1	15	25	7	13	3	6	2	1	19	67	24	16	0	0	1	0	0	0	0	3	1	3	0	1	0	1	1	1	1	0	1	2	0	1	0	0	1	0	1	1	0	1	1	1	1	0	1	0	0	0	1	0	0	0	0	1	1	0	0	1
0	0	0	0	1	1	0	0	0	1	0	0	1	1	0	0	1	0	0	0	0	0	0	0	0	1	0	0	0	0	0	1	2	0	2	0	0	0	4	1	0	1	7	0	1	3	6	2	0	0	1	0	0	0	0	1	0	0	0	0	0	0	1	1	0	0	0	1	0	0	0	1	1	2	0	0	1	0	0	0	0	0	1	0	0	0	0	0	0	0	2	0	0	0	0	1
2	3	0	1	4	2	0	5	1	2	1	1	1	1	1	0	0	0	1	1	0	1	0	1	0	1	0	0	0	2	0	1	1	27	3	6	52	76	31	79	3	22	2	14	87	196	112	97	0	1	0	4	1	1	1	3	0	2	0	3	0	0	4	4	2	0	1	2	1	2	2	6	0	0	1	7	2	1	0	2	0	0	2	1	0	1	1	2	0	1	7	0	0	2	2	0
0	0	0	0	2	2	0	1	0	0	0	0	0	0	0	1	0	0	0	0	0	0	1	0	1	0	0	0	1	0	0	0	0	1	1	0	1	5	3	4	1	0	3	0	3	1	2	1	0	0	0	0	0	0	0	0	0	0	0	0	0	0	0	0	0	0	0	1	0	0	0	0	0	1	0	0	0	0	1	0	0	1	0	0	0	0	0	1	0	0	1	0	0	0	1	0
0	0	1	1	5	2	1	2	2	2	0	2	4	3	0	2	2	0	0	0	1	3	5	3	0	2	0	0	1	3	0	3	3	49	1	9	159	203	51	138	2	45	6	43	245	583	315	162	3	1	5	5	0	6	2	2	0	1	0	1	3	5	1	15	3	2	2	5	0	0	6	10	3	0	1	18	7	5	2	1	3	0	2	1	0	2	2	4	2	1	5	7	0	6	2	1
3	0	1	1	0	1	0	1	2	0	0	0	3	5	0	1	0	0	0	0	1	0	2	2	0	0	1	2	0	1	3	2	1	28	7	9	55	90	30	78	2	15	2	8	62	180	66	53	0	0	2	5	2	2	0	2	2	2	1	1	0	2	1	4	0	2	1	1	1	1	1	4	2	2	2	8	4	3	5	3	1	0	4	0	0	0	3	0	0	1	2	1	1	2	2	2
0	0	0	0	1	1	0	1	0	0	1	0	1	1	0	1	2	0	0	0	0	2	0	1	1	0	1	0	1	0	0	1	0	1	2	0	2	1	3	1	1	2	2	2	4	3	4	5	2	0	0	1	1	0	0	0	0	0	0	0	1	0	0	0	0	0	0	0	0	0	1	0	0	1	0	1	0	0	0	0	0	0	0	0	0	0	1	1	0	0	0	0	0	0	0	0
1	1	0	0	2	2	4	2	0	2	1	0	2	7	1	1	0	1	0	0	0	0	0	2	0	2	0	1	0	0	0	1	0	30	2	11	63	116	22	80	1	19	1	15	94	288	145	70	0	4	2	3	4	0	1	2	0	1	0	1	4	2	0	2	0	3	0	0	1	3	2	0	0	1	1	16	0	3	5	3	1	0	2	0	0	1	3	1	0	0	5	0	0	0	0	0
0	1	0	0	1	1	1	1	1	0	0	0	1	0	0	0	0	0	0	0	0	1	0	0	1	0	0	0	0	0	0	0	2	10	3	3	10	19	8	19	0	0	2	5	17	58	24	19	0	1	0	0	0	1	1	0	0	0	1	0	2	1	0	2	0	1	1	0	2	0	1	3	0	0	0	2	2	0	1	1	0	0	0	0	0	0	0	1	0	0	1	1	0	1	0	1
2	0	0	0	3	1	0	0	2	0	0	1	1	2	0	1	0	1	1	2	1	0	1	0	0	0	2	0	0	0	1	0	1	14	3	8	44	77	14	36	1	21	2	10	58	159	59	48	0	2	1	2	0	0	0	0	2	0	2	1	1	1	0	0	1	0	1	1	3	2	0	3	0	1	1	5	2	3	2	2	1	1	0	0	0	1	1	1	0	0	0	1	1	0	0	0
0	0	1	0	1	2	2	1	0	0	0	0	0	1	0	1	0	0	1	1	1	0	0	0	0	0	0	0	2	0	0	1	1	9	1	3	20	31	9	17	0	6	1	4	28	53	30	11	0	0	0	0	0	1	1	2	0	0	1	0	0	1	0	1	0	0	1	0	0	0	1	2	0	0	2	3	3	1	0	0	0	1	0	0	0	0	2	0	0	0	0	0	0	0	0	1
3	2	0	1	1	0	1	2	0	2	1	2	1	3	1	3	0	0	3	1	1	0	0	0	1	2	0	0	0	2	1	1	4	36	7	9	80	110	26	84	3	23	1	13	109	257	128	62	0	2	2	6	0	0	2	1	0	0	1	1	0	0	0	9	0	2	1	3	0	1	0	2	1	2	0	4	3	0	2	0	1	1	1	1	0	1	1	2	1	1	2	2	0	0	0	0
2	0	1	1	0	3	1	3	0	0	0	0	1	2	0	3	1	1	0	0	0	0	0	1	0	1	1	1	0	1	0	1	0	9	3	0	33	64	13	31	2	19	3	5	73	166	69	59	1	3	1	3	1	0	0	1	0	1	0	1	0	1	1	5	0	1	0	0	1	2	1	1	0	1	0	9	1	1	1	1	0	0	4	0	2	0	0	1	0	3	1	0	0	0	3	2
0	2	0	0	3	0	0	3	0	0	0	0	0	1	0	2	0	0	0	0	0	0	1	0	0	1	1	0	1	0	0	2	0	3	9	0	0	0	4	0	2	1	7	1	2	4	3	2	0	1	1	0	0	0	0	0	0	0	0	0	2	1	0	1	0	0	3	0	0	2	0	1	0	2	1	0	0	0	0	0	0	0	0	0	0	0	0	2	0	0	0	0	0	0	1	0
11	12	1	6	12	17	15	35	6	11	2	5	9	34	1	18	5	3	2	6	4	11	6	13	0	5	1	4	6	10	1	11	7	617	9	242	1920	3774	981	3024	4	760	4	664	3505	5921	4151	2341	10	17	11	15	3	28	4	30	6	11	11	8	7	17	4	39	3	4	6	9	11	9	14	62	2	1	0	30	17	16	9	17	4	8	6	2	1	13	9	16	4	6	6	8	3	7	5	12
1	1	3	1	3	4	2	4	1	1	0	1	5	9	1	2	1	5	0	1	2	5	2	4	0	1	0	0	2	4	3	1	3	22	5	13	77	121	56	104	3	29	4	17	86	223	104	82	1	1	3	6	1	2	2	4	0	1	1	0	2	3	0	3	0	0	1	1	1	1	2	3	2	1	1	9	2	5	2	1	0	1	3	0	1	2	0	2	0	0	3	1	0	5	0	1
0	0	0	0	1	1	0	0	0	2	0	2	0	1	1	2	0	0	1	0	0	1	0	0	0	0	0	0	0	1	1	1	0	11	0	5	34	45	19	34	0	13	2	8	52	105	56	42	0	1	0	2	1	1	0	3	0	0	2	0	0	1	0	7	0	0	1	2	1	1	0	4	0	0	0	5	1	0	2	2	1	1	0	0	0	0	1	0	0	0	0	1	1	0	1	4
1	2	0	0	2	1	0	0	0	1	1	0	2	4	0	1	0	1	0	0	0	2	2	0	0	1	0	0	0	0	0	1	1	6	1	0	18	25	14	24	0	9	3	4	21	64	23	19	0	0	0	1	1	0	0	0	0	0	1	1	0	1	0	0	0	0	0	1	1	3	0	4	0	1	0	1	1	2	2	2	0	1	0	1	0	0	0	1	0	0	0	0	0	0	0	0
0	0	0	0	0	2	0	1	0	0	0	0	0	0	0	0	0	0	1	1	0	0	0	0	0	0	0	0	0	0	0	1	0	9	2	0	16	26	11	14	0	8	1	3	28	76	25	13	0	1	0	0	0	1	0	0	0	0	3	0	0	1	0	0	0	0	0	0	1	0	0	0	0	1	0	4	0	0	1	0	0	0	0	1	0	0	0	0	0	0	0	0	0	1	0	0
1	0	0	0	2	1	0	0	0	0	0	0	0	0	1	1	0	0	0	0	0	0	0	1	0	0	0	0	0	0	0	0	1	4	0	3	4	16	5	6	0	4	1	0	8	24	6	5	0	0	2	0	0	0	0	0	1	0	1	1	0	0	0	0	2	0	0	0	0	0	0	0	0	1	0	2	0	0	0	0	0	0	0	0	0	0	0	0	0	0	1	0	0	0	0	0
4	1	0	0	4	2	0	2	0	1	0	0	1	6	1	0	1	1	0	2	0	1	0	0	0	0	0	0	1	2	1	1	3	24	2	3	65	95	31	70	2	19	5	7	70	156	88	55	2	2	1	2	1	0	2	0	0	2	2	2	2	0	0	3	0	0	0	2	0	0	2	2	0	1	1	7	3	3	3	3	0	1	2	0	0	0	4	1	0	1	2	0	2	1	2	1
0	1	0	0	2	0	1	3	1	0	0	1	2	1	0	0	0	0	0	0	1	0	0	1	0	0	1	0	0	0	1	0	1	7	1	3	40	35	9	18	1	7	2	5	29	74	31	25	0	1	0	1	0	0	0	1	0	0	2	0	1	2	0	0	0	0	2	0	1	0	0	2	0	1	0	3	0	3	1	1	1	0	0	1	1	2	0	0	1	1	0	0	2	1	0	1
2	2	1	0	3	1	0	0	1	0	1	0	3	2	0	0	0	0	1	0	0	0	2	1	0	0	0	0	0	1	1	0	1	17	3	9	36	60	19	32	1	12	1	11	44	121	57	35	1	1	1	2	1	1	0	1	0	0	2	1	1	2	0	2	0	0	0	0	1	3	1	4	1	2	2	8	3	1	4	1	1	0	0	0	0	0	2	0	1	0	1	0	1	0	1	2
1	6	0	4	9	3	4	6	3	1	0	2	6	6	2	7	0	2	4	3	0	4	5	2	1	0	0	1	4	3	2	2	7	85	3	28	291	361	103	315	4	96	12	67	508	1173	513	305	2	3	4	11	2	6	3	15	3	2	3	5	5	3	0	19	7	1	2	5	10	5	4	15	5	3	5	40	18	5	7	11	5	5	8	4	0	4	9	4	0	0	6	3	0	8	2	10
2	2	0	1	0	2	1	0	1	0	0	2	0	1	0	0	0	1	0	0	1	0	0	0	0	0	0	0	0	1	0	2	1	2	3	2	21	25	11	14	2	2	1	8	16	41	23	16	0	0	1	0	0	0	1	0	0	0	2	0	2	0	0	1	0	0	0	0	0	0	0	1	0	0	1	1	0	2	0	0	0	0	0	0	0	1	1	1	0	0	0	1	0	0	0	1
0	0	0	0	4	1	5	1	2	0	0	1	2	2	1	0	0	0	0	0	0	1	4	3	0	2	1	0	0	0	1	1	2	14	1	2	32	78	23	49	2	16	2	5	27	108	43	39	1	0	0	1	1	0	1	1	0	1	2	0	1	2	1	4	0	0	1	2	0	2	0	2	0	0	1	5	1	1	2	0	0	0	1	1	0	0	1	0	0	0	0	2	1	0	1	0
1	0	0	0	1	1	0	3	0	0	0	0	2	3	0	0	1	0	0	0	1	1	0	0	0	0	1	0	1	2	0	1	0	14	3	7	39	76	21	59	1	15	0	8	64	143	65	43	1	1	1	2	0	0	0	3	1	0	2	0	1	2	0	1	0	0	0	0	2	1	0	4	0	0	1	4	2	0	1	2	0	1	0	0	0	0	0	2	0	0	3	0	0	0	0	0
0	1	0	1	3	0	0	1	1	2	0	0	1	0	0	1	0	0	0	0	0	0	0	0	0	1	0	0	1	0	0	2	0	0	1	1	0	1	2	2	1	1	2	0	4	2	5	6	0	0	1	1	0	0	0	0	0	0	0	0	0	0	1	0	0	0	1	0	1	0	2	1	0	2	0	0	0	0	0	1	1	0	1	1	0	0	1	1	0	0	0	0	0	0	0	1
0	0	0	0	2	1	1	1	1	1	0	0	4	2	0	0	0	0	1	0	0	0	0	0	0	1	0	0	0	2	0	0	0	10	0	2	30	30	6	33	0	5	2	7	13	75	31	19	1	0	0	1	1	0	0	1	1	0	1	1	0	2	1	1	2	0	0	1	1	1	3	5	0	0	1	3	1	2	3	1	0	2	0	0	0	1	0	1	0	0	0	0	1	2	0	1
4	4	1	3	9	13	7	21	2	3	2	3	3	16	1	7	0	2	3	3	0	5	2	4	0	4	3	1	2	10	2	12	3	121	4	35	381	522	178	440	3	105	6	86	713	1426	691	426	2	5	3	17	3	16	3	15	2	0	3	8	6	13	11	33	3	1	3	4	5	8	8	26	3	0	3	23	10	9	9	22	1	1	2	2	2	9	2	5	2	1	3	2	2	10	4	10
1	0	0	0	2	3	0	1	0	1	0	1	1	1	0	1	1	0	0	0	0	1	0	1	0	0	0	0	1	2	0	2	4	19	4	5	36	65	30	55	1	15	6	5	45	131	52	62	0	1	1	2	2	1	0	0	0	1	0	2	2	4	2	1	0	2	0	2	1	5	1	3	0	0	0	3	0	2	2	2	1	0	1	1	1	2	1	3	0	0	2	0	0	1	0	0
1	1	0	0	4	0	0	0	1	0	0	0	1	4	0	0	0	0	2	0	1	0	0	2	1	0	1	0	1	1	1	0	0	15	1	1	30	48	19	20	3	13	4	8	54	118	43	29	0	1	0	2	1	0	3	1	1	1	1	0	1	0	1	1	0	0	2	0	2	2	1	2	0	1	2	7	3	2	2	1	0	0	1	0	0	0	0	0	1	0	2	1	0	0	0	0
1	3	0	0	2	4	2	2	1	1	0	0	1	1	0	3	1	0	0	0	0	2	1	0	0	2	1	0	0	2	1	0	5	27	2	6	72	100	22	92	0	25	1	14	90	259	99	81	1	1	1	1	0	0	1	4	1	1	4	1	1	2	2	1	3	1	3	3	2	1	0	6	2	0	2	7	11	0	2	4	0	0	0	0	0	1	0	2	0	0	3	2	2	1	2	4
0	1	0	0	1	0	2	3	0	0	0	0	2	1	0	0	0	0	1	1	2	0	0	0	0	0	2	0	0	0	0	1	3	16	3	3	34	58	21	33	1	9	3	13	31	102	39	31	1	0	0	1	1	1	2	1	0	0	1	0	1	1	0	0	2	2	0	1	0	1	0	0	0	0	2	3	1	3	0	1	1	0	1	2	0	0	0	1	0	0	0	3	0	0	1	2
0	3	1	4	4	4	1	4	0	1	1	0	6	5	0	3	0	2	0	1	5	2	2	3	1	1	0	3	1	3	1	5	1	75	3	10	180	236	86	220	5	59	1	49	310	693	303	202	4	1	0	10	0	4	5	5	1	0	1	6	1	7	5	9	2	2	4	3	1	2	5	8	0	0	2	8	0	3	3	6	0	2	1	0	1	3	1	2	1	2	5	1	0	1	1	5
0	1	0	0	0	2	1	1	0	0	0	0	0	4	0	1	0	0	0	0	1	1	1	1	0	0	0	1	1	0	0	2	2	2	5	2	3	1	1	0	0	1	0	1	0	6	3	0	0	1	0	0	0	0	2	0	0	0	0	0	0	0	0	0	1	0	1	0	1	1	2	0	1	0	0	0	0	0	1	1	0	0	0	0	0	0	0	0	0	0	0	0	0	0	1	0
1	0	1	0	3	1	0	1	0	2	0	0	0	3	1	2	0	0	0	2	0	0	0	1	0	0	1	0	1	1	1	1	1	9	3	7	28	55	14	49	0	6	4	6	37	110	54	51	1	1	0	2	0	1	1	1	0	0	2	0	1	1	1	4	0	2	1	1	0	0	2	2	0	0	1	5	4	0	1	0	0	0	0	0	0	0	0	0	0	0	0	0	0	1	0	0
0	0	0	0	1	2	1	5	0	1	0	1	0	4	0	2	1	1	1	0	0	0	2	0	0	0	0	0	1	0	0	4	2	13	2	9	74	106	27	91	3	27	2	19	89	270	111	77	3	2	0	1	1	0	0	1	1	0	2	1	2	2	0	2	1	3	4	0	0	3	4	7	0	3	3	9	2	2	1	4	0	1	1	0	0	1	1	1	1	2	3	0	0	0	0	1
0	1	0	0	0	2	1	2	0	1	0	0	0	3	0	0	1	0	1	0	1	1	1	1	0	0	0	0	0	2	1	1	0	17	3	3	33	65	25	44	0	11	1	6	26	117	33	31	2	1	2	1	0	0	2	1	0	0	1	0	0	2	1	1	0	1	0	1	0	0	2	2	0	0	0	1	2	0	2	0	0	1	1	0	0	0	0	1	0	1	0	1	1	0	0	0
0	0	1	0	3	1	0	2	0	0	0	1	2	1	0	1	0	0	0	0	0	0	3	0	0	2	0	1	0	0	0	0	0	6	1	2	29	31	22	38	0	9	4	7	33	64	26	31	0	2	0	2	0	1	0	2	0	0	2	0	3	1	0	4	0	0	1	1	0	2	1	2	1	1	0	2	1	2	2	1	0	1	1	0	0	1	1	1	0	0	0	0	0	0	0	0
0	1	0	1	3	2	2	1	1	0	0	0	2	1	0	2	0	0	0	1	1	0	0	1	0	0	0	0	1	1	0	1	2	18	3	3	31	66	17	44	1	14	1	8	63	146	50	35	3	2	0	1	0	1	0	1	0	0	2	0	1	0	0	0	1	0	2	1	2	1	0	2	0	2	0	3	2	1	1	1	1	1	1	0	0	0	1	3	0	0	0	1	0	0	1	1
1	0	2	0	0	1	1	2	2	0	0	1	0	1	1	1	0	2	0	0	0	0	0	0	1	1	0	1	1	0	0	0	2	0	5	0	0	1	1	0	3	1	6	0	3	2	3	0	0	0	0	0	0	0	1	1	0	2	0	1	0	0	0	0	2	0	2	0	1	1	1	3	1	2	1	2	0	1	1	0	0	0	0	0	0	1	0	4	0	1	0	0	0	0	2	1
1	4	2	1	8	3	1	4	1	5	0	2	6	13	3	10	0	3	4	2	2	0	7	1	1	0	1	2	1	2	5	5	9	69	6	28	192	336	96	202	2	75	12	42	257	730	297	207	7	2	1	18	0	4	1	2	6	0	5	5	6	4	3	9	3	4	8	7	12	10	10	19	3	1	2	28	16	4	6	8	1	3	1	3	1	2	7	4	1	0	4	4	1	1	1	2
1	0	0	1	2	0	0	1	0	0	0	0	2	1	0	0	1	0	0	0	1	0	1	2	0	1	0	0	0	0	0	1	3	1	3	1	1	3	3	3	1	3	3	1	4	3	1	2	0	1	0	0	0	1	2	1	0	0	0	0	0	0	0	0	0	1	2	3	1	2	1	1	0	0	1	0	2	0	0	1	0	0	1	1	0	0	1	0	0	0	1	0	0	1	1	0
0	0	0	0	3	1	1	2	0	2	0	0	1	2	0	0	0	0	1	1	0	0	0	0	0	0	0	1	0	0	1	5	0	14	1	4	24	38	6	21	3	5	3	4	33	86	53	25	0	0	0	0	0	1	0	0	0	0	0	0	1	0	0	3	0	0	0	0	2	1	0	0	0	0	0	6	0	0	1	3	0	1	0	0	0	0	1	2	0	0	1	1	0	1	0	0
3	0	1	0	3	0	2	1	1	2	1	0	1	1	0	0	0	0	0	0	0	3	0	1	0	0	0	1	0	0	0	0	0	5	2	5	13	20	7	16	1	5	0	1	28	38	18	12	0	0	0	0	0	2	1	1	0	0	1	0	0	0	1	2	0	0	0	1	0	0	1	0	1	0	0	2	3	0	0	1	0	1	0	1	0	0	0	0	1	0	0	0	0	0	0	1
0	0	0	1	0	0	1	0	0	0	0	0	1	2	0	0	0	0	1	0	0	0	2	0	0	0	0	0	0	0	1	0	0	10	3	4	14	24	14	22	0	6	2	4	19	63	20	20	2	1	0	1	0	1	1	1	0	0	0	0	0	0	0	2	1	1	0	1	2	1	2	4	0	0	0	3	0	0	1	0	0	0	1	2	0	3	0	0	0	0	0	0	0	2	0	1
0	0	0	0	0	1	0	1	0	0	0	1	0	1	0	0	0	0	0	0	0	0	1	0	0	0	0	0	0	1	0	0	2	4	3	0	6	21	3	12	0	6	1	4	9	32	21	14	0	0	0	1	0	0	0	2	0	0	1	0	0	0	0	1	0	0	0	0	0	1	2	1	1	2	0	1	1	1	0	0	0	0	0	0	0	0	0	1	0	0	0	0	0	0	0	0
0	3	0	0	2	0	2	1	0	0	0	0	0	1	0	2	0	0	0	0	0	2	0	0	0	0	0	0	0	1	0	0	0	5	2	0	5	9	9	6	0	0	3	1	8	11	3	4	0	0	0	1	0	0	0	1	0	0	1	0	0	0	0	2	0	0	1	0	0	0	2	0	1	1	1	0	0	0	0	2	0	0	1	0	0	0	0	0	0	0	1	0	0	0	0	0
4	1	1	2	7	2	0	0	1	3	1	0	5	5	2	5	1	2	3	1	1	1	1	3	1	1	1	1	7	5	0	4	1	46	5	11	133	208	57	144	0	57	9	29	224	610	211	139	4	3	5	4	1	4	1	2	2	2	8	2	1	2	2	4	3	0	2	2	2	0	2	5	2	1	4	18	12	5	2	1	0	2	1	0	0	1	3	0	2	1	6	3	4	2	1	0
0	0	0	0	5	1	2	5	0	1	0	0	3	1	0	0	0	0	1	0	0	0	0	0	1	0	0	0	0	1	1	1	1	10	1	0	20	40	8	36	0	4	2	6	21	89	48	45	0	0	0	2	0	0	1	1	0	0	2	0	0	0	0	0	1	1	0	0	0	0	2	1	0	0	0	3	1	0	0	0	1	1	1	1	0	0	0	0	1	1	1	0	0	0	0	0
5	0	0	0	1	4	1	4	1	1	1	0	0	5	2	2	1	2	4	0	1	0	3	1	1	4	0	2	2	5	1	2	4	45	11	7	84	170	49	75	5	51	7	18	139	409	161	83	3	2	2	2	0	6	1	5	0	1	3	0	4	3	1	9	0	3	5	7	3	4	1	7	3	2	2	27	6	4	10	4	0	1	2	0	0	2	2	1	1	1	2	0	0	2	1	1
1	0	0	0	4	0	1	1	1	0	0	2	3	4	0	4	1	0	1	0	0	1	3	2	0	1	1	0	0	1	0	0	1	29	4	9	113	207	56	127	4	35	7	17	168	461	200	110	1	0	1	2	0	2	3	5	0	0	3	2	1	2	1	3	2	1	5	3	0	3	1	3	0	2	1	15	6	3	1	1	1	0	1	0	1	0	1	3	1	0	5	2	0	1	0	3
1	1	0	1	6	3	3	5	3	1	0	1	3	4	1	4	1	0	1	1	0	0	1	1	0	3	0	2	3	4	0	4	2	48	6	18	160	211	74	158	4	44	8	38	197	463	241	144	1	2	0	9	2	0	6	9	2	3	3	4	5	7	2	18	4	1	6	4	7	5	4	14	0	2	3	37	11	7	8	7	1	3	8	3	0	4	3	6	2	1	9	3	7	3	1	12
0	0	0	0	0	0	0	0	0	0	0	0	0	0	0	0	0	0	0	0	0	0	0	0	0	0	0	0	0	1	1	0	0	1	4	0	0	0	0	1	1	1	1	0	0	3	0	0	0	0	0	0	0	0	0	0	0	0	0	0	0	0	0	0	0	0	0	1	0	0	0	0	0	0	0	0	0	0	0	0	0	0	0	0	0	0	1	1	0	0	1	0	0	0	1	0
1	2	1	0	4	2	3	1	1	0	1	2	4	5	0	2	1	2	0	0	0	0	1	2	1	1	0	2	0	2	1	2	1	33	3	9	75	141	46	99	3	34	1	13	79	253	102	78	1	1	1	3	0	1	5	4	1	0	1	1	2	5	3	6	0	1	2	1	3	2	3	4	2	1	0	8	3	2	5	4	1	0	0	3	0	1	1	3	0	2	1	1	1	2	2	2
1	4	1	0	3	0	1	2	1	0	1	1	2	5	0	2	0	0	0	0	0	0	0	1	0	0	0	0	1	2	0	2	2	27	3	13	72	112	30	84	1	21	5	16	114	238	122	82	2	1	1	3	0	2	1	1	2	0	1	0	0	2	2	5	1	1	3	1	3	0	2	3	1	0	0	5	3	1	1	1	0	0	3	0	1	1	3	4	0	0	1	2	0	0	2	0
1	1	0	0	2	1	2	3	1	0	0	0	2	2	1	1	2	1	2	0	0	2	4	1	1	1	0	1	1	1	0	2	4	33	8	10	101	139	24	94	2	30	6	19	111	300	114	84	2	2	1	4	0	1	2	2	1	1	2	1	3	3	2	3	1	0	4	4	1	1	3	3	0	1	2	16	4	3	3	2	2	0	3	1	0	1	2	3	0	1	8	2	0	1	2	2
2	0	0	0	1	1	0	4	0	0	0	0	0	2	2	1	0	0	0	0	0	0	0	2	0	0	0	0	1	1	0	1	0	0	5	2	2	1	2	2	0	0	7	1	0	0	2	1	1	0	0	0	0	0	1	2	0	0	0	0	0	1	0	0	1	0	2	2	0	3	1	0	2	0	0	2	0	1	0	0	0	0	1	0	0	0	0	0	0	0	0	0	0	1	0	0
3	2	0	2	10	4	3	8	0	1	1	5	2	9	1	3	2	1	0	1	0	0	3	1	2	2	0	0	2	3	1	2	3	56	27	15	124	224	96	174	2	66	33	30	194	493	209	151	5	1	2	4	1	5	3	2	2	3	1	2	4	1	0	5	1	1	2	4	2	5	4	5	7	4	5	18	8	7	6	3	0	0	2	2	1	3	2	0	2	0	3	1	0	2	2	3
2	0	0	3	5	1	2	6	1	1	0	0	2	4	2	3	0	1	2	1	1	1	1	0	0	1	0	0	4	2	1	4	3	27	7	11	107	159	37	110	2	35	6	31	171	376	197	121	0	1	1	5	1	5	2	2	0	0	1	3	3	2	1	11	1	1	0	5	1	3	2	10	2	1	2	16	2	2	10	5	1	1	6	0	0	0	4	2	0	0	3	1	0	2	1	3
7	7	2	7	3	6	2	7	7	5	0	10	11	14	0	8	1	0	0	2	0	1	0	3	3	2	3	0	2	2	1	2	9	62	6	22	137	224	75	185	5	59	4	27	112	416	116	167	7	5	9	5	2	4	8	2	1	3	5	2	4	6	5	10	3	2	4	6	4	10	5	16	3	0	2	14	4	2	3	5	1	0	7	2	1	4	6	5	2	0	4	3	1	0	3	2
0	0	0	1	1	0	0	2	1	1	0	2	1	3	1	1	0	0	1	1	0	1	1	2	0	0	1	0	1	2	0	0	4	32	2	5	80	130	44	63	0	19	5	7	114	283	107	87	0	1	2	9	0	1	0	0	2	0	2	1	0	2	1	3	0	2	1	0	0	3	0	3	1	2	1	9	2	1	1	1	0	1	3	0	0	1	0	2	0	1	1	2	1	4	0	1
1	0	1	4	3	3	1	1	2	1	0	0	4	3	0	2	1	0	0	2	1	1	0	1	0	1	2	1	1	0	1	4	2	43	6	11	81	132	40	79	2	39	2	19	133	362	172	67	0	3	1	4	1	3	0	0	2	1	3	3	2	1	1	2	5	1	0	5	2	3	2	1	3	1	0	10	6	4	3	3	3	1	0	1	0	3	1	2	1	0	3	2	0	2	1	0
1	3	0	4	12	5	1	3	0	2	2	1	6	7	2	3	0	3	3	1	2	2	0	1	0	3	2	0	3	5	2	3	8	62	5	18	179	249	68	186	1	68	8	39	252	589	278	175	7	3	3	10	3	1	5	4	3	3	6	2	1	3	5	11	5	3	5	6	3	8	4	12	3	3	3	21	12	7	9	5	0	0	3	0	1	1	2	2	3	0	4	2	3	4	2	4
2	11	1	7	14	13	11	32	3	3	1	2	19	41	3	21	3	3	1	3	2	11	7	2	2	3	0	3	2	14	11	10	6	199	16	51	519	792	235	615	10	168	8	117	815	1892	832	596	11	16	5	32	7	17	14	29	3	6	7	7	11	22	8	62	13	6	13	12	7	8	8	36	6	6	4	40	25	28	13	32	3	7	9	7	1	9	7	15	7	3	2	4	4	10	6	23
0	0	0	1	5	3	1	3	1	1	0	0	2	3	2	1	0	0	2	1	1	1	3	0	2	1	0	0	0	3	1	0	0	29	5	10	74	90	35	60	0	26	4	15	110	274	118	87	1	0	0	5	0	1	1	0	0	1	1	0	1	1	0	4	0	0	0	0	0	3	1	4	2	1	1	3	0	0	2	1	0	1	3	1	0	0	1	1	0	1	2	0	0	3	0	2
1	0	0	0	3	1	0	6	0	1	1	3	1	3	0	1	2	1	0	2	1	0	1	4	0	1	0	1	0	0	1	0	1	21	0	7	55	69	27	42	1	21	4	12	79	174	91	49	1	0	1	4	0	0	0	1	1	0	3	0	1	1	0	5	0	0	0	0	1	1	0	3	0	0	0	9	2	3	4	1	0	0	0	0	0	0	0	1	1	0	0	1	2	0	0	0
1	4	0	0	7	1	1	0	0	2	0	1	1	3	0	1	1	0	0	1	2	1	0	0	0	1	0	0	0	0	0	1	0	9	4	4	17	24	9	22	3	5	5	1	25	73	19	29	0	0	0	1	0	0	0	0	0	0	0	0	0	0	0	0	0	0	1	0	2	1	1	0	1	0	0	1	0	0	1	1	0	0	0	0	0	1	0	0	0	0	2	0	0	0	0	1
0	0	0	0	5	3	1	3	2	0	0	0	1	1	2	0	0	1	0	1	0	0	0	0	0	1	1	0	0	0	0	2	0	15	4	2	33	39	14	29	1	13	1	5	43	104	68	31	0	1	2	2	2	1	5	1	0	0	2	2	1	0	1	2	0	1	0	3	2	3	2	3	0	0	2	8	1	1	1	1	0	0	1	0	0	1	2	0	1	0	0	0	0	1	0	1
0	2	1	1	1	2	3	1	0	2	0	0	5	7	0	5	0	2	0	0	1	1	2	1	0	1	1	1	0	3	1	1	4	26	4	7	85	123	40	98	1	29	3	17	103	291	122	80	2	2	0	4	1	2	3	6	1	0	2	1	1	4	2	5	1	1	1	3	2	2	2	10	0	1	4	21	3	5	3	4	3	0	1	3	0	0	3	1	0	0	2	1	0	3	0	5
1	1	1	1	2	1	2	1	0	0	0	0	4	6	2	1	2	1	0	3	0	2	0	3	0	2	1	0	2	3	3	8	2	37	4	9	114	160	59	124	0	48	8	32	179	404	210	140	0	0	0	3	0	0	2	1	0	0	3	0	1	2	0	5	1	1	1	4	2	1	0	5	2	0	1	8	1	1	5	1	0	1	2	1	1	2	1	1	0	1	4	3	1	0	2	0
2	2	0	0	1	3	0	2	0	0	0	0	0	1	0	1	0	0	0	0	0	0	0	0	0	0	1	0	0	0	0	1	1	8	2	1	37	34	11	33	0	6	2	7	27	84	40	27	0	1	1	2	1	1	0	0	1	0	2	1	2	0	0	1	3	0	2	0	3	0	0	0	2	0	1	4	2	1	0	2	1	0	0	0	0	0	1	0	0	0	1	0	0	2	0	2
0	0	0	0	0	1	0	0	0	0	1	1	0	2	0	1	0	0	1	3	1	0	0	2	1	0	0	0	0	0	0	1	0	0	2	1	3	5	0	4	0	1	3	0	4	15	7	2	0	1	1	0	0	1	0	1	1	1	0	1	1	1	1	1	0	0	1	2	0	1	2	0	0	3	5	1	0	1	1	1	1	0	1	0	0	0	3	1	0	0	4	0	0	2	4	1
1	2	0	0	1	1	0	0	0	1	1	0	0	0	0	1	0	0	0	0	1	0	0	0	0	0	1	0	0	0	0	0	1	9	2	4	16	21	11	26	1	4	1	2	22	51	23	11	0	0	0	0	0	1	0	0	1	0	0	0	1	0	0	1	0	0	0	1	0	0	0	1	1	0	2	2	0	1	1	0	0	1	2	0	0	0	1	0	0	0	0	2	0	0	0	0
0	0	0	0	1	0	0	1	0	1	0	1	1	2	0	0	0	0	1	0	0	0	1	0	0	0	0	0	0	2	2	2	0	12	2	1	42	38	14	41	0	10	3	7	39	140	64	29	0	1	3	1	0	3	2	0	0	0	1	2	1	2	4	2	0	2	1	0	0	0	0	1	1	0	1	7	1	1	3	0	1	0	4	0	0	0	1	0	0	0	1	2	0	0	0	2
1	0	0	0	8	0	3	2	1	0	0	1	0	1	1	0	0	0	0	0	2	0	2	1	0	2	0	0	0	1	2	1	1	4	1	2	18	22	13	13	1	9	4	6	18	43	21	14	0	0	0	1	0	0	0	1	0	0	1	0	0	1	0	0	0	0	1	2	0	0	0	2	1	0	0	1	2	3	2	2	1	1	0	1	0	0	0	1	0	1	1	0	2	1	0	2
0	1	1	0	1	1	0	1	0	0	0	0	0	1	0	1	2	0	0	0	0	0	0	0	0	0	0	0	0	0	0	0	0	0	0	0	0	0	2	0	1	0	3	1	3	4	5	0	1	0	0	0	0	0	2	0	0	1	1	0	0	0	0	1	0	0	0	0	0	0	0	1	0	1	0	0	0	0	0	0	0	0	0	0	0	0	0	0	0	0	0	0	0	0	0	0
0	0	0	0	4	0	0	1	0	0	0	1	1	4	1	2	1	2	1	1	0	2	0	2	0	3	0	0	0	3	1	5	0	19	0	10	37	77	22	44	0	21	0	7	51	160	64	50	0	0	0	2	0	2	0	0	0	0	2	1	0	2	0	2	1	1	0	2	1	0	0	1	0	2	0	3	5	2	1	1	0	0	3	0	1	0	0	1	0	1	3	0	0	1	1	2
1	1	1	1	2	0	1	1	2	2	0	0	1	2	0	1	2	1	0	0	0	0	1	0	0	0	0	0	0	0	0	5	0	29	3	13	52	84	17	63	0	18	2	16	123	217	83	50	1	0	1	1	0	0	0	3	0	0	3	0	1	0	1	5	0	1	1	1	3	0	0	3	0	1	0	4	1	1	1	2	0	1	2	1	0	1	0	0	0	0	1	2	0	0	0	2
1	2	0	1	2	2	1	1	0	0	0	1	1	4	1	1	1	1	0	1	0	0	1	3	1	0	0	0	0	0	0	0	2	9	4	3	25	28	9	33	1	16	1	3	31	85	36	17	2	0	0	0	0	0	1	2	0	0	0	0	1	2	0	1	0	0	1	1	1	2	2	4	1	0	0	3	1	1	2	1	0	0	2	1	0	0	1	1	0	0	0	0	0	1	0	1
0	0	0	0	1	1	0	0	1	1	0	0	1	2	0	0	0	0	0	0	0	0	0	0	0	0	0	0	0	0	0	0	0	2	2	1	2	12	4	9	0	0	1	2	6	28	8	7	0	0	0	0	1	1	1	0	0	0	0	0	0	0	0	0	0	0	1	0	0	0	0	1	0	0	0	0	0	1	0	1	0	0	0	1	0	0	0	1	0	0	0	0	0	0	1	0
3	3	0	0	3	4	4	6	1	0	1	1	2	12	1	3	2	2	3	3	1	0	3	5	1	1	2	2	0	4	1	3	3	59	4	21	136	234	58	163	2	55	1	31	170	506	197	160	1	0	1	10	2	5	3	7	1	3	3	1	2	10	5	17	1	3	4	2	2	2	2	1	3	3	1	11	5	2	2	8	3	2	4	2	0	2	3	4	0	3	6	2	1	2	3	9
0	0	1	0	0	1	0	1	1	0	0	0	1	1	0	1	1	1	0	0	1	0	0	0	0	0	0	1	1	1	1	1	0	11	2	5	35	53	10	39	2	12	2	12	68	132	74	37	0	0	1	1	0	0	0	1	0	0	0	3	0	0	0	2	3	0	0	1	0	1	1	3	0	2	0	3	1	2	1	1	1	1	1	0	0	0	4	1	0	0	2	2	0	0	1	1
0	1	0	1	2	0	0	0	0	0	0	0	1	1	1	0	3	0	0	0	0	0	0	0	0	0	0	0	0	0	0	0	0	9	5	1	20	29	4	23	1	6	3	7	26	62	41	28	0	0	0	1	0	2	0	1	0	0	1	0	0	0	1	0	0	1	1	1	2	1	0	3	1	0	1	6	1	2	0	1	0	0	0	0	0	0	0	3	0	0	0	0	0	0	0	0
0	0	0	0	0	0	0	0	0	0	0	0	0	1	0	0	0	0	0	1	0	1	0	0	0	0	0	0	0	0	0	1	0	0	1	0	1	1	1	0	1	1	1	0	2	1	0	2	0	1	0	0	0	0	0	0	0	0	0	0	0	0	0	0	1	0	0	0	1	0	0	0	0	0	0	0	0	0	0	0	0	0	0	0	0	0	0	0	0	0	0	0	0	0	0	0
0	0	0	0	2	2	1	0	1	0	0	0	0	1	0	0	0	3	0	0	0	0	0	0	0	1	0	0	0	1	1	3	1	0	3	0	3	0	2	3	1	4	4	1	5	1	1	1	0	0	0	1	0	0	1	0	0	0	0	0	0	0	0	0	0	0	0	0	0	0	0	0	0	0	0	1	0	1	1	0	0	0	0	0	0	0	0	0	0	0	1	0	0	0	0	0
1	0	0	0	4	2	2	2	1	0	0	0	0	0	0	0	1	0	0	1	1	0	0	1	0	0	0	0	1	0	0	0	1	3	3	3	6	13	2	6	0	3	2	0	15	22	18	8	0	0	0	1	0	0	0	0	0	0	1	0	0	0	0	0	0	1	1	0	0	0	0	1	0	0	0	2	2	0	0	1	0	0	0	0	0	0	0	0	0	0	0	0	0	1	0	0
1	0	1	0	2	2	0	1	0	0	0	1	0	0	0	0	0	0	0	0	0	1	0	0	0	0	0	0	0	1	0	0	0	2	5	0	5	15	6	13	0	5	3	1	14	39	18	7	0	0	0	1	0	0	0	0	0	0	1	0	1	0	1	1	0	0	0	0	1	1	0	0	0	0	0	1	0	2	0	0	1	0	1	0	0	0	0	0	0	1	0	0	0	0	0	0
1	0	0	0	2	0	3	2	0	0	0	0	0	3	0	1	1	1	1	1	0	0	1	0	0	0	0	0	0	1	1	4	1	6	3	1	11	16	7	15	1	3	2	4	19	42	22	17	0	1	0	2	0	1	1	0	0	4	2	0	0	0	0	0	1	1	0	1	0	1	0	1	2	1	0	1	0	0	1	1	0	0	0	1	0	0	0	1	0	0	0	1	0	1	0	0
1	0	0	1	1	0	0	0	0	0	0	0	1	0	0	0	0	0	1	0	0	0	0	0	1	1	0	0	0	0	0	0	1	8	0	3	13	27	6	17	1	3	0	3	31	64	21	22	0	1	1	0	0	1	1	0	0	1	0	0	1	0	0	0	0	1	1	0	0	0	0	0	1	2	0	1	1	0	1	1	0	0	0	0	0	0	1	0	0	0	0	0	0	1	1	0
0	2	0	1	0	0	2	1	0	0	1	0	1	1	0	1	1	0	0	0	0	0	0	0	0	0	0	0	0	0	0	1	0	8	2	4	8	20	2	17	0	9	1	5	23	47	11	18	1	0	0	3	0	0	0	0	0	0	1	1	1	0	0	1	1	1	1	0	0	0	0	1	0	1	0	0	0	0	1	0	0	0	0	0	0	0	0	0	0	0	0	0	0	0	1	0
1	2	1	0	7	4	3	5	0	0	0	1	6	2	0	2	0	1	1	1	3	2	1	1	0	1	0	2	1	0	2	3	4	70	6	19	181	242	75	213	5	71	6	40	270	634	266	189	3	1	1	5	0	3	2	6	3	1	1	1	2	4	2	14	2	0	1	4	0	0	2	2	1	1	4	15	7	2	4	7	1	3	4	3	0	2	1	4	1	1	2	2	4	4	2	4
5	3	0	3	11	5	3	8	4	3	2	1	7	16	4	5	2	3	3	3	3	8	2	5	0	9	2	0	9	15	3	18	7	132	5	20	260	473	190	357	6	130	5	90	539	1232	516	377	6	7	6	5	2	5	2	7	3	5	5	0	6	5	2	13	6	4	2	3	8	4	3	15	2	3	2	11	5	4	6	9	2	4	5	1	0	4	12	13	0	2	14	5	9	13	8	10
0	1	1	0	2	0	0	2	1	1	0	1	2	1	0	1	0	0	0	0	0	0	0	0	0	1	0	1	1	0	0	5	0	9	2	2	38	36	14	34	3	12	3	5	64	112	62	36	1	1	0	2	0	0	0	0	0	0	2	0	0	1	0	0	2	1	1	0	2	1	0	3	0	1	0	3	1	0	1	0	0	0	1	0	0	0	1	4	0	0	1	1	0	0	0	0
6	2	0	1	10	4	1	3	0	2	0	0	4	6	2	3	2	0	1	2	2	1	3	1	0	1	1	0	2	2	1	3	4	83	5	29	235	310	83	229	1	78	5	51	334	800	292	239	2	2	3	4	1	3	0	4	2	2	3	4	2	3	1	7	0	1	4	5	3	1	1	4	2	1	2	13	2	3	3	6	0	2	1	4	0	1	1	3	0	3	5	2	0	2	1	2
0	0	0	1	8	3	0	1	1	0	1	1	3	9	1	2	3	1	2	2	1	2	1	0	2	2	0	0	5	6	1	8	1	48	2	11	96	156	54	113	2	48	6	18	147	420	164	103	3	2	3	11	3	3	2	2	1	2	2	2	1	2	1	7	2	1	3	4	1	4	5	2	0	3	2	12	2	7	2	3	1	0	5	1	0	1	2	5	1	2	8	3	1	2	4	2
1	2	0	0	6	2	0	1	3	0	2	1	0	2	0	0	1	0	0	1	2	0	0	1	0	0	0	0	0	0	0	1	1	0	1	0	1	7	6	1	1	1	3	2	0	4	3	4	2	0	0	0	1	0	0	0	1	2	0	0	1	1	1	0	0	0	0	1	2	1	3	2	1	0	4	1	0	0	1	2	0	0	0	0	0	0	1	3	0	0	2	1	1	2	1	0
3	1	0	0	2	12	3	12	1	2	1	0	1	9	0	10	0	2	1	3	1	5	2	5	0	1	2	0	1	9	0	4	2	86	5	18	268	422	107	344	6	68	2	47	496	1213	441	312	9	5	0	6	4	8	4	16	1	0	3	3	7	19	5	48	1	2	1	2	2	4	2	22	1	1	0	14	10	16	5	23	1	2	3	0	4	5	6	12	2	1	9	4	3	12	5	20
2	0	0	0	1	0	0	1	0	1	0	2	0	1	0	2	0	1	1	0	1	1	0	0	0	0	1	1	0	2	0	1	2	4	0	1	23	27	11	22	1	4	1	4	21	84	33	17	0	0	2	0	0	0	2	0	0	0	0	0	1	0	0	1	1	0	1	1	1	0	1	2	1	0	0	4	0	1	1	1	0	0	0	0	0	1	0	0	2	0	1	0	0	0	3	0
0	0	0	0	5	2	0	1	0	1	0	0	2	3	1	0	0	1	0	0	0	2	0	0	0	0	0	0	1	1	0	1	1	10	6	3	38	69	21	39	0	14	0	5	55	148	62	45	0	1	0	2	3	2	0	3	1	0	3	2	2	1	2	11	1	2	0	1	1	0	2	3	1	0	1	6	1	1	1	6	0	0	0	0	0	1	0	0	0	0	1	1	1	2	0	1
