1.020725611251099320e-02 1.252703303206066134e-03 3.669628977948209637e-05 9.280719926381137807e-04
3.744484530842953109e-03 2.175656408204645637e-03 1.108084385219707500e-02 1.416852851260704850e-03
4.032810045792919462e-01 2.025002250794060137e-03 1.238886297647187607e-02 2.101396863385049385e-03
5.711994639544652232e-03 9.731239791711837617e-03 9.590988186872468832e-03 6.898552526748945313e-03
7.478680454598811422e-03 4.995034104790498303e-04 2.964360893271096933e-03 4.260297069845752900e-04
1.488754251002475922e-04 1.723150439637217372e-03 2.073596625411215904e-03 1.583042921162343452e-03
7.795068263680550967e-03 7.573127088651622095e-04 7.932766321099290335e-03 1.192502951828563898e-03
1.278327158592828562e-02 1.125454256003286619e-03 5.130602297942803841e-03 1.565448354168240625e-03
5.227883456613832691e-03 1.330246492149211564e-03 6.100808962776467590e-04 7.101443489854025433e-04
1.330789781152595923e-03 7.547594089464909574e-04 1.450689685666330803e-03 4.946015019109426068e-04
3.777406823741182550e-04 2.596285519480646259e-02 8.725608888566197983e-04 3.488919843726181330e-02
4.868937944545352788e-03 7.986805911559080422e-04 3.944071524242798426e-04 4.756914558443303101e-04
1.719827252664357263e-03 5.312463785973514695e-04 3.968154478468711478e-03 6.517482087370843205e-04
1.403000828153604020e-03 1.352657779964484223e-03 1.933054971338578820e-03 1.431136066916442609e-03
3.118304268716832659e-04 2.366936326950825065e-01 1.474295696283779017e-02 1.781492105501675804e-01
3.795759993552396284e-03 3.408376208212121768e-04 4.613517594630718067e-03 2.066141210970422084e-04
3.521192140651769015e-04 2.446737519723452686e-03 1.161564947524007345e-02 1.419661698577682043e-03
6.511754757255091772e-03 8.938378155648595003e-03 1.415267879248707783e-02 5.188391065543115736e-03
5.197200338954645511e-03 3.636164213219184819e-03 1.289951869024961052e-03 2.227357641946745709e-02
3.239905073024151026e-04 5.406955691138308224e-04 1.797196959060214441e-02 3.928547675044281114e-04
9.943324163656560438e-03 4.008953306985626151e-03 7.805906962837774396e-03 2.174592361300904490e-03
2.734997917511437782e-04 4.698166237334638201e-03 4.228299683444826373e-03 3.091578720959531432e-03
6.051025884671460027e-03 4.244757407199176158e-02 1.466091405523320228e-02 6.160846214795457493e-02
2.822393599802772851e-03 3.263664407288055166e-03 4.124211828802491937e-03 1.841864163621193332e-03
9.964322690615302208e-04 6.383834175506227296e-04 9.937158608140121349e-03 3.123226316181506538e-04
5.879819630397018979e-03 1.231896710412826688e-02 3.988441275779039917e-03 7.274117886938828020e-03
6.910876505332805156e-04 4.057555267216477607e-02 4.107778530311725386e-03 7.867165793522090667e-02
4.316764259384969944e-03 4.048536117339735646e-02 1.114583619888881438e-02 2.432039730887874951e-02
3.091217133964921458e-03 5.574905909503574675e-03 5.537767076896729299e-03 2.630386253716257821e-03
4.935541432001195987e-03 1.726105718201195478e-03 2.416881170909415644e-04 1.072170271041790034e-03
2.061560737004606691e-03 2.469940912331652916e-02 6.901400924357336576e-03 1.773047650930746275e-02
5.593656702417569224e-03 2.124756833570018346e-03 4.264970478993928052e-04 1.777740915196169159e-03
1.830830189917684748e-03 9.642563228007321402e-04 1.797266014623457447e-02 1.201790832692881334e-03
1.337862086091964496e-03 1.759602498251371019e-04 1.184204204183393269e-02 9.586569843703825200e-04
4.482159906147495029e-03 4.014039314003996694e-04 2.781977474589407071e-02 1.884799106550275104e-04
1.103747682888633203e-02 3.356299817496450613e-04 5.670737034936202065e-04 1.275218635042483172e-04
1.204974794135717231e-02 2.439807684764209582e-04 6.465847599702903570e-02 4.239289150846105823e-04
1.700128317904187752e-02 1.090156981484319412e-04 5.256229713871201498e-02 1.144344159705213727e-03
1.103020439206296895e-02 3.901152661328883111e-04 2.370672151700646199e-02 3.375835647703022717e-04
1.767588334365625263e-02 3.166753251036647052e-05 3.815365257569537562e-03 2.542023350412865200e-04
8.150297334655430895e-03 1.672322700902958677e-03 4.570213559988154858e-03 1.309383055414724360e-03
1.683365278623124607e-03 1.206200741083286905e-03 4.884510773978869604e-03 2.649922739041656733e-03
5.292895339712966026e-04 9.301422263708012403e-04 3.651665685314284954e-02 7.610935052001562440e-04
3.894638071137573009e-03 7.440329365120782216e-04 1.828774908458144152e-02 2.238903373002146951e-03
1.782855690811041560e-02 6.130655579882205016e-04 2.042407715097876650e-02 8.058738349794641789e-04
7.927700318769168378e-03 1.373490229869194044e-05 5.164178347763462990e-02 6.745832616116904023e-04
2.258450320011522443e-03 5.962338574196226560e-05 2.479138345440976346e-02 1.395728934266295780e-03
1.029809049736831860e-03 1.001960038802116368e-04 7.009392347663262468e-03 1.920419977630667750e-04
7.326751715067342848e-05 2.188180691627047969e-04 9.982484571409605198e-03 8.208797840875528594e-04
8.970445061904638384e-04 1.510661886518509592e-03 7.643353901338060044e-03 1.989232149806261646e-03
2.356590719600867596e-03 1.452287680078963869e-03 8.167029878631571274e-03 1.918459139030455731e-03
5.003386142325790334e-03 5.704587085033883693e-04 9.735761876190850671e-04 1.376958893066307279e-03
1.764180907826161696e-04 3.004088615953492448e-03 1.488966251023172808e-02 2.775017685680036903e-03
2.007359111972793677e-03 3.262094710316487157e-03 8.111650198720675095e-03 3.148471577600434404e-03
2.991216997429641325e-02 2.619862389352632312e-03 8.777225715336440734e-03 2.022894601553950657e-03
2.309649353386051748e-03 9.160128266923257172e-04 9.393181074002568409e-04 1.369806562156720801e-03
5.390796997864657873e-03 1.192841586721289865e-03 6.864155714793413084e-03 9.142511289259308213e-03
7.095069277125041682e-05 2.098504526656313780e-03 1.467663644153655023e-03 1.709823140131860181e-03
4.074051773068501983e-03 1.911336337703733925e-03 3.492612775669499091e-03 2.678354483239737266e-03
2.374926277616511237e-03 3.117920175196305533e-03 1.003744875569455991e-02 3.416480576352123530e-03
1.473153040048685121e-03 4.057471316367853784e-03 1.423157340185443077e-02 3.503660380013607842e-03
3.271354111856426220e-03 2.725040159798765554e-03 2.114058101061690089e-03 3.448164035302067349e-03
7.369241344093855521e-04 6.889360806906600103e-04 1.494338661460690651e-02 9.363259938429640931e-04
5.214193153766708347e-03 3.974293186736961884e-04 2.721277930846888963e-03 6.675309924850944890e-04
1.304748872972871961e-02 8.252855759920766634e-04 7.949004540807909705e-03 7.834222178743255501e-04
2.782551627524171376e-03 3.728139054184198900e-03 1.808974655767747741e-02 3.071458636028569656e-03
7.696851596469116499e-03 1.355416535265710357e-03 4.927643852036763840e-03 1.412238082567432180e-03
1.444633415102423209e-03 4.076559265926730721e-04 1.206106783542597490e-02 4.429010724343839509e-04
2.391134488646918122e-03 1.205622437331609455e-03 1.389017695240776784e-02 1.275757460845331056e-03
1.666339592292211342e-03 1.371087032155524771e-03 1.282176218920984745e-03 1.224913629061517720e-03
6.330412013087138683e-03 2.769453386550231339e-03 1.023973540576550607e-02 2.253205211350165112e-03
1.163228325018492897e-03 1.288922035431786211e-04 4.732052604084242831e-02 4.594172806275920694e-04
2.551826388155734038e-02 2.550629798440651273e-03 1.766710700177094584e-02 1.892499422407344090e-03
1.028363080569148812e-03 1.617369251002433476e-03 4.134803825120145215e-03 1.082335709584242084e-03
9.065281334641099673e-04 1.303322119549288208e-03 1.449017397401767757e-02 1.018035022537388656e-03
1.520853430233946348e-02 1.236544974139308949e-05 5.459401252944526446e-03 5.814867537132018590e-04
1.039031555985227631e-02 1.759414934138016124e-04 6.949240146828344596e-04 3.421420537342432155e-04
1.016979016304970064e-03 6.034000847659311750e-04 3.655184137257612084e-03 2.823930340975020349e-04
4.306428510125908694e-03 4.207899541756382131e-03 1.029981320507696897e-02 4.500305864176512051e-03
1.133117629157642629e-02 1.405207269465829321e-03 4.674998398728960093e-03 1.265770776863008431e-03
4.408913523007187453e-03 4.622138886107398856e-03 1.067892203177762608e-02 5.740852370989374918e-03
9.318596032693311337e-04 7.436685472351362838e-04 4.884660421751495576e-03 1.420552348859810236e-03
1.192454741921556045e-02 9.616034738410087499e-04 5.820924079159476607e-03 1.511869522447464517e-03
2.720793929687834092e-03 1.675414330570164411e-03 1.070439898347523393e-02 3.069250065189928905e-03
6.113740031852777680e-03 5.709891858365132369e-03 1.239971598801861349e-02 4.271643243898612559e-03
3.004529814115751429e-02 1.602221611258870804e-03 4.198950366088453727e-03 2.461656061257558922e-03
2.388985070451007595e-02 1.862601019238613494e-03 1.462555491316078204e-02 1.497131103462535700e-03
5.312874580159516330e-03 1.395616770726798269e-03 5.750022380245768498e-03 1.532410416877171347e-03
4.762273807844909224e-02 5.057808585947786394e-03 1.207274312880242569e-02 8.902291016030508194e-03
1.172981476829654561e-03 4.123809810079266391e-01 1.572679546442463244e-02 4.074909814960194776e-01
6.134525677881018726e-03 2.363621054824438495e-04 8.251295556468358008e-03 1.253184100125508864e-03
2.095814419367755897e-03 7.538319617234236084e-04 3.497693477607000025e-04 2.134495016773423071e-03
3.497091533470029351e-03 5.317571799377845054e-04 6.799323985888523075e-03 7.275507621541730911e-04
6.280501336267276143e-03 1.050490161321170415e-02 1.679677000263622016e-02 1.077711257853641684e-02
2.083981778761841500e-02 2.426367722549798225e-03 1.044295513344482823e-04 1.985207146667224490e-03
6.461838884662205601e-03 2.953319408354962514e-03 9.652295215420882493e-03 2.846426056151746872e-03
