 	Denovo A	Denovo B	Denovo C	Denovo D
SBS1	0.14275803729748116	0.1288159484206537	0.1280635982289554	0.11914168520796542
SBS2	0.16793160697535447	0.15789308942034852	0.14070344011537717	0.14680946633086467
SBS3	0.4871768916975211	0.594226648341543	0.5785835401139166	0.4716538125382348
SBS4	0.21560040893215093	0.255166870973326	0.28823405845186245	0.1835269196261794
SBS5	0.4961208222121669	0.5843827902661779	0.5916308254594195	0.4757402120846732
SBS6	0.16992501201527366	0.21553064428816548	0.2171808760667875	0.17319373383700254
SBS7a	0.2194041574990384	0.22733293376152586	0.20124294232933504	0.20434727653053408
SBS7b	0.23256568479270356	0.28181348012715923	0.2256411214171692	0.21586418783284667
SBS7c	0.22433394605090218	0.254662040705093	0.2542487187330693	0.18831774093755294
SBS7d	0.4230362126623268	0.40602085550993317	0.3870181039842655	0.4019251055272747
SBS8	0.2384233183453356	0.3004672613905447	0.35096941138409044	0.22866813476940417
SBS9	0.6664751326334076	0.7002692872303151	0.6923906272839082	0.6410857342306157
SBS10a	0.20322015993181308	0.20587964258162683	0.2028014704375093	0.21368714357337026
SBS10b	0.5028202882007681	0.4582314852285758	0.43623165616534765	0.5027892977902723
SBS10c	0.42412665686778483	0.4336686011529606	0.4507847895201853	0.4198024159766762
SBS10d	0.26266560199839906	0.26846965016428814	0.2743409405822723	0.2635006226394172
SBS11	0.18651163994609798	0.26592331260509217	0.2347491793289479	0.1884054885204829
SBS12	0.2729579960777171	0.32880892776687265	0.35385921323658476	0.24196045800800903
SBS13	0.4384080248175056	0.4299768793846437	0.4117471554539067	0.4385137128740675
SBS14	0.154623695758503	0.16332246319906807	0.23088119560350817	0.14940950133188302
SBS15	0.1474922228053308	0.18675226277118373	0.20397043322376907	0.13900222520554395
SBS16	0.21582617485226696	0.22437433605824442	0.2921279295089094	0.18148853188699532
SBS17a	0.13312214412004197	0.15499857312674137	0.15528914760914692	0.08686093296593533
SBS17b	0.5511704468576499	0.5036131203079733	0.4674760143565002	0.5441123448848129
SBS18	0.27994486963182075	0.2993840072014926	0.33350488660490507	0.2548603654442727
SBS19	0.1595537602306898	0.24031119302467863	0.1684777323301727	0.1478730046032164
SBS20	0.13202408481638805	0.15250324072445687	0.15163240371761422	0.11471919109652873
SBS21	0.23703273613737263	0.23697270504361145	0.28578883829845414	0.23461156591354027
SBS22a	0.072269634155124	0.17454528999195662	0.13360950474939526	0.10148669731727333
SBS22b	0.1708059117925691	0.26498648810285075	0.24457896593633066	0.17744206707552057
SBS23	0.11743680740322004	0.22562551943767128	0.16327533070888522	0.12443617976532573
SBS24	0.19590975802303334	0.24840903087779465	0.345738749551198	0.18652907647093753
SBS25	0.4031742723095647	0.4896847646493694	0.5042535862021865	0.40279554604392764
SBS26	0.28394106607674474	0.322452115223792	0.34413142132438157	0.26231804344411824
SBS27	0.06044733916624734	0.17309668977654624	0.13254731821762666	0.12192773586949424
SBS28	0.5662306915092301	0.5116154209462984	0.4885380635206271	0.565866398306105
SBS29	0.18453261902840679	0.21533206635928004	0.3088532199116273	0.16219326803584855
SBS30	0.19118343827041606	0.26720956075952307	0.2575816489944993	0.19216833486293305
SBS31	0.16003530029909918	0.2694081665661612	0.20029419459268216	0.15974468588661528
SBS32	0.22282940904832726	0.29952571430837427	0.31126517462922554	0.22793643208330483
SBS33	0.13873506108724065	0.14032306616614587	0.1700584706571706	0.11730068113883363
SBS34	0.10774022318054954	0.11719161988937732	0.15830818435170535	0.10066449168928748
SBS35	0.1896489538563103	0.28669000411572176	0.2609535649845637	0.20275686023641326
SBS36	0.2667005249629829	0.2747999237244515	0.31041787948697563	0.24463739690987585
SBS37	0.4190973123941808	0.4826051780600643	0.494884316360263	0.38996863132518556
SBS38	0.1162020360299112	0.09616134959006872	0.10038154096567464	0.07530582067496239
SBS39	0.4582938526123468	0.5409939197789757	0.5059057161050632	0.4668037543107655
SBS40a	0.4888683546439827	0.5608777584840963	0.5670101228087354	0.46808546414369845
SBS40b	0.6890435470172247	0.7304687862814695	0.7174498805270928	0.6522427434224682
SBS40c	0.4813440799663603	0.5940476100909587	0.5773371142244156	0.4558532949813642
SBS41	0.5769535343279898	0.6056800516262256	0.5856670956727014	0.5410250454499955
SBS42	0.21306893847690567	0.31417470155656013	0.30535311463317893	0.2061968619934793
SBS43	0.13262461787800406	0.16766948554222094	0.1618069457356458	0.10956861066527579
SBS44	0.21263210783831277	0.2905494958986595	0.3113558965950214	0.23189553842053512
SBS45	0.14230933596516637	0.11535711732281118	0.12388395435178456	0.09613207381420752
SBS46	0.2962535387813501	0.3530863506586004	0.3855005864730965	0.27854746480310966
SBS47	0.24429050061717394	0.2646848878928646	0.26566597908652134	0.2200430516478893
SBS48	0.06811291547983012	0.04345393841040979	0.04462612222873652	0.05038543552789365
SBS49	0.03995042511117264	0.036531585286370905	0.03581913485836441	0.023113274896994884
SBS50	0.22463106997237892	0.2624043807969273	0.25314455736068053	0.2109093698413813
SBS51	0.18530762882852303	0.23145660216704766	0.24864615499227583	0.17301909055727316
SBS52	0.19233074428625596	0.18625898896382365	0.19290479829881202	0.16974302120341478
SBS53	0.11842961098299865	0.12871118216858102	0.14264060646052834	0.08469641398910566
SBS54	0.10663922428106387	0.13885616346122076	0.12054478477354769	0.10066787599960114
SBS55	0.1808255500920175	0.18942162958110398	0.17677834542004867	0.15015826717486924
SBS56	0.24818579419262465	0.2495122729160173	0.2572798940898493	0.2527067580520187
SBS57	0.4236634158734396	0.47914337105130156	0.4255913060067036	0.4304627574254266
SBS58	0.3422317099333432	0.37240196940033043	0.36368792010229045	0.31157608123417413
SBS59	0.050435496343331776	0.09778427691509017	0.22606282684582069	0.052872457193204214
SBS60	0.0853588772990338	0.0784259164229898	0.05715926164327101	0.059407507365209944
SBS84	0.1816644192742658	0.27579078762201825	0.25044478791993496	0.1947161499157528
SBS85	0.3214758451512989	0.3622185576203919	0.3963139155469867	0.3121393051818573
SBS86	0.34245819878965267	0.36781105759945554	0.34872717259335706	0.3475282186859432
SBS87	0.2335292190469137	0.2417755299612322	0.23108039086675147	0.221864632539981
SBS88	0.3577450359915144	0.36144624088407706	0.4062319048928841	0.3419597440847345
SBS89	0.39734314676005644	0.5090055588195561	0.4885436988652533	0.396188695174015
SBS90	0.11667864127831273	0.1431895506606139	0.13619761144527875	0.09753867502735414
SBS91	0.17535581648592113	0.16085542395532426	0.1685969732338295	0.15151174549112556
SBS92	0.37449475602178706	0.4533085936646485	0.46997055150559497	0.3341839596900127
SBS93	0.6208349883509394	0.6685478145370138	0.6434802765907264	0.5709969516224768
SBS94	0.33288285089770997	0.3830395305654102	0.3929459454152029	0.287316234087708
SBS95	0.24859046731904133	0.3023586565943762	0.36370620245178387	0.22562221465643018
SBS96	0.31845060178659734	0.3963705352340654	0.4324569897016771	0.3006292644252182
SBS97	0.13315561158212375	0.16406108417227505	0.1467991771253777	0.08588660171542406
SBS98	0.23717049915390187	0.29928026255167506	0.29320707661824696	0.25013297906763365
SBS99	0.30775309625062586	0.3949452137274123	0.35875794055714416	0.2968107186121616
