"A[C>A]A"	"A[C>A]C"	"A[C>A]G"	"A[C>A]T"	"C[C>A]A"	"C[C>A]C"	"C[C>A]G"	"C[C>A]T"	"G[C>A]A"	"G[C>A]C"	"G[C>A]G"	"G[C>A]T"	"T[C>A]A"	"T[C>A]C"	"T[C>A]G"	"T[C>A]T"	"A[C>G]A"	"A[C>G]C"	"A[C>G]G"	"A[C>G]T"	"C[C>G]A"	"C[C>G]C"	"C[C>G]G"	"C[C>G]T"	"G[C>G]A"	"G[C>G]C"	"G[C>G]G"	"G[C>G]T"	"T[C>G]A"	"T[C>G]C"	"T[C>G]G"	"T[C>G]T"	"A[C>T]A"	"A[C>T]C"	"A[C>T]G"	"A[C>T]T"	"C[C>T]A"	"C[C>T]C"	"C[C>T]G"	"C[C>T]T"	"G[C>T]A"	"G[C>T]C"	"G[C>T]G"	"G[C>T]T"	"T[C>T]A"	"T[C>T]C"	"T[C>T]G"	"T[C>T]T"	"A[T>A]A"	"A[T>A]C"	"A[T>A]G"	"A[T>A]T"	"C[T>A]A"	"C[T>A]C"	"C[T>A]G"	"C[T>A]T"	"G[T>A]A"	"G[T>A]C"	"G[T>A]G"	"G[T>A]T"	"T[T>A]A"	"T[T>A]C"	"T[T>A]G"	"T[T>A]T"	"A[T>C]A"	"A[T>C]C"	"A[T>C]G"	"A[T>C]T"	"C[T>C]A"	"C[T>C]C"	"C[T>C]G"	"C[T>C]T"	"G[T>C]A"	"G[T>C]C"	"G[T>C]G"	"G[T>C]T"	"T[T>C]A"	"T[T>C]C"	"T[T>C]G"	"T[T>C]T"	"A[T>G]A"	"A[T>G]C"	"A[T>G]G"	"A[T>G]T"	"C[T>G]A"	"C[T>G]C"	"C[T>G]G"	"C[T>G]T"	"G[T>G]A"	"G[T>G]C"	"G[T>G]G"	"G[T>G]T"	"T[T>G]A"	"T[T>G]C"	"T[T>G]G"	"T[T>G]T"
"Sample1"	3	7	1	5	12	12	2	11	4	5	0	8	8	6	0	7	4	5	3	1	2	3	3	4	2	2	0	3	7	7	1	5	8	7	4	11	11	17	3	15	4	13	7	10	5	11	2	9	6	2	2	6	4	2	7	7	3	2	4	2	10	3	4	7	16	4	14	7	8	9	10	7	7	4	6	10	9	3	3	9	1	2	2	1	0	2	2	2	1	1	3	1	4	6	3	2
"Sample2"	6	13	0	4	11	18	2	5	4	4	1	1	7	5	0	5	4	3	0	6	2	14	0	7	1	2	0	2	3	6	0	8	12	4	4	5	8	9	4	22	7	5	6	7	6	3	3	7	3	2	7	5	4	9	3	6	7	1	4	3	2	4	3	10	15	5	19	22	8	5	13	10	4	1	7	5	7	5	4	9	2	0	2	0	4	2	3	2	0	1	1	0	2	3	2	3
"Sample3"	2	12	5	7	18	12	1	7	5	2	0	8	5	4	2	9	3	2	2	4	4	6	2	7	2	6	0	4	7	5	1	6	11	8	8	17	9	7	5	15	9	6	7	4	9	6	4	7	5	2	7	4	6	2	4	1	1	6	5	3	8	3	3	8	25	4	13	18	7	4	5	5	2	4	7	5	7	6	8	10	4	1	6	3	5	0	0	7	1	1	4	3	2	0	0	2
"Sample4"	4	5	2	6	13	12	4	13	6	3	1	6	6	11	2	4	6	3	0	6	7	7	1	6	4	1	1	9	6	6	1	3	15	12	8	13	16	14	5	11	14	8	5	11	4	3	3	7	7	3	1	3	8	4	2	3	2	1	4	4	2	4	0	2	12	10	17	18	8	6	7	8	10	4	4	4	11	6	2	13	3	0	3	5	1	0	0	3	1	0	4	5	2	1	1	1
"Sample5"	2	11	3	6	18	17	3	6	4	6	1	0	5	8	1	8	5	6	0	7	6	6	1	7	5	1	1	1	3	7	1	6	10	9	4	4	15	21	10	13	5	5	1	7	8	15	3	9	1	4	2	12	4	9	8	6	3	0	0	6	2	2	3	7	12	3	15	15	10	4	7	16	3	1	4	2	15	2	0	9	5	1	2	1	2	0	1	0	0	1	3	0	4	2	0	0
"Sample6"	6	5	3	8	7	12	2	7	2	9	1	4	6	3	0	5	3	2	0	3	6	6	1	10	3	0	0	5	4	7	0	14	7	9	6	6	18	8	5	16	5	10	6	9	6	12	5	15	4	4	7	9	0	7	7	4	5	3	2	2	3	1	6	5	16	5	12	8	6	7	9	2	11	5	6	7	11	6	3	12	3	1	1	3	1	0	2	3	0	0	2	1	3	2	2	2
"Sample7"	12	1	1	1	10	12	2	2	0	1	1	3	8	8	1	0	7	2	0	4	1	9	0	6	2	1	2	4	9	2	2	9	11	2	11	6	10	8	5	14	9	9	3	5	7	8	5	19	4	1	7	4	4	5	6	7	4	2	6	6	2	2	6	10	22	5	13	21	6	10	8	10	8	2	5	5	7	7	5	5	2	2	2	7	0	2	4	0	1	1	3	2	3	4	4	4
"Sample8"	6	9	0	4	9	16	1	9	2	6	3	4	7	11	0	5	1	7	2	5	9	4	1	6	1	2	0	2	6	8	1	9	9	7	4	7	15	11	4	18	9	8	3	7	6	5	2	9	7	4	2	2	3	4	3	3	0	2	3	1	5	2	5	3	17	9	18	15	18	7	8	7	8	2	7	8	10	5	3	10	4	1	1	2	3	0	1	3	2	1	4	0	2	0	3	8
"Sample9"	4	12	0	5	14	14	0	6	1	5	0	1	9	7	0	4	5	4	2	7	3	5	0	3	3	1	0	5	6	5	2	15	11	10	4	8	11	11	3	12	2	13	7	7	8	9	3	8	1	3	1	18	2	4	5	6	2	0	6	2	1	5	5	10	21	2	12	16	10	5	10	3	8	4	5	4	13	1	5	6	3	4	4	1	0	3	5	3	1	1	1	0	1	2	1	5
"Sample10"	10	11	1	8	16	13	2	13	5	7	0	3	11	4	3	8	6	3	0	8	0	12	0	7	2	5	0	1	7	1	2	10	16	8	10	18	16	13	1	14	7	3	9	6	5	6	1	6	4	3	4	8	0	2	1	8	5	1	4	2	4	1	7	7	23	2	11	7	12	6	14	5	4	7	2	4	11	3	1	2	2	1	2	2	1	2	1	1	2	1	3	1	1	2	2	4
"Sample11"	11	9	0	8	12	15	0	6	3	8	1	1	3	4	0	6	4	8	1	12	4	11	0	8	0	3	0	1	5	2	1	9	11	5	7	9	14	12	3	11	12	9	5	5	6	15	4	11	5	2	4	6	3	4	6	1	2	1	7	7	4	2	3	5	37	3	11	16	5	12	13	10	5	1	5	9	10	4	4	7	0	3	1	3	3	2	2	3	1	0	3	0	1	5	0	4
"Sample12"	4	5	3	1	17	10	4	11	1	3	2	1	6	3	0	8	6	2	1	6	8	5	0	6	2	4	4	3	2	8	0	11	12	8	8	4	10	11	8	17	7	8	5	20	7	7	5	10	1	0	2	4	5	3	11	6	4	3	4	4	7	2	3	8	21	3	8	7	9	6	4	7	3	3	2	5	7	6	6	14	3	0	0	1	0	1	0	6	1	2	3	1	4	2	2	2
"Sample13"	11	4	1	3	17	19	3	6	4	8	0	3	7	7	0	9	9	0	0	4	1	7	1	6	5	3	2	1	8	4	0	11	11	7	6	5	17	13	8	16	3	9	0	10	11	15	1	11	6	2	2	3	2	4	12	4	3	1	2	1	1	2	5	13	17	6	11	15	6	2	16	6	2	0	6	6	9	4	7	8	1	0	5	3	1	1	5	4	2	3	2	4	7	1	1	3
"Sample14"	6	11	4	6	9	15	1	3	4	5	3	5	4	1	0	10	5	3	0	2	4	8	1	1	2	1	0	1	6	5	0	10	11	16	2	9	14	12	4	12	2	10	2	4	3	11	4	4	0	2	4	4	0	3	2	7	2	0	0	6	4	1	4	7	14	1	8	14	11	5	10	15	5	1	4	6	11	6	2	5	1	0	2	3	1	0	5	4	0	1	2	4	1	7	2	3
"Sample15"	2	6	3	2	15	12	2	5	2	5	2	5	9	6	0	6	4	5	0	4	9	6	1	5	2	2	1	1	5	5	3	7	8	10	6	18	13	11	4	21	6	4	5	10	6	13	4	7	7	4	2	6	4	4	4	3	3	2	3	4	3	0	5	8	21	3	15	20	9	4	6	13	8	5	7	3	5	6	5	7	1	1	3	2	1	2	1	3	1	1	3	1	3	0	6	1
"Sample16"	6	7	0	8	9	8	4	10	7	1	0	3	10	12	2	3	11	1	1	1	2	7	0	5	2	0	0	2	2	4	0	9	14	7	2	3	15	8	6	14	5	10	8	6	3	4	2	8	7	0	0	10	7	5	5	10	2	4	6	0	1	7	2	7	18	4	10	15	9	8	6	6	4	3	4	6	11	3	5	2	1	1	6	0	3	4	4	4	1	0	0	0	1	4	3	3
"Sample17"	8	7	2	3	18	10	5	7	9	7	0	4	2	6	6	7	4	2	1	6	6	5	1	7	1	1	0	2	3	3	1	11	10	9	4	12	8	9	13	13	8	10	3	5	9	10	2	8	6	8	7	10	5	4	5	10	1	1	2	2	0	3	1	6	23	8	11	13	13	7	7	7	5	0	2	0	10	2	4	6	1	1	2	4	1	3	4	1	0	1	0	2	0	2	2	2
"Sample18"	4	3	0	4	12	17	2	6	7	3	0	7	9	6	1	12	2	0	2	5	3	2	0	8	2	2	0	7	5	9	1	7	8	14	7	8	13	12	4	12	7	9	4	8	6	9	4	7	7	3	4	1	1	5	2	9	0	0	9	2	10	4	0	11	14	2	14	7	7	0	5	17	3	1	2	3	8	4	8	11	2	0	1	7	2	0	2	3	0	1	5	0	1	1	2	6
"Sample19"	6	6	2	5	20	13	4	7	2	9	2	6	9	7	0	6	3	1	2	4	6	5	1	8	3	3	0	6	5	1	3	8	5	5	5	5	7	14	11	15	4	11	2	6	8	15	1	11	2	6	3	5	2	6	3	8	1	3	5	3	5	6	1	6	17	3	7	12	10	8	10	6	6	3	2	4	7	1	6	4	1	1	1	1	0	2	0	4	2	0	9	1	2	3	2	3
"Sample20"	11	11	0	1	15	12	2	9	5	2	0	6	10	3	0	8	5	0	0	4	1	1	0	1	2	5	0	1	3	11	0	11	11	4	7	13	11	13	9	15	17	5	2	16	7	9	6	17	6	8	5	9	3	4	5	2	1	2	10	1	1	4	1	6	25	6	6	19	6	5	14	13	9	3	1	6	9	5	8	4	1	1	2	3	0	2	0	3	2	0	1	2	2	5	4	4
"Sample21"	9	4	5	5	11	11	1	9	1	4	0	6	4	5	1	11	5	2	1	5	0	3	0	3	5	2	0	3	8	7	0	7	11	6	7	5	16	8	3	14	11	5	5	11	5	12	1	9	4	2	2	8	3	4	7	6	6	2	3	3	1	4	4	7	26	3	7	6	7	7	8	9	5	0	3	6	10	3	6	4	4	0	1	0	2	2	1	2	3	0	3	2	2	2	1	3
"Sample22"	8	8	3	2	19	6	5	10	0	4	2	4	5	4	1	3	5	3	1	8	6	4	0	7	4	2	1	1	8	6	0	5	3	9	2	11	11	5	4	15	5	8	5	10	7	11	5	7	0	2	3	10	1	9	5	4	3	0	4	3	3	4	2	4	17	6	18	7	5	6	4	11	6	0	4	3	6	5	6	6	3	0	2	8	0	2	3	3	2	1	3	0	2	0	2	5
"Sample23"	9	2	0	4	11	15	1	9	1	8	0	0	4	3	7	7	3	4	1	3	2	5	1	9	2	3	0	1	5	4	0	8	15	6	7	6	5	3	9	20	6	7	2	8	3	9	7	10	4	6	5	8	8	5	5	5	3	0	3	3	5	8	3	4	11	4	10	21	7	5	10	6	7	0	5	5	14	3	4	6	2	1	4	1	1	4	2	2	0	1	4	1	1	2	2	5
"Sample24"	4	7	1	6	11	15	4	9	2	2	1	4	4	6	3	7	5	2	0	5	2	4	1	6	5	3	1	6	7	7	0	13	9	11	1	15	10	8	6	8	13	7	2	7	9	7	3	10	7	3	5	3	2	7	3	2	5	3	2	3	7	3	3	11	20	4	12	7	6	6	6	4	3	1	5	3	6	1	5	2	3	4	0	2	1	2	6	3	0	0	1	1	1	0	5	9
"Sample25"	8	7	0	5	13	7	2	7	6	5	1	3	9	13	1	6	1	4	0	4	2	6	0	5	1	5	0	4	0	3	1	8	6	9	7	12	18	7	4	13	5	11	5	6	8	13	0	12	3	1	1	7	10	3	3	9	0	1	4	1	4	2	5	6	10	3	7	13	10	4	15	5	5	4	3	4	10	1	3	9	0	1	0	0	0	3	1	3	0	2	1	1	2	1	4	6
"Sample26"	6	5	2	11	18	10	3	11	2	7	2	7	6	5	0	0	0	2	3	5	3	7	1	7	0	3	1	5	6	6	0	9	13	14	3	10	12	6	8	13	9	10	3	8	7	11	2	14	5	3	3	2	3	4	6	2	1	2	4	3	2	4	5	5	24	5	8	10	13	6	8	10	8	0	8	5	8	2	2	6	1	2	0	6	1	2	7	5	0	1	3	7	0	4	2	3
"Sample27"	8	6	6	5	10	14	5	5	6	2	7	5	11	5	0	6	5	6	0	6	4	4	0	11	2	5	0	3	5	6	2	5	13	7	4	6	8	12	10	11	7	7	6	8	8	9	3	9	2	2	3	14	2	2	4	5	1	3	5	2	1	5	3	8	19	7	17	13	3	9	8	8	5	1	3	3	6	2	5	3	2	2	2	3	0	2	4	2	1	0	1	2	3	1	1	3
"Sample28"	7	5	1	7	10	12	4	5	2	3	1	2	8	6	0	6	8	3	0	5	6	6	2	4	3	1	0	5	3	3	0	9	5	5	3	9	3	16	2	19	6	12	5	11	4	8	5	11	5	4	6	9	2	6	8	9	4	1	4	2	2	5	5	3	21	7	7	19	10	12	8	7	5	2	8	6	14	4	3	5	1	4	4	1	1	4	3	1	0	2	4	5	1	0	2	4
"Sample29"	4	12	2	3	10	7	2	7	5	6	2	6	11	7	0	3	4	0	0	2	3	7	0	6	3	3	0	4	5	6	0	7	11	7	3	9	9	12	7	15	4	8	0	10	6	12	2	5	7	3	2	5	5	8	5	4	2	1	0	5	7	3	6	7	18	4	9	17	8	3	12	15	3	1	1	9	7	6	6	5	3	0	2	2	1	2	1	2	1	1	3	2	1	2	5	7
"Sample30"	8	7	1	8	16	21	1	12	8	6	1	3	8	6	2	4	2	4	0	4	6	6	2	2	2	3	4	2	5	4	1	8	9	9	8	5	11	22	6	14	4	4	6	5	7	12	1	11	3	3	3	0	2	6	7	6	2	2	2	3	6	4	3	5	20	5	15	5	13	4	10	10	4	2	5	3	6	3	1	10	0	1	1	3	0	1	1	3	1	0	1	1	1	3	0	2
"Sample31"	2	6	0	4	14	9	4	12	1	10	0	3	7	9	1	6	3	6	0	3	5	8	0	4	2	8	1	2	3	11	0	9	13	14	3	11	8	14	6	17	9	5	0	2	11	6	6	7	2	2	3	7	7	9	7	7	5	1	3	0	3	7	2	10	16	7	12	13	4	6	7	5	4	1	2	6	14	3	4	5	2	0	1	1	0	0	2	2	0	0	2	0	2	0	2	2
"Sample32"	4	9	1	3	17	16	2	12	2	4	0	6	4	5	1	3	2	2	2	6	8	4	0	1	1	2	0	2	2	7	6	8	3	9	5	11	17	10	9	17	4	13	2	12	8	8	3	7	3	3	2	10	5	6	0	2	2	1	6	2	8	3	4	2	27	7	17	17	7	1	10	3	4	3	6	5	9	2	1	3	3	0	0	6	2	0	2	4	2	0	3	2	3	0	1	8
"Sample33"	7	11	0	8	16	14	0	10	0	5	0	6	3	12	1	2	7	4	0	3	3	3	0	5	2	4	0	2	3	2	0	13	7	10	3	6	9	19	5	17	10	8	6	5	2	3	3	8	3	4	1	4	2	7	4	3	2	1	2	5	1	3	4	9	19	3	12	16	13	11	3	4	6	1	5	8	6	5	7	5	1	0	3	5	1	3	3	4	1	2	0	0	0	1	2	2
"Sample34"	6	6	0	5	9	17	1	10	5	7	0	2	4	5	1	4	1	3	0	2	6	9	1	4	3	7	1	4	5	2	2	4	7	11	5	12	14	10	7	11	9	9	1	9	7	10	4	10	3	6	11	9	2	7	3	3	4	1	3	0	1	6	5	9	25	1	11	16	3	4	9	11	8	4	5	11	12	8	3	13	2	3	7	2	1	1	2	1	1	0	2	3	1	0	1	6
"Sample35"	6	8	1	6	7	13	3	12	3	14	4	4	3	5	1	5	2	0	1	5	3	7	0	7	4	1	1	3	8	0	0	3	6	12	7	7	8	19	4	22	8	6	5	14	12	7	1	6	4	2	6	4	2	2	3	4	4	1	2	2	1	4	3	8	20	2	14	17	2	11	6	7	2	1	2	12	7	4	5	9	0	1	8	1	0	5	2	3	0	1	2	0	5	3	4	2
"Sample36"	10	5	3	6	18	14	5	13	5	1	1	5	6	10	0	6	6	3	0	4	7	1	2	3	2	6	0	2	3	5	0	5	14	9	4	14	8	8	5	14	9	6	4	8	9	13	4	10	3	6	6	7	1	3	2	6	1	2	1	1	3	4	4	11	21	3	13	14	13	4	5	15	4	0	6	8	11	1	3	7	2	1	3	3	1	2	4	1	0	0	1	0	1	3	2	3
"Sample37"	6	9	0	4	11	9	4	8	7	8	5	0	3	7	1	9	4	3	3	4	7	5	1	3	4	5	1	1	3	1	1	12	9	8	3	9	8	11	4	17	9	5	8	6	8	6	2	9	7	3	5	2	6	11	11	2	1	4	2	2	8	2	4	10	19	6	8	14	6	5	6	4	5	2	2	5	11	2	3	4	0	2	1	2	3	1	2	3	1	1	1	2	3	2	1	5
"Sample38"	14	2	0	5	13	16	5	8	2	3	0	6	8	12	1	3	10	2	1	3	2	5	0	5	1	1	1	3	1	8	0	11	14	4	7	8	22	12	13	15	10	10	0	11	8	12	4	11	2	2	2	4	2	4	5	4	3	1	2	3	9	3	7	5	14	4	14	8	8	10	6	11	8	2	4	4	5	3	5	15	1	1	1	1	0	1	4	3	1	1	2	2	3	3	4	4
"Sample39"	10	11	2	4	20	16	2	3	6	3	1	11	5	7	0	6	6	2	0	3	1	12	3	5	2	2	0	4	7	5	1	4	12	8	9	7	14	15	3	16	11	7	8	6	6	10	4	12	8	1	2	7	3	2	6	3	3	1	4	2	3	3	4	5	16	7	12	13	8	6	3	8	3	0	5	3	8	1	6	3	1	0	1	3	1	0	2	2	0	0	0	1	1	0	0	3
"Sample40"	8	4	1	5	15	7	0	9	2	6	1	5	6	4	1	4	1	4	1	1	7	7	2	6	2	4	0	5	4	4	0	4	11	11	2	4	12	13	6	12	7	14	4	7	3	12	3	8	7	2	2	2	1	5	8	7	1	2	1	6	2	3	4	9	21	6	17	14	8	11	7	6	4	1	4	2	11	7	7	7	2	0	2	6	0	3	3	4	1	1	6	1	2	3	6	4
"Sample41"	7	3	0	3	26	13	3	8	3	3	6	3	3	6	0	6	7	3	1	4	5	10	2	6	4	7	0	2	1	7	0	7	9	5	4	5	10	9	5	20	4	6	5	8	9	7	6	7	2	3	4	8	1	3	9	9	1	2	4	5	2	5	4	8	19	3	9	12	3	6	6	7	6	1	3	11	8	3	3	5	1	0	3	6	2	6	2	1	5	0	2	2	2	1	2	4
"Sample42"	11	11	1	8	18	10	4	7	1	7	1	3	10	11	0	10	5	1	1	2	1	0	1	6	5	4	1	2	10	5	0	10	13	6	2	10	4	14	6	15	8	8	2	5	6	14	3	13	5	2	6	8	7	6	3	4	3	2	5	2	4	5	0	2	21	5	12	14	9	5	13	8	8	0	5	4	13	1	8	12	3	0	4	0	4	3	2	4	0	0	1	1	6	1	1	7
"Sample43"	4	6	1	3	10	22	0	5	5	3	2	7	8	5	0	5	3	1	1	5	7	0	1	3	3	1	1	8	5	4	0	8	17	12	5	7	6	8	8	11	9	3	6	7	5	5	2	3	6	1	4	5	6	5	3	8	2	0	1	4	6	2	3	9	27	2	13	12	4	6	5	9	5	0	3	8	5	2	2	3	1	1	2	2	0	1	2	3	3	0	0	1	2	4	5	2
"Sample44"	6	7	1	4	21	11	2	8	3	8	0	8	10	7	0	4	6	2	2	5	2	6	0	5	2	5	2	1	6	4	0	10	12	13	3	7	12	14	1	11	2	11	4	5	8	11	2	9	5	1	4	7	5	3	4	7	0	0	7	5	2	4	5	8	26	3	7	23	15	5	4	9	4	4	5	5	11	3	3	7	2	0	3	1	1	3	1	0	0	1	5	2	5	0	4	5
"Sample45"	8	5	0	3	15	6	0	5	4	6	1	2	4	9	2	11	6	0	1	3	6	9	0	8	7	0	0	4	2	6	1	7	16	10	5	9	14	8	7	11	6	14	3	10	8	6	6	6	2	1	4	6	2	7	8	8	3	1	2	2	4	3	4	2	13	6	13	11	8	6	10	5	3	4	5	5	4	3	1	7	3	1	4	3	0	2	3	3	2	1	0	0	5	2	2	3
"Sample46"	10	9	0	5	9	12	3	6	2	7	1	4	8	6	2	12	5	2	0	4	3	6	3	6	1	1	2	10	4	3	1	12	5	1	6	14	9	12	4	19	7	4	5	4	11	7	6	6	8	2	3	5	1	2	3	15	3	2	3	3	4	8	1	10	13	6	9	14	10	3	7	8	9	2	5	4	9	0	7	11	4	1	5	1	2	2	0	2	0	1	2	2	0	1	2	6
"Sample47"	10	8	1	1	11	12	2	10	1	9	1	8	8	3	2	6	4	3	0	4	7	9	1	5	3	1	3	1	4	9	0	3	9	6	5	6	14	11	5	14	8	9	3	9	6	6	5	18	3	4	3	8	1	3	3	3	4	1	1	2	5	8	1	10	20	1	6	10	8	8	5	13	4	6	6	4	7	5	1	12	0	0	1	1	0	2	6	3	1	0	8	1	4	1	2	5
"Sample48"	4	7	1	3	20	13	0	10	4	4	2	3	7	12	2	4	6	2	3	4	4	0	1	4	2	4	0	2	3	2	0	4	9	3	5	11	12	12	4	11	12	4	3	12	7	4	4	12	4	2	4	7	4	5	1	6	3	0	3	3	7	5	3	14	15	4	6	14	13	10	1	8	11	3	4	3	10	6	8	9	0	1	5	5	2	6	1	2	2	1	4	2	1	0	1	3
"Sample49"	3	6	2	5	15	12	0	4	4	4	0	5	6	7	2	6	3	2	0	4	1	6	2	1	2	3	0	3	4	3	1	11	11	7	6	5	7	9	3	13	5	10	6	13	5	13	6	14	5	1	6	6	1	5	7	5	4	6	3	6	3	4	5	5	22	4	17	20	10	4	9	8	2	5	3	6	8	6	5	8	1	1	1	5	3	3	3	0	2	0	5	3	5	1	1	2
"Sample50"	2	9	1	2	15	12	4	14	7	6	0	6	11	8	3	1	4	1	0	2	6	6	3	8	2	1	1	0	4	2	2	8	16	6	12	10	13	12	11	19	6	9	2	4	7	7	4	12	5	4	2	8	2	8	6	6	2	3	2	1	4	3	3	3	17	10	12	18	2	10	6	15	2	1	3	4	8	5	3	13	4	1	0	1	0	0	4	3	3	0	0	2	2	0	4	0
"Sample51"	9	12	2	4	8	15	1	5	2	6	0	6	6	5	1	4	2	2	0	4	7	4	0	7	3	1	1	1	5	4	0	11	7	5	5	12	15	10	3	6	4	14	3	4	5	9	1	12	5	2	3	4	5	7	7	7	6	4	4	1	5	6	2	3	21	3	7	13	8	5	11	14	8	3	6	4	6	2	1	4	0	1	6	4	4	2	2	3	5	0	2	0	2	2	3	3
"Sample52"	6	4	0	7	8	16	0	8	6	5	0	3	7	6	2	9	4	2	0	3	5	5	0	8	5	0	1	1	3	7	0	17	13	8	4	25	5	7	5	11	5	8	1	10	7	9	3	15	6	2	4	6	3	5	7	4	1	3	4	2	5	0	0	6	26	6	15	8	9	14	17	11	4	1	2	4	12	2	7	5	2	1	2	1	0	1	1	5	2	0	4	1	3	1	2	9
"Sample53"	9	5	1	1	25	26	2	10	6	11	0	4	15	5	0	7	10	3	0	7	5	1	2	7	0	2	1	1	3	4	0	10	8	13	1	9	14	10	7	18	5	8	2	10	9	9	4	8	4	4	2	3	0	3	6	7	5	3	3	6	5	1	1	12	20	6	14	17	7	4	10	10	4	2	4	9	6	1	3	13	1	0	1	2	1	0	5	5	2	0	1	1	1	2	1	3
"Sample54"	3	4	0	3	15	13	2	7	9	9	1	4	8	6	3	5	5	1	0	5	5	4	0	9	2	2	0	5	5	2	2	6	11	8	5	9	11	17	12	14	8	4	2	10	8	7	4	15	7	7	4	4	1	1	4	5	7	2	3	3	3	2	4	2	16	6	11	21	10	7	11	11	7	1	5	9	12	6	6	4	0	2	8	3	3	2	3	3	1	0	2	3	2	2	0	2
"Sample55"	8	8	2	6	15	15	1	8	1	6	3	1	9	5	1	4	5	2	0	2	7	6	2	3	2	3	0	3	8	5	0	13	2	13	8	6	9	18	4	20	9	12	4	8	8	9	6	8	8	3	0	5	6	2	6	5	3	1	3	4	3	4	8	2	15	1	11	9	7	3	10	4	4	1	6	9	9	4	0	6	1	2	3	4	0	2	3	3	1	3	1	2	4	1	3	4
"Sample56"	9	7	1	7	9	11	3	9	3	4	3	0	7	5	0	10	5	3	0	6	6	5	1	4	2	2	0	6	5	13	1	3	16	13	8	7	8	15	5	8	9	6	5	11	6	10	6	6	2	1	4	7	3	5	2	5	1	0	2	5	0	3	2	8	18	1	11	15	7	5	11	7	5	2	0	3	5	5	2	5	3	0	1	2	1	3	5	4	0	1	3	1	1	1	2	0
"Sample57"	3	6	2	5	8	15	2	14	4	5	0	2	5	10	0	4	4	1	1	3	4	6	3	5	1	1	1	3	4	1	0	7	15	13	4	5	3	8	6	20	11	6	8	6	5	5	2	6	3	1	4	9	5	9	3	4	5	1	2	2	6	2	3	8	26	4	7	18	9	7	6	7	4	4	4	3	10	5	7	9	5	0	5	2	3	3	2	0	2	3	0	1	0	4	1	4
"Sample58"	8	6	1	1	12	20	2	1	5	4	0	5	3	7	2	6	8	2	2	8	6	11	0	4	1	2	0	4	1	4	0	6	4	11	5	9	17	13	5	12	3	6	6	9	16	14	4	9	6	7	4	3	1	3	11	5	1	6	2	5	6	2	1	6	15	8	16	24	9	6	9	10	6	4	6	5	12	7	1	11	5	1	0	2	0	0	3	3	0	0	2	1	2	2	3	4
"Sample59"	5	6	1	8	15	25	3	10	2	8	0	3	6	3	1	5	7	2	1	1	4	6	0	5	5	3	0	6	4	3	0	12	9	14	5	5	10	8	5	16	4	8	4	5	7	8	2	10	4	2	4	4	1	3	3	4	1	1	0	6	3	6	3	5	25	10	14	13	8	5	7	9	3	0	2	5	14	6	2	6	2	5	0	5	1	0	1	3	2	1	3	2	3	5	3	2
"Sample60"	5	7	3	6	14	12	1	11	7	5	1	1	4	11	0	7	3	2	0	6	5	3	0	5	3	5	0	1	5	3	1	9	8	11	4	8	13	11	5	12	4	5	10	9	4	14	3	12	7	2	9	8	1	4	5	2	3	1	7	3	2	2	3	7	18	3	9	20	4	7	9	9	11	2	9	12	6	2	6	8	2	0	1	1	1	4	2	2	0	0	2	1	1	0	2	5
"Sample61"	4	4	0	1	6	12	1	8	6	3	1	6	6	6	5	4	6	4	1	2	4	8	1	8	10	4	1	2	8	3	1	9	9	9	4	7	11	18	7	17	15	8	5	10	6	5	4	6	3	4	1	4	7	1	8	0	1	1	2	5	7	2	2	7	23	9	16	10	10	6	6	9	7	3	4	7	10	6	8	5	3	0	3	7	0	0	3	3	2	0	1	1	2	0	3	3
"Sample62"	6	5	0	4	10	15	4	9	4	9	2	6	6	2	2	2	4	3	1	8	5	3	1	5	4	3	1	5	3	3	1	13	11	7	6	5	6	12	2	12	8	11	1	9	9	9	5	9	3	3	4	3	3	2	4	4	2	1	3	2	4	7	2	5	23	3	12	9	6	2	6	10	1	2	6	2	9	2	7	4	2	1	1	3	2	3	2	5	1	1	3	1	4	3	2	5
"Sample63"	5	11	2	4	18	11	2	4	5	9	0	2	4	4	0	5	4	1	0	11	2	7	0	4	1	1	0	2	3	4	0	10	9	10	1	13	5	9	5	15	5	3	3	3	11	8	6	9	6	0	3	7	2	4	3	2	4	4	3	4	11	2	1	4	23	4	11	19	11	3	9	6	12	5	2	3	13	7	1	11	1	0	4	4	0	2	7	3	1	1	1	0	3	1	2	3
"Sample64"	5	6	1	5	17	9	0	9	9	11	0	7	10	7	1	6	6	4	0	4	7	7	1	7	3	4	0	1	4	2	0	15	7	1	1	11	14	15	4	14	8	2	2	6	7	9	1	4	7	5	4	4	2	2	5	4	2	5	5	4	2	2	5	6	16	3	10	14	7	9	7	11	3	4	2	7	9	7	1	6	0	0	1	4	0	0	3	2	0	0	4	1	0	2	3	4
"Sample65"	4	8	1	8	9	13	4	11	6	7	1	3	12	8	0	3	6	1	2	6	7	3	1	3	3	1	0	1	3	5	2	9	7	6	3	7	15	5	8	9	10	2	7	6	7	6	3	8	5	5	3	5	4	9	4	8	2	1	3	6	8	4	2	4	12	7	8	9	6	5	9	10	7	1	3	2	10	3	4	10	2	3	2	6	0	0	1	3	1	0	1	3	1	2	2	4
"Sample66"	5	19	1	1	6	16	0	12	4	2	1	6	6	4	0	8	4	4	1	4	8	7	0	3	2	2	1	7	7	4	0	8	5	5	6	9	8	14	7	17	7	10	4	10	6	10	4	7	4	2	6	5	5	3	2	8	2	2	3	8	3	7	3	4	18	3	7	7	6	8	11	12	9	2	2	4	7	6	3	3	0	1	2	1	0	5	5	1	0	0	3	0	2	4	1	1
"Sample67"	9	8	4	6	12	9	3	8	2	5	2	3	4	10	1	4	6	5	0	6	4	5	0	4	1	2	0	1	8	4	0	6	11	8	5	12	10	12	9	14	6	6	3	11	18	7	9	8	3	3	4	5	6	7	4	4	2	0	3	1	5	4	0	7	14	5	18	12	7	9	7	11	4	3	3	3	10	3	3	12	0	0	1	0	0	2	0	5	4	2	2	5	1	4	3	2
"Sample68"	7	6	1	4	14	10	2	9	3	5	0	3	6	5	4	4	7	4	0	4	7	4	0	4	2	8	0	4	9	1	1	9	7	10	7	10	13	9	4	21	7	7	2	7	9	10	5	7	3	1	6	7	2	7	1	1	3	2	1	2	2	1	4	9	12	4	11	14	6	12	9	5	8	3	5	7	7	3	2	3	2	3	2	4	0	5	4	4	1	1	2	0	2	1	2	6
"Sample69"	6	1	0	3	21	11	2	14	5	7	3	7	6	6	1	8	7	2	0	3	6	3	0	4	2	3	0	4	5	4	1	9	9	12	7	6	11	7	10	16	6	13	1	4	8	3	2	6	4	2	2	10	7	3	8	1	5	2	8	6	3	1	5	8	17	3	18	17	6	8	9	9	5	1	5	6	15	3	8	9	0	0	1	3	0	1	3	4	0	0	6	4	4	1	9	4
"Sample70"	5	2	0	2	13	10	2	8	4	7	2	3	9	4	0	3	5	1	2	7	9	5	1	4	2	0	0	4	7	9	0	15	7	6	6	5	11	10	9	12	11	4	2	12	11	15	4	5	6	4	8	6	5	2	5	7	4	1	3	3	6	7	4	5	16	2	8	17	9	4	10	11	2	2	6	3	13	5	3	6	2	0	0	1	3	3	1	1	0	0	2	1	0	2	6	5
"Sample71"	3	2	1	3	19	19	4	7	4	4	2	3	5	10	0	2	9	4	0	2	3	9	1	1	1	0	1	5	4	3	2	9	15	13	6	8	7	8	4	16	5	10	2	7	14	16	3	13	3	0	2	7	3	5	8	9	2	5	5	3	0	4	2	7	23	4	11	8	5	5	7	8	4	1	3	4	14	2	1	3	0	1	1	3	0	4	1	3	0	0	3	4	5	0	0	6
"Sample72"	6	7	2	10	22	18	2	9	2	5	2	4	5	7	1	7	7	6	0	6	4	4	0	11	2	0	0	5	4	8	0	9	13	9	8	10	10	8	4	19	6	7	2	6	7	7	2	11	3	2	2	9	3	1	5	7	2	2	2	6	9	4	1	7	21	2	14	7	11	8	10	2	9	2	3	12	10	3	3	15	3	0	0	2	1	1	3	6	3	1	3	3	2	0	3	2
"Sample73"	9	13	3	5	9	15	1	5	2	7	3	7	6	8	0	2	1	6	1	8	6	5	0	3	2	0	2	3	3	5	1	6	5	4	8	7	14	8	7	23	3	8	2	5	3	9	3	6	2	8	4	7	1	5	6	9	2	2	2	2	5	4	0	8	24	10	12	12	6	5	3	7	7	3	5	7	10	1	5	8	2	3	3	1	1	4	2	2	3	0	2	1	1	3	3	5
"Sample74"	10	5	1	4	11	17	4	7	6	4	0	2	11	3	0	5	6	4	1	5	2	6	4	7	3	4	0	0	4	1	1	3	12	8	8	12	5	12	6	16	3	12	6	9	5	9	2	13	8	5	3	12	5	5	5	7	3	5	0	5	4	3	1	5	21	4	14	14	6	5	8	9	8	2	6	10	11	4	3	6	0	1	2	1	0	3	5	3	0	0	1	1	2	3	2	3
"Sample75"	9	3	0	5	15	17	1	4	5	10	1	4	4	4	0	4	7	4	0	6	2	4	0	4	3	1	1	1	4	6	0	7	11	5	9	7	11	18	5	20	7	11	1	14	9	8	3	7	2	1	2	8	2	2	8	3	2	0	2	2	4	3	1	5	16	3	17	12	13	5	7	13	6	1	3	9	4	7	5	10	4	1	2	1	1	3	3	5	2	2	1	1	5	3	1	2
"Sample76"	8	6	0	6	11	20	0	8	2	10	1	7	3	9	1	5	2	3	1	7	6	3	0	4	4	3	1	4	2	9	4	8	13	6	1	8	8	14	3	19	3	7	1	5	6	10	3	9	5	2	1	7	1	7	7	4	5	1	3	8	6	3	0	6	32	3	28	14	7	6	10	9	3	2	5	3	9	1	3	8	3	1	2	2	2	2	2	2	0	0	2	0	1	4	2	5
"Sample77"	6	5	0	5	17	16	4	6	3	4	0	2	11	10	1	5	6	6	0	7	5	7	1	11	3	4	1	2	9	4	2	14	8	4	7	6	12	11	12	18	9	11	3	9	12	6	1	7	3	3	4	7	2	5	5	6	5	1	2	2	2	1	2	6	24	3	8	10	5	5	14	9	5	1	4	2	14	7	2	7	1	0	7	0	1	3	7	0	0	0	0	1	4	4	4	4
"Sample78"	12	10	3	1	19	10	3	9	5	8	0	8	5	7	1	7	7	3	1	11	5	6	1	13	7	2	1	4	2	4	1	9	12	6	4	7	15	12	7	14	7	6	4	4	10	14	1	11	7	1	3	6	4	3	5	2	4	2	4	1	4	1	6	4	14	3	13	11	10	5	5	5	10	1	5	7	7	5	7	8	1	1	1	0	0	0	2	3	0	1	1	2	1	1	1	7
"Sample79"	7	4	1	3	14	9	6	11	7	5	1	8	8	10	2	9	2	0	0	5	6	5	0	5	3	2	0	1	5	5	1	3	14	14	2	13	23	8	5	19	3	7	3	9	6	9	5	3	2	1	7	4	2	4	7	3	11	1	3	5	3	2	7	13	21	3	10	14	9	4	7	8	14	1	5	6	5	4	5	9	4	1	1	2	2	1	2	2	0	0	1	0	1	0	1	2
"Sample80"	4	7	1	7	7	16	0	14	4	4	1	1	10	9	2	9	6	3	0	3	5	3	2	10	7	5	0	5	7	4	1	7	12	5	2	13	13	11	5	14	12	14	6	8	7	14	1	7	10	1	3	9	3	4	5	4	2	1	3	7	6	2	2	5	16	7	16	12	11	9	8	8	6	2	5	3	10	2	4	13	1	1	1	3	0	4	0	0	2	0	2	1	1	1	8	7
"Sample81"	9	7	3	5	15	17	1	11	5	5	3	8	2	0	0	5	6	0	1	3	8	6	2	5	2	2	1	5	4	5	2	8	8	7	5	8	12	15	8	15	12	9	6	8	13	12	3	11	5	4	4	9	4	2	3	8	0	2	5	2	2	0	4	12	21	3	17	2	15	8	5	6	7	7	7	8	4	3	5	9	2	1	3	1	3	1	2	2	2	0	1	2	1	0	1	0
"Sample82"	10	10	4	7	15	11	4	13	3	7	1	6	14	6	0	8	9	4	0	2	5	6	0	3	2	3	1	7	3	4	0	10	8	10	2	16	9	12	2	26	8	7	3	9	15	7	3	7	3	5	2	7	1	9	4	6	0	1	2	5	2	2	3	4	17	3	18	11	8	6	14	6	11	2	10	5	11	1	2	16	4	0	2	7	1	2	1	2	1	1	0	1	2	0	1	4
"Sample83"	9	8	2	1	10	16	2	7	6	8	2	4	6	6	2	5	0	3	0	4	6	7	2	3	4	4	0	3	4	11	2	14	10	5	3	11	10	12	6	21	8	8	4	6	11	11	1	13	3	3	2	5	1	4	4	13	4	1	2	3	1	2	1	3	18	2	7	12	11	11	4	13	6	4	7	2	9	1	7	8	1	0	4	2	0	1	1	8	0	2	2	3	1	3	3	7
"Sample84"	2	6	0	4	12	18	6	9	4	5	0	6	9	6	2	3	3	2	0	2	3	3	0	4	1	5	1	7	6	9	0	10	9	5	11	9	7	11	10	10	12	8	6	4	7	13	3	10	4	3	5	8	5	2	6	3	3	3	3	5	4	2	3	3	31	4	16	15	12	5	11	6	5	5	4	4	13	4	2	7	0	2	5	2	0	5	7	1	0	1	1	3	3	2	3	1
"Sample85"	13	9	1	3	14	7	2	11	4	10	0	3	4	6	1	1	9	4	0	3	4	3	3	5	2	1	0	1	6	6	0	10	12	8	6	6	6	16	9	12	11	10	1	8	9	11	2	7	4	1	2	4	6	4	6	2	3	3	3	2	5	1	8	7	20	2	13	12	12	9	4	4	4	1	5	6	8	3	5	12	5	1	3	4	4	2	3	2	2	1	0	1	1	2	4	4
"Sample86"	12	3	1	5	22	16	3	8	6	7	3	5	9	9	4	8	5	1	1	8	5	1	2	9	3	4	3	4	5	8	1	9	19	6	9	7	12	8	9	13	9	11	6	6	6	7	0	10	5	2	4	8	1	7	5	7	3	1	3	2	4	2	5	13	24	5	13	14	10	5	15	5	5	0	1	6	5	6	10	4	5	0	3	5	5	3	2	1	0	0	3	1	2	3	1	0
"Sample87"	4	6	0	3	17	24	5	10	10	6	1	1	6	5	1	2	8	3	0	3	1	7	3	1	2	3	1	2	6	4	0	14	11	6	1	7	10	13	4	11	8	10	7	11	3	12	2	10	3	4	4	8	8	10	4	2	2	1	4	2	4	1	4	11	12	2	12	9	10	5	11	11	6	2	7	8	10	4	2	7	2	2	1	1	3	0	3	4	1	2	4	1	0	2	3	5
"Sample88"	8	7	0	2	12	17	4	8	8	3	1	5	9	1	0	7	3	3	1	4	5	3	0	2	1	8	2	1	9	3	1	16	13	5	3	7	7	4	7	16	8	9	4	6	13	4	6	10	5	2	7	7	6	7	2	9	0	2	2	2	4	4	1	3	14	2	12	15	3	7	5	12	8	0	4	2	14	0	7	11	1	0	1	5	0	0	5	1	2	0	2	2	1	1	3	0
"Sample89"	2	8	1	3	18	16	3	5	2	9	0	6	6	5	3	5	4	2	2	11	3	5	2	1	4	3	0	3	9	14	1	10	14	6	5	7	9	7	7	18	8	4	3	10	5	11	3	11	2	5	2	4	4	2	3	5	3	2	2	4	6	2	1	2	17	6	8	13	15	11	11	12	0	1	5	3	9	2	1	7	0	2	3	1	0	2	7	1	0	0	2	2	1	1	4	2
"Sample90"	8	13	1	5	17	15	1	6	4	5	2	3	5	4	1	4	6	2	0	6	7	3	1	2	4	2	1	3	7	3	0	6	11	7	4	9	13	13	12	13	6	3	5	7	9	13	3	9	3	0	4	6	1	3	2	7	3	2	2	1	2	3	2	5	16	5	12	14	8	5	14	9	6	0	2	8	10	6	7	6	4	0	1	1	0	2	2	1	1	0	1	0	5	0	5	5
"Sample91"	6	5	1	3	20	11	0	11	5	4	2	4	11	14	1	10	5	1	0	1	5	4	1	3	2	1	1	1	1	8	0	11	9	6	2	4	10	10	6	13	5	6	6	6	7	12	1	9	6	3	8	3	5	7	8	2	1	0	2	3	7	4	8	9	19	3	9	12	5	6	5	15	8	1	6	7	9	3	5	10	0	3	2	4	3	0	3	3	1	0	1	0	6	3	4	4
"Sample92"	7	6	1	5	11	13	0	7	1	7	1	5	9	8	0	8	5	4	0	3	1	2	1	7	4	0	1	4	4	3	0	9	0	7	5	10	7	6	2	18	5	8	4	11	10	5	3	10	5	1	3	7	6	2	4	6	1	3	4	3	8	7	2	3	14	1	13	13	10	3	8	8	8	6	3	3	15	1	7	8	1	0	2	1	1	3	9	3	1	1	5	0	2	3	0	8
"Sample93"	7	10	0	3	8	26	2	10	6	8	1	5	13	3	1	2	3	3	1	0	4	5	1	6	3	1	1	3	4	2	0	9	8	12	5	8	11	15	5	21	5	8	4	10	6	5	2	5	3	2	3	5	1	5	1	4	2	2	2	6	7	0	2	3	18	7	8	14	8	11	12	9	4	0	7	3	11	4	2	6	1	1	2	0	2	2	2	5	2	0	1	4	1	2	0	3
"Sample94"	5	4	3	2	11	13	0	8	6	7	0	5	11	8	1	9	7	1	1	5	6	4	1	5	2	1	0	6	7	8	2	11	14	4	5	9	9	11	6	14	12	2	3	2	8	7	2	12	4	1	4	7	0	3	5	1	3	2	3	2	8	5	3	5	22	4	13	15	15	6	5	4	7	1	3	5	12	2	4	5	3	3	1	0	0	0	1	4	1	1	2	3	1	2	2	6
"Sample95"	8	2	1	0	22	14	3	6	3	6	0	5	10	5	1	3	4	6	0	2	4	4	2	4	2	6	1	2	7	8	0	4	4	15	3	6	16	12	4	10	4	9	5	7	11	13	1	6	3	3	2	4	1	2	3	6	1	2	6	4	0	6	3	8	16	4	14	14	5	8	7	10	5	4	6	1	17	10	5	5	2	1	2	4	2	1	4	1	1	0	2	0	2	1	3	7
"Sample96"	1	8	1	4	13	14	2	8	2	11	1	4	8	2	1	4	7	2	1	6	6	4	0	5	3	3	1	7	5	3	0	8	8	4	6	12	7	11	2	15	13	11	3	8	10	7	3	12	3	4	4	3	6	4	4	4	3	4	4	3	5	3	0	9	13	4	11	11	12	9	6	10	11	4	5	7	12	3	6	4	0	2	1	1	0	4	2	1	0	1	1	3	2	1	6	3
"Sample97"	3	5	1	1	20	13	1	15	3	7	0	4	3	7	1	2	4	1	0	7	5	6	1	1	1	3	0	3	2	4	0	2	12	10	6	14	11	9	6	16	10	4	3	13	11	18	2	10	4	2	1	5	5	3	4	5	0	2	0	2	0	1	2	6	20	3	16	13	9	7	7	11	2	3	5	5	15	3	5	16	4	3	7	3	0	2	2	3	2	0	1	2	0	2	3	3
"Sample98"	9	6	1	6	7	20	1	14	5	7	1	2	6	12	0	3	7	5	0	1	5	6	0	5	2	3	0	4	3	5	1	6	16	6	8	7	3	14	5	13	4	12	3	9	6	7	6	4	6	5	4	6	4	4	4	5	3	3	1	3	3	5	6	8	17	9	7	12	15	4	7	9	5	1	6	8	6	4	9	4	0	0	2	1	1	2	2	3	0	1	6	3	0	3	5	5
"Sample99"	4	2	2	4	9	9	1	9	7	8	2	5	4	5	0	2	7	3	1	4	0	13	1	6	0	0	0	3	4	5	0	10	10	13	3	4	8	17	12	15	8	6	3	7	10	8	1	16	5	3	11	8	5	5	4	3	2	0	2	5	5	1	2	5	19	5	12	7	7	11	7	11	1	3	4	3	10	1	3	9	4	0	2	4	0	3	3	6	1	2	1	1	2	0	0	3
"Sample100"	3	7	4	3	7	11	4	7	3	6	1	1	6	7	0	10	5	6	1	3	4	6	0	7	1	6	0	2	3	4	1	11	17	2	3	9	12	9	3	13	7	14	2	6	8	13	4	9	4	2	3	5	2	3	4	4	1	0	4	2	2	3	1	1	15	3	15	12	3	2	8	6	5	0	0	5	12	4	8	3	0	1	0	2	4	1	6	2	0	0	3	3	0	1	2	1
