"SBS1"	"SBS2"	"SBS3"	"SBS4"	"SBS5"	"SBS6"	"SBS7a"	"SBS7b"	"SBS7c"	"SBS7d"	"SBS8"	"SBS9"	"SBS10a"	"SBS10b"	"SBS10c"	"SBS10d"	"SBS11"	"SBS12"	"SBS13"	"SBS14"	"SBS15"	"SBS16"	"SBS17a"	"SBS17b"	"SBS18"	"SBS19"	"SBS20"	"SBS21"	"SBS22a"	"SBS22b"	"SBS23"	"SBS24"	"SBS25"	"SBS26"	"SBS27"	"SBS28"	"SBS29"	"SBS30"	"SBS31"	"SBS32"	"SBS33"	"SBS34"	"SBS35"	"SBS36"	"SBS37"	"SBS38"	"SBS39"	"SBS40a"	"SBS40b"	"SBS40c"	"SBS41"	"SBS42"	"SBS43"	"SBS44"	"SBS45"	"SBS46"	"SBS47"	"SBS48"	"SBS49"	"SBS50"	"SBS51"	"SBS52"	"SBS53"	"SBS54"	"SBS55"	"SBS56"	"SBS57"	"SBS58"	"SBS59"	"SBS60"	"SBS84"	"SBS85"	"SBS86"	"SBS87"	"SBS88"	"SBS89"	"SBS90"	"SBS91"	"SBS92"	"SBS93"	"SBS94"	"SBS95"	"SBS96"	"SBS97"	"SBS98"	"SBS99"
0	0	2.34813932801253e-08	0	0	0	0.0372836907353709	0	0	0	0	0	0	0	0	0	0	0	0.0142070831546267	0	0	0	0.024114078280882	0.0333098481075456	0	0	0	0	0.0310142004738389	0	0	0	0	0	0	0	0	0.121700481050428	0	0	0.038314649251211	0	0	0	0	0	0.327949625306447	0	0	0	0	0	0	0	0.0193454794816938	0	0.0363088585866726	0	0.0397112264225356	0	0.0668579124234409	0	0	0.0198466841069819	0	0	0	0.0332341296579058	0	0	0	0	0	0.0728312171144514	0	0	0.0492347293846332	0	0	0	0	0	0	0.0347360829799417	0	0
0	0	0.0642100112512852	0	0	0	0	0	0	0	0	0	0	0	0	0	0.0423510398032327	0	0	0	0	0.132796036403249	0.0716958569619026	0	0	0.0586365287766512	0.0580737582023808	0	0	0	0	0	0	0	0	0	0	0	0	0.0144082485031965	0	0	0	0	0.0433917806023812	0	0	0	0	0	0	0	0	0	0.075957197202422	0	0	0	0	0	0	0	0	0.0577460163917438	0	0	0	0.0447103317349997	0	0.0314059643897568	0	0	0	0	0	0	0	0	0	0	0.291108337806631	0	0	0.0135088919701672	0	0
0	0.0142441704370774	1.42062088516614e-08	0	0	0	0	0	0	0.0201755013921323	0	0	0	0	0	0	0	0	0	0.0650926840611643	0	0	0.0172206215327201	0	0	0.0226947452371813	0.0153453298528672	0	0	0	0	0	0	0	0	0.0165181126216019	0	0	0	0.111294349634345	0	0	0.126744141546385	0	0	0	0.0363281990117986	0	0	0	0	0	0	0	0	0	0	0	0	0	0	0	0	0.0310944444774838	0	0	0	0	0	0.0232752080385101	0	0	0	0	0.0159059310251656	0	0	0	0	0	0.31974934007554	0	0.164317206849819	0	0	0
0	0	0.171158742209715	0	0	0	0	0	0	0	0	0	0	0	0	0	0	0	0.0573085655796897	0	0	0	0.0218657358048465	0	0	0	0	0	0	0	0	0	0	0	0	0.0709491157574814	0	0	0.14182525593459	0	0	0	0	0.0101767477316134	0	0	0	0	0	0	0	0	0	0	0	0	0	0	0	0	0	0	0.172624999488013	0.0603579153265195	0	0	0	0.0195053325620955	0.0083486546170952	0	0	0	0	0.0492489583733215	0	0	0	0	0.21662997661502	0	0	0	0	0	0	0
0	0	0	0	2.67374498279528e-08	0	0.0680564482428762	0	0	0.0103975953729971	0	0	0	0	0	0	0	0.0891036539719725	0	0	0	0	0	0	0	0.0247758946080079	0	0.0184602877497707	0	0	0	0.0163883166306493	0.168976136882799	0	0	0	0	0	0.0864318394394197	0.076814472615835	0	0	0	0	0.148061806390948	0	0	0	0	0	0	0	0	0	0	0	0	0	0	0	0	0	0	0	0	0	0	0	0	0	0	0.00132844996763259	0	0	0.126953340154297	0.0512374079501469	0.014256443518261	0	0	0	0.0573855067685638	0	0.0413723729983739	0	0	0
0	0	0	0	1.88349164100498e-08	0	0	0	0	0.0141150971127557	0.0694095329917806	0	0.0133398124683245	0	0	0	0	0.0891980063465041	0	0	0	0	0	0	0	0	0	0	0	0	0	0	0	0	0.00961382512595228	0.00520467432928354	0	0	0	0	0	0.00805733258110977	0	0	0.0459153424291982	0	0.0247277408338503	0	0	0	0	0.0885973677408416	0	0	0	0	0	0	0	0	0	0	0	0.0724382252001313	0	0	0	0	0	0	0	0.104414005336538	0	0	0	0	0	0.0159072107281024	0.211218790623159	0	0	0	0.0444499616977039	0.0490103896078901	0.0487031158308853	0.085679550181073
0	0	2.53677235513252e-08	0	0	0	0.0382055099816342	0	0.0469109161168333	0	0	0	0.0168313521834964	0.0355597018814677	0	0	0	0	0.0513583462418034	0	0	0.0902762720431187	0.0269998381822855	0.0448114668468936	0	0	0	0	0	0	0	0	0	0	0	0	0	0	0.26128201899572	0	0	0	0	0	0	0	0	0	0	0	0	0.0420447286385752	0	0	0	0	0	0	0.0089485763416804	0.0228411510810416	0	0	0	0.0196794289200502	0	0	0.0365187267896875	0	0	0	0	0	0.0823542585166105	0	0	0	0	0	0	0	0.175377681871378	0	0	0	0	0
0	0	0	0.0939939635994473	0	0	0.04543223479411	0.0107615486313602	0.0538348397725675	0.0153728791064332	0	0	0	0	0	0	0.0415766452172975	0	0	0	0	0	0	0	0	0	0.0966958682767258	0	0	0.115394289207322	0	0	0	0	0	0.0337362847795896	0	0	0	0.0142830310785143	0	0	0	0	0	0	0	0	0	0.219502455691531	0	0	0	0	0	0	0	0	0	0	0	0	0	0.127741992089787	0	0	0	0	0	0	0	0	0	0	0	0	0.0520237408261723	0	0.0309539096730866	0	0	0	0.0261635263921652	0	0	0.0225327908638901
0	0.0137537643450229	0	0	0	0	0	0	0	0.0341540607415924	0	0	0	0.00768954105445399	0	0	0	0.0456414924857797	0	0	0	0.301652998908863	0	0.00446435571917134	0	0	0	0	0	0	0.0188865005111449	0	0	0	0	0	0	0	0	0	0	0	0	0	0	0	0	0	0	0	0	0.180922760173494	0	0	0	0	0	0.0144715230771829	0.011999215137131	0	0	0	0	0.0412860935684998	0	0	0.0180071664687398	0	0.0363906400402775	0.0112819224665437	0.0613510911635658	0	0	0	0.0581125869608158	0	0	0	2.65337611341343e-08	0	0	0	0	0.13993426064396	0	0
0	0.0124822228856127	0.0237528891685324	0	0.167139054632934	0	0	0	0.0570305627778459	0	0	0	0	0	0	0	0	0	0	0	0	0	0.0144135567850813	0	0	0	0.0901755191869496	0	0	0	0	0.0365434775087346	0.137041624356326	0.0365724771250873	0	0.0259426036360174	0	0	0.021134120753852	0	0	0	0	0	0	0	0	0	0	0	0	0	0	0	0	0	0	0.0105397119224754	0	0	0	0	0.0563248091991991	0.0325523478891168	0	0	0.0584236762275714	0.0136771487551711	0	0	0.0600495005631037	0	0.058756477159379	0	0.0163650593912394	0	0	0	0.0710831600757707	0	0	0	0	0	0	0
0	0	0	0	0	0	0	0	0	0	0	0	0	0.0139268870151574	0	0	0	0.0272096774405179	0.0384690020972559	0	0	0.0174732590550843	0	0	0	0	0	0.0431285539762205	0.0113066928233833	0	0	0.11950092153912	0	0	0	0.123362754300097	0	0	0	0	0	0	0.0364268594681798	0	0	0.033032453917042	0	0	1.76765240027897e-08	0	0	0	0	0.0691679882968226	0	0	0	0	0.00948747509277668	0	0	0	0	0	0	0	0	0	0	0	0.0189341886629292	0	0	0	0	0	0	0	0.321570553135703	0.0997431861404548	0	0	0	0	0.0172595293627325	0
0	0.0138647895545772	0.181203612557689	0	0	0	0	0	0.0152252971802836	0	0	0	0	0	0	0	0	0.126046517393478	0	0	0	0	0.0201563233767181	0	0	0.0962759798472848	0	0	0	0	0	0	0	0	0	0	0	0	0.0920683343939382	0	0	0	0	0	0	0	0	0	0	0	0	0	0	0	0.0953680698583388	0	0	0	0	0	0	0.0413579657625964	0.0276490859780799	0	0	0	0	0	0	0	0	0	0	0	0	0	0.0524462344162358	0	0	0	0.111035638854371	0	0.127302150826409	0	0	0
0	0.0191100845281824	0	0	0	0	0.0639438214073088	0	0.0314341912411061	0	0	0	0.0254943645760374	0.0325126169268793	0	0	0	0.0386791974687703	0.0206026839480027	0	0	0	0	0	0	0	0	0	0	0	0	0	0	0	0	0	0	0.0356873510745159	0	0	0	0	0	0	0.0412928681172683	0	0	1.37765966099956e-08	0	0	0	0	0	0	0	0	0	0	0.0373571313849249	0	0	0	0.0522351958252374	0.0273227489403081	0	0	0	0	0	0	0.0758652420991337	0	0	0	0.0185423354240954	0.0606391900902081	0	0	0	0	0.388716368626051	0	0	0	0.0305645945453738	0
0	0	0	0	0	0	0	0	0	0	0	0	0	0	0	0	0.0736438207899607	0.0472678990189265	0.0540132554071155	0	0	0.258752992002884	0	0	0	0	0.0901982767155595	0	0	0	0	0	0	0	0	0	0	0	0	0	0	0	0	0	0	0.138917318955511	0.163380244302274	0	0	0	0	0	0	0	0	0	0.0143039280009041	0	0	0	0	0	0	0.00762981131911088	0	0	0	0	0	0.0309276604649634	0	0	0	0	0	0	0	0	3.37342443219096e-08	0.0196336449033612	0	0	0	0.101331114385184	0	0
0	0	0	0	0	0	0	0	0.0307034628152189	0	0	0	0	0	0	0	0	0	0	0	0	0	0.0272115679944608	0	0	0	0	0.0423153808437646	0	0	0	0	0.184635942204144	0.0278421259247568	0.0989840902803706	0	0	0.0541083361759547	0.0535296457094196	0.105746272983924	0	0	0	0	0	0	0	0	0.136858533340776	2.39616356089011e-08	0	0.0392933963670971	0	0	0	0	0	0	0	0	0	0	0	0	0	0	0	0.124844092849072	0	0	0	0	0	0	0	0	0	0	0	0	0	0	0	0	0	0.0739271285494051
0	0	0	0	0	0.0316469116058084	0.0519586865447745	0.074208760401087	0.0671602606287909	0	0	0	0	0.00674691165316994	0	0	0	0	0	0	0	0	0	0	0	0	0	0	0	0	0.0123222565625632	0	0	0.0102528969975432	0.0488487217514642	0	0	0	0	0	0	0	0	0	0	0	0.0284417596015324	0	0	0.2976160597594	0	0	0	0	0	0	0	0	0	0	0	0	0	0	0	0	0.0774112571518946	0.0401110304044472	0.0227193920026333	0	0	0	0	0	0	0	0	0	0.208537346655853	0	0	0	0.0220177482790383	0	0	0
0.0145911335156759	0	0	0	0	0	0	0	0	0	0	0	0	0	0	0	0	0.0591854005883386	0.0350581723540021	0	0	0	0.0221067245681774	0	0	0	0.0320261413287264	0	0	0	0	0.116521561588138	0	0	0	0	0	0	0.0373765112296677	0.0926136685380221	0.0662159953547725	0	0	0	0	0	0	0	0	2.26060089315088e-08	0	0	0.0363741184214459	0.115834133609653	0	0	0	0	0	0	0	0.0458727319179616	0	0	0	0	0.0187940692036118	0.0527399464633928	0	0	0	0	0	0	0	0	0	0	0	0.0409552635997205	0	0	0	0.120944570800698	0	0.0927898343119865
0	0	0	0	0	0	0.0214453811324958	0	0	0.0404959203248429	0	0	0	0	0	0	0	0	0	0	0	0.14290559189225	0.0371035941442957	0	0.162807467593957	0.0951795237348446	0	0	0	0	0	0	0	0	0.0211941747761907	0	0	0	0	0	0	0.0712532778197842	0	0	0	0	0	0	0	2.68365880127045e-08	0	0	0	0	0	0	0	0	0	0	0	0.0571093653838055	0	0.027365516230271	0	0	0	0	0	0.0123125997492326	0.111878854902654	0	0.0382697477307954	0.0385782434265916	0.0815006339019203	0	0	0	0	0	0.0290242200435118	0	0	0.0115758603759677	0	0
0	0	0	0	0	0	0	0	0	0	0	0	0	0.0625801236036058	0	0.0106317457066968	0	0	0	0	0	0	0	0.00937881415398382	0	0	0.0560176931025889	0.0128389500417306	0	0	0	0	0	0	0	0	0	0	0	0.0914516164916597	0.0333099385381231	0	0	0	0	0	0	0	0	2.62781458737219e-08	0	0.055405111530849	0	0.0186357933691101	0.0997800435456736	0	0	0	0	0	0	0.0292219615283582	0	0.0621575321759305	0	0	0	0.0708111411359429	0.0241804929221672	0	0	0	0	0.0287615643870016	0	0	0.074407870226847	0	0.145844057510397	0.0159316520784065	0	0	0	0.0738597791181649	0	0.0247940925546174
0.0150174924348091	0	0	0.174302770571536	0	0	0	0	0	0.00764380888290798	0.0491887019647734	0	0	0.0131305780451173	0	0	0	0	0	0	0.0337982179934834	0	0	0	0	0	0	0.0313383071021167	0	0	0	0	0	0	0	0	0	0	0	0.0359554315965155	0	0	0	0	0	0	0.0251238212318413	0	0	0	0	0	0	0.0315497184499551	0.102775970284648	0	0	0	0	0	0	0	0	0.0206702305098667	0	0	0	0.20827249722818	0	0	0	0	0	0	0	0	0	0	0	0.149081851068778	0.0764525653985687	0	0	0.0256980372369042	0	0
0	0	0	0	2.5743188275691e-08	0	0.0894948967271149	0	0	0	0	0	0	0	0	0	0	0	0	0	0	0	0	0.00458663964599128	0	0	0	0	0.0814684035659889	0	0	0	0	0.139992441274774	0	0	0.068508836769895	0	0	0	0	0	0	0	0.136758324435164	0	0.0392668245368375	0	0	0	0	0	0	0	0	0	0	0	0	0	0	0	0.0078138428274307	0.0215664113739924	0	0.00794259955429512	0	0	0.00511729303556555	0	0.0451813719423278	0	0	0	0	0	0	0	0.121779604078893	0.15528341309868	0	0	0	0.0499505908279939	0	0.0252884805618679
0	0	0	0	0.0115821647577685	0	0	0	0	0	0.159254552046802	0	0	0	0	0	0	0.0986603621515638	0.0133429667773146	0	0	0.0505675147316489	0	0	0	0.0606473425624234	0	0.0575836159728558	0	0	0	0	0	0	0	0.0290539955116115	0	0	0	0	0	0	0	0	0	0	0	0	0	0	0	0.0742181192962674	0	0	0	0	0	0	0.0688569535392456	0.0373807251531254	0	0	0	0	0	0	0.128585407345337	0	0	0.0150220269896906	0	0	0.0388285057854102	0	0	0	0	0	0	0	0	0	0	0.135740991290487	0.0206747560884491	0
0.0149371355383	0.071807278573938	0	0	0.246497703816094	0	0	0	0	0.0120039277483348	0.130923925078523	0	0	0	0	0	0	0.0257266850062327	0	0	0	0.0392065544807766	0	0	0	0	0	0	0.0250291858479422	0	0	0	0	0	0	0	0	0	0	0.0520735222274037	0	0	0	0	0	0	0	0	0	0	0	0	0	0.0690604568049095	0	0	0	0	0	0	0	0	0	0.023687951631089	0	0	0	0	0	0	0	0	0	0	0	0	0	0	0.254799021164445	0	0	0	0	0.0342466520820109	0	0
0	0	0.0718619986816457	0	0	0	0	0	0.0904089651043709	0.0216978800579348	0	0	0	0	0	0	0.0222390225262055	0.080435355079368	0	0	0	0.0303884395786213	0.0320759563422335	0	0	0.0601021242308711	0	0	0	0	0	0.0287234160211192	0	0	0	0	0	0	0	0	0	0	0	0	0	0	0	0	0	0	0	0	0	0	0	0	0	0	0	0	0	0	0.0216860278212374	0	0	0	0	0	0	0.00705311074026361	0.0470604127379863	0	0.0487709633549542	0	0	0	0.0178818077653301	0	0	0.0317716113957576	0.351910333977961	0	0	0	0	0.0359325745841398
0	0	0.126358320887856	0.0437749241732001	0	0	0	0	0	0	0	0	0	0.0539954763865986	0	0	0	0.107730191698184	0.0242247686120054	0	0	0	0.0130117348335379	0.00792727923996887	0	0	0.028758035387417	0	0	0	0.0180430422185716	0	0	0	0	0	0.0172844718926654	0.084726827091852	0	0	0	0	0	0	0	0	0	0	0	0	0	0	0	0	0	0	0	0	0.0412060484646529	0.0119050058612356	0.0245788068738505	0	0.0104753605549332	0	0	0	0	0	0	0	0	0	0.0110129608192503	0	0	0	0.00636733587623864	0	0	0.0236925450044923	0.306517928408677	0	0	0.0384089357148136	0	0
0	0	0	0	0	0	0	0	0	0	0	0	0	0	0	0	0	0	0	0	0.0245019678071774	0	0.036118748464249	0	0	0.012600212407143	0	0	0	0	0	0.0573982690149923	0	0	0	0	0	0.0454322679896572	0.0992518701669071	0	0	0.0328493536491894	0	0	0	0	0	0	0	0.300258699797773	0	0	0	0.150221552235537	0	0	0	0.0254989430160999	0	0	0	0	0	0	0	0	0	0.0226105850056696	0.00820457976336115	0	0	0	0.0905413757014763	0	0	0	0	0	0	0.0945115749807683	0	0	0	0	0	0
0	0	0	0	0	0	0	0	0.0680035444903478	0	0	0	0	0	0	0	0	0	0	0	0.0101652072359312	0	0	0.00481114422404985	0	0	0	0	0	0	0.0355795387822504	0	0	0.0762714517402792	0	0.0429659857746224	0	0.0610444967061277	0	0.0641858287048047	0	0	0	0	0	0	0	0	0	0.0311797758392183	0	0	0	0	0	0	0	0	0.00751289749412359	0	0	0.0529307960337857	0.0338644368777681	0.168522980566924	0	0	0	0	0.00782421697511975	0	0	0	0.0656002681318757	0	0	0	0	0	0.269537430422772	0	0	0	0	0	0	0
0.0131654375713567	0.0120695607780175	0	0	0	0	0	0	0	0	0	0	0.0114790102147924	0.0869969846769655	0	0	0	0	0	0	0	0.0499168244444454	0	0.0130271574238559	0	0	0	0	0	0	0	0.133300178213891	0	0	0	0	0	0	0.287380298047062	0	0.0443302821421779	0	0	0	0	0	0.0209256500834215	0	0	2.19615555697434e-08	0	0	0	0	0	0	0	0	0	0	0.0397991022297444	0.0049777730353188	0.0228597185553043	0	0	0	0.0537863446202656	0	0	0	0	0.171580004825121	0	0	0	0	0	0	0	0	0	0	0	0	0	0.0344056511767048
0	0.0540467494756121	0	0	3.46325955219567e-08	0.0153013420646921	0	0	0.0127866977060177	0.0104771241187055	0	0	0	0	0	0	0	0.116482656128288	0	0	0.0370511109629799	0.149801002264105	0.0276777441324564	0	0	0.0192008878527816	0	0	0	0	0	0.0475854753020015	0	0	0.0531402232975327	0	0	0	0	0	0	0	0.070339808096057	0	0	0	0.0701021747863736	0	0	0	0	0	0	0	0	0	0	0	0	0.0759465992021303	0	0.0345953343912969	0	0.099074145244903	0	0	0	0	0.0388323982641312	0	0	0	0	0	0	0	0	0	0	0	0	0	0.0468917445595451	0.0206667475177956	0	0
0	0.00562085001745244	0	0	2.12574893959987e-08	0	0	0	0	0	0	0	0	0	0	0	0	0	0	0	0	0.0403950545457419	0.00989927612295435	0	0	0.026960290907234	0.0134392613231032	0	0	0	0	0	0	0.179546196468369	0.0424671693926284	0	0	0	0	0	0	0	0	0	0	0.0104873079476496	0.0526818816693807	0	0	0	0	0	0	0	0	0	0	0	0	0	0	0.058760750061065	0	0.0200251081379247	0	0	0.196456828203331	0.0466380914741278	0.0235793173395822	0	0	0	0	0	0	0	0	0	0	0	0.199148913307961	0	0	0	0	0.0738936818240056
0	0	0	0	4.79181748335485e-08	0	0	0	0	0	0	0	0	0.0425611643067453	0	0	0.0329052312050121	0.126669830911842	0	0	0.0336547332519837	0.110570914012954	0	0.00857330006888938	0	0.198097198375427	0	0	0	0	0	0	0	0	0.00808119908928927	0	0	0	0	0	0.0185442701383892	0	0.0496165084467396	0.0336815927872853	0	0	0.0232537034243235	0	0	0	0	0	0	0	0	0	0	0	0	0.048036861985348	0	0	0	0.0819681770741861	0	0	0	0	0.0519185541763523	0	0	0	0.0270168873306544	0	0.058542940647812	0	0	0	0	0	0	0	0.0463068848485914	0	0	0
0	0	2.94009719185856e-08	0	0	0	0	0	0	0	0	0	0	0	0	0	0	0	0.0960067560626089	0	0	0.0579619494576193	0	0	0	0.156087425887702	0	0	0.0251218302230079	0	0	0	0	0	0	0	0	0	0.0201242116314219	0.0501049346882874	0.0776721083135833	0	0	0	0	0	0	0	0	0	0	0	0	0	0	0	0	0	0	0	0	0	0	0	0	0	0	0.0732427821732825	0.0491875513379099	0.0125594159567628	0	0	0.0409287711441554	0	0	0	0	0	0	0	0.341002233722687	0	0	0	0	0
0	0.0157005988805045	0.256541876388243	0.0607742233133773	0	0	0	0	0.0316748007435561	0	0	0	0	0.0188939091090108	0	0	0	0	0	0	0	0.0633621774894921	0.0505503242456778	0.0135264983427853	0	0.0262775247022932	0	0	0	0	0	0	0	0	0	0	0	0	0	0	0	0	0.0358652416269799	0	0	0	0	0	0	0.230743418422087	0	0	0	0	0	0	0	0	0.00962073034726767	0	0	0	0	0	0	0	0	0.0930842459674074	0.00690226217088017	0	0	0	0	0	0.0528419588623345	0	0	0	0	0.0336402093881025	0	0	0	0	0	0
0	0	0	0.032609071388999	2.27334098135979e-08	0	0.0583012366019668	0	0.070113558354994	0	0	0	0	0	0	0	0	0	0.0458850995630991	0	0	0.130835367192967	0	0	0	0	0	0	0	0	0	0	0	0	0	0	0	0	0	0	0	0	0	0	0	0	0	0	0	0	0	0	0	0	0	0	0	0	0	0.0554922177892612	0	0.00592657854766339	0	0.123842202677317	0	0	0	0	0	0	0	0	0	0.110752315035987	0	0	0	0	0.0442244480296754	0	0.290346997737856	0	0	0	0	0.0316708843468046
0	0	0	0	0	0	0	0	0	0.0261202172831603	0.0986891966314271	0	0	0	0	0	0	0.122448387236556	0	0	0	0.0671901190491887	0	0	0	0.079023558070187	0	0	0	0	0	0	0	0	0	0	0	0	0	0	0	0.0277502205771104	0	0	0	0.0235213135372221	0	0	0	0.165220940872779	0	0	0	0	0	0	0	0	0	0.0641876595201361	0	0	0.0690102681885096	0.0497366904744858	0	0	0	0	0.00792013975772012	0	0.0198230769062053	0	0.0526633902793759	0.0697633481202423	0	0	0	0	0	0	0	0	0.056931473495695	0	0	0
0	0	0	0	3.61425301000308e-08	0	0	0	0.0601438558598624	0	0	0	0	0.0195251862815594	0	0	0.0120483460338609	0	0	0.0154388334706839	0.0161181368974905	0.167259372861075	0	0	0	0	0.168067141042209	0	0	0	0	0	0	0.185050058871047	0	0	0	0	0	0	0	0	0	0	0	0.0273959257076576	0.0415700329727165	0	0	0	0	0	0	0	0	0	0	0	0	0.106210249583553	0	0	0	0.010486953512134	0	0	0	0	0	0	0.155481279187021	0	0	0	0	0	0	0	0	0	0	0	0	0	0	0.0152045915765997
0	0	0	0	2.3707109335763e-08	0	0	0	0	0	0	0	0.0346264793261107	0	0	0	0	0	0	0	0	0.120279563424299	0.0544821885762646	0	0	0	0	0	0.0392646662353948	0	0	0	0	0	0	0	0	0	0.0135542997277641	0.280800068783542	0	0	0	0	0	0	0.136663468452755	0	0	0	0	0	0	0	0	0	0	0	0	0	0.0174050200283773	0	0	0	0	0	0	0	0	0	0	0	0	0.08331543031265	0	0	0	0	0.127909777967155	0.0916990134585785	0	0	0	0	0	0
0.0294583960699632	0	0	0	0	0	0.110169296174318	0.0138404452693668	0	0.044172856136772	0	0	0.0153168883079631	0	0	0	0.026548908663938	0	0.0681324653945327	0.057025314036318	0	0.0424807845634	0	0.0348246171883909	0	0.0108141067244993	0	0.0640660771677062	0	0.0431383230105116	0	0	0	0	0	0	0	0	0	0	0	0	0.0276738806571634	0	0	0	0.0220518448274402	0	0	0.100133235604194	0	0	0	0	0	0	0	0	0.0455343377242728	0	0	0	0	0.0430837655001935	0	0	0	0	0	0	0.0641407169310292	0.0187660422796293	0	0	0	0	0	0	0	0.0296803853762742	0.0634116977698683	0	0.0255356146222557	0	0	0
0	0.0558830718496196	0	0	0	0	0	0	0.0481483836626317	0	0	0	0	0	0	0	0	0	0	0	0	0.0589611684085196	0	0.00896445859020757	0	0	0.0726442778739564	0	0	0	0	0	0	0.0594184072433351	0	0	0	0	0.0539947968515915	0	0.0487106091831283	0	0	0	0	0	0	0	0	1.98390101770507e-08	0	0	0	0	0	0	0	0	0	0	0.0234408817081447	0	0	0	0	0	0	0	0.0531881676853509	0	0.0982580696296929	0.0734731222868179	0.0323977782584139	0.0603104456494558	0.0844164016494315	0	0	0	0	0	0.158054855099768	0	0	0.00973508453092456	0	0
0	0	0	0	0	0	0	0	0.0343737496707016	0.0198645415814954	0	0	0.037055709998686	0	0	0	0	0	0	0.0345617841231628	0	0.295937977078181	0.0272714451999244	0	0	0.046027824409498	0	0	0	0	0	0	0	0	0	0	0	0	0.0540658573127694	0.1015032100483	0	0	0	0	0	0	0.018326323820748	0	0	0	0	0	0	0	0	0	0	0.0130318843082687	0	0.0710739349451859	0	0	0	0.0753802767884172	0	0	0	0.0307847326930485	0	0	0	0	0	0.103442189880273	0	0	0.0372985079357358	0	2.51447953662516e-08	0	0	0	2.50608093211417e-08	0	0	0
0	0	0	0	0	0	0.0540258879806683	0	0	0	0.0533667715370441	0	0	0	0	0	0	0	0.0437980935006254	0	0.047260756429464	0	0	0.013901978601963	0	0	0	0	0	0	0	0	0	0	0	0	0	0	0	0.100126606439049	0	0	0	0	0	0	0	0	0	0.0921617000984875	0	0	0	0	0	0.123782736028287	0	0	0	0	0.102279873717253	0	0	0.0106702194277679	0	0	0	0	0	0	0	0	0	0	0.0625388766295087	0.102938943777459	0	0	0	0.0297721465275326	0	0	0.0471996222191939	0.0200260965657163	0.0961496905199799	0
0	0	0.0113766430307673	0	0	0	0	0	0	0.0715371874273219	0	0	0.0063820719037381	0	0	0	0	0.022560064456822	0	0	0	0	0.052515048794235	0	0	0	0	0	0	0	0	0.0815707367560992	0	0	0	0	0	0	0.0144275149006437	0	0	0	0	0.0893724130785657	0	0	0	0	0	0	0	0.0308473671853117	0	0	0	0	0	0	0	0.0211620865510126	0.0570863009514242	0	0	0	0	0	0	0.134312564699009	0	0	0.0996983470586154	0	0.0220627365071066	0	0	0.177834834875478	0	0	0	0.10725408182385	0	0	0	0	0	0
0	0	0	0	0	0	0	0	0.034530969916935	0	0	0	0	0	0	0	0	0	0.023094928023165	0	0	0	0	0.00858394533195081	0	0	0	0	0	0	0	0	0	0.0443144289385789	0	0	0	0.114439210347972	0	0	0	0	0	0	0.0851658426774866	0	0	0	0.134375761821419	0.0408307279348165	0	0	0	0	0.010528135718706	0	0	0	0.016920464939013	0.0421053123343593	0	0.0254831483596806	0.0208168752308784	0.0322733215219109	0	0	0	0	0.0654501589559627	0	0	0.0203229423448995	0	0	0	0	0.0177607306103663	0	0.2630030949919	0	0	0	0	0	0	0
0	0	0	0	0	0	0	0.0194953134047329	0	0	0	0	0	0	0	0	0	0	0	0	0	0	0	0.0144533275472678	0	0	0	0	0	0	0	0	0	0	0	0	0	0.11173780571024	0	0	0	0	0	0	0.263487284255437	0	0.0346945847307424	0	0	0.0341603498367586	0	0	0	0	0.121854063107735	0	0	0	0	0	0	0	0	0.0990315685292727	0	0	0	0	0.0217651164185918	0	0.0399137355580057	0	0	0	0	0	0	0	0	0.0384503341600557	0.200956516741161	0	0	0	0	0
0	0.0372256046285749	0	0	0	0	0.0158260535144142	0	0	0	0	0	0.00699056206946801	0	0	0	0	0.116517734875312	0	0	0	0	0.0127643969683562	0	0	0	0	0	0	0	0	0	0	0.0694516292329944	0	0	0	0	0	0	0	0	0	0	0	0	0	0	0	2.30031876585543e-08	0	0	0	0.0303506952362715	0	0	0	0	0	0	0	0	0.157135061881696	0	0	0	0.114108290513807	0	0.0192529821226551	0	0.0304185362322658	0	0.0180805572175351	0	0	0	0	0	0	0	0.19714501545209	0	0	0.0582266448472809	0	0.116506212204092
0	0	0	0.0906046985148749	0	0	0	0.0315697820966795	0	0.0740794682680103	0	0	0	0.0367220741915414	0	0	0	0	0	0	0.011808264595293	0	0.0396569573224671	0	0	0.0484257772431238	0	0.0697226813005076	0	0	0	0	0	0	0	0	0	0	0	0	0	0.0114281556133522	0	0	0.198318708084245	0.104574670777073	0	0	0	0	0	0.0575819506337214	0	0	0	0	0	0	0	0	0.0822259975163718	0	0.0908378635879097	0	0	0	0	0	0	0	0	0	0	0	0	0	0	0	0	0	0.0524429502548293	0	0	0	0	0
0	0.00366352074444454	0	0	2.74703397414854e-08	0	0	0	0	0	0	0	0	0	0	0	0	0	0.0406741972483461	0	0	0.158968822020297	0	0	0	0	0.0686640629456106	0.0272987750540872	0	0	0	0	0	0.0962987150946262	0	0	0	0	0	0.138479545707654	0	0	0	0	0	0	0	0	0	0	0	0	0	0	0	0	0	0	0	0.111662295201993	0	0	0	0	0	0	0	0.0224091986036561	0	0.00855596715572136	0	0	0.0610884966800789	0	0	0	0	0	0	0.262236376073144	0	0	0	0	0	0
0.0516462561793823	0	0	0	0	0	0	0	0	0	0	0	0	0	0	0	0	0.171653383747125	0.0339888506313739	0.0132811994598646	0	0.0758682685472203	0.0257528986654151	0	0	0.0477607177050682	0	0	0	0	0	0	0	0.0670902379847865	0.0207463268131219	0	0	0	0.0136869891051652	0	0	0.0625954279683698	0	0	0	0.00754375576725388	0	0	0	0.122398751851696	0	0	0	0	0	0	0	0	0	0	0	0.0609761698778067	0.0681562440917807	0.0329555764883063	0	0	0.0301667759167495	0	0	0	0.0792139722636665	0	0	0	0.0145181969358476	0	0	0	0	0	0	0	0	0	0	0
0	0.0228315974304611	0	0	0	0	0	0.0123260973866668	0	0	0	0	0	0.00579862575402334	0	0	0	0	0	0	0	0.044958022927484	0	0.0302024141275812	0	0	0	0	0	0	0	0.039841920897595	0	0	0.0220159596487416	0	0	0	0.037834747014577	0	0	0.00689451931650169	0	0	0	0	0.0585062525889671	0	0	1.96078662440761e-08	0	0.0506624973609228	0	0	0	0.0294691830474495	0	0	0	0	0	0.00954544508325631	0	0.0349264599084749	0	0	0	0.144670514603755	0.00725579385599232	0	0	0	0.0323284271132353	0	0	0	0.0380145872678212	0	0	0	0.263985873239099	0	0	0.107931041819529	0	0
0	0.0425658858872808	0	0	0	0	0	0	0	0	0	0	0	0	0	0	0	0	0.0368776776147943	0	0	0.106334086237765	0.00702701722592152	0	0	0	0.0670524320796226	0	0	0	0	0	0	0	0.00699702475213575	0	0	0	0.081831261161034	0.099557956275757	0	0	0	0	0	0	0.162445869144786	0	0	0.156532558114978	0	0	0	0	0.0470750754379696	0	0	0	0.0230657540589908	0	0	0	0	0	0	0	0	0	0	0	0	0	0	0	0	0	0	0	0.116873586238776	0	0.0457638157701876	0	0	0	0	0
0	0	0	0	0	0	0	0.0309195980343518	0	0	0	0	0.045515799552137	0	2.0037057901429e-08	0	0	0	0	0	0	0.0469611113083408	0.00565475742633	0.0128358575371709	0	0	0	0.0546438897387272	0	0	0	0.0332756586010085	0	0	0	0	0	0	0.0988465683544579	0	0	0	0.0828615762119809	0.0967421962102371	0	0	0	0.188006673345924	0	0	0	0	0	0	0	0	0	0	0	0.0510152721437057	0	0	0.0735824523903037	0	0	0	0	0	0	0	0	0	0	0.0448367111359484	0.0994822028615729	0	0	0	0	0	0	0	0	0.0348196551107454	0	0
0	0	0	0	0	0	0	0	0	0	0	0	0	0	0	0	0.0184697689114823	0.0832483798759105	0	0	0	0.141817003918822	0	0	0	0	0.0465571418714605	0	0	0	0	0	0	0	0	0	0	0	0.175562788072724	0	0	0	0	0	0	0	0	0	0	0	0	0	0	0	0.084278310895978	0	0	0.0220632927494237	0	0	0.0624311226347844	0	0	0	0	0	0	0	0	0	0.087921162657312	0	0	0	0	0	0	0	1.99497500016118e-08	0.117924280235475	0.159726728226878	0	0	0	0	0
0	0.00565155163417411	0	0	0	0	0	0	0.0586425772308907	0	0	0	0	0.0167815345805721	0	0	0	0.0655565975577082	0.0127269533795247	0	0	0	0.0209547287284458	0.00573861896973739	0	0.154977915102907	0.012829445452604	0	0	0	0	0	0	0	0	0	0	0	0	0	0	0	0.0332382217130913	0	0	0	0	0	0	0.280848110620537	0	0	0	0	0	0.0471486495940473	0	0	0.0152974054295899	0.0875111748087329	0	0	0	0	0	0	0	0	0	0.0064289071450787	0	0	0	0.0583348349840397	0.117332773068319	0	0	0	0	0	0	0	0	0	0	0
0	0.0487907937643815	0	0	0	0.0294419849119261	0	0	0	0	0	0	0	0	0	0	0	0	0	0	0	0.0341020932595662	0.076774990784151	0.00743480804946628	0	0	0	0.0362056772564086	0.021795831018969	0	0	0	0	0	0.0169329286144098	0.0459040661006946	0	0	0	0.0427311651534335	0	0	0	0	0	0	0.0928468521052994	0	0	3.37780512909034e-08	0	0.201711277116794	0	0.0237477756989015	0	0	0	0	0	0	0	0	0	0.100098426476532	0	0	0	0	0	0	0	0	0	0	0	0	0	0	0	0	0.201469894602644	0	0	0.0200114013083708	0	0
0	0	0	0	0	0	0.0371116682651857	0	0	0	0	0	0	0	0	0	0.117002314095675	0.0377782823711613	0	0	0	0.0534280155271278	0.0358294781373687	0	0	0	0	0	0	0	0.0106620325362534	0.180036861776255	0	0	0	0.00899548181561711	0	0	0	0	0	0	0	0	0	0	0	0	0	0.142858001693676	0	0	0	0	0	0	0	0.0123694133796704	0	0	0	0	0.0820445111798542	0	0	0	0	0	0	0.0151794308084627	0	0.0165992731995919	0	0	0	0	0	0	0	0.250105235214101	0	0	0	0	0	0
0	0.00911370095910627	0.158081836952356	0	0	0	0	0	0.0136438409194475	0.147806285553317	0	0	0	0	0	0	0	0	0	0	0	0.0279056914121374	0	0	0	0.0606823351385637	0.0703623461175208	0.019142074148859	0	0	0	0.0183930669315314	0	0	0	0	0	0	0.0304085298265469	0	0	0	0	0	0	0.0730573188073424	0.0278264999863658	0	0	0	0	0.046414041774532	0	0	0	0	0	0	0	0	0	0	0	0	0	0	0	0	0	0	0	0	0	0	0	0	0	0	0	0	0	0	0.126458560296369	0	0	0.170703871176004
0	0.0184827104840799	0.355360192251031	0	0	0	0	0.0571841524309892	0	0	0	0	0	0.0159967360140083	0	0	0	0.0373294899959334	0	0.00711538438934332	0	0.056943002034099	0.0052027066849713	0	0	0	0.128838279139038	0	0	0	0	0	0	0	0	0	0	0	0.081736559705793	0	0	0	0	0.0539789221188151	0	0.0193287203793497	0	0	0	0	0	0	0	0	0	0	0	0	0	0	0	0.00652390171160251	0	0.00991000206942206	0	0	0.0452207711145289	0	0	0	0.018743492422269	0	0.0107883069750451	0	0	0	0	0	0	0	0	0	0.0430072538505047	0	0.0283094162291764	0
0	0	0	0	0	0	0	0	0.0513652777682089	0.0175469247835895	0	0	0	0	0	0	0	0	0	0	0	0.105530066948716	0	0.0421568332867612	0	0	0	0	0	0	0.0926971266320652	0	0	0	0	0	0	0.0464356681288568	0.0319845719841564	0	0	0	0.0767519713562205	0	0	0	0	0	0	0.00361460668841476	0	0	0	0.109954270211565	0.0859539994577663	0	0	0	0	0	0	0.0330334719079372	0	0	0	0	0	0	0	0	0.153934829985372	0	0	0	0.0628969843286633	0	0	0	0	0	0	0	0	0.0371355107586942	0	0.0490078857730129
0	0	0	0	2.12433238123453e-08	0	0	0	0.053671472239296	0	0	0	0	0.0384488817593578	0	0	0	0	0	0	0	0.0284483775745524	0	0	0	0	0	0.0625000873721605	0.0395697820313341	0	0	0	0	0.0237921064944376	0	0	0	0.0133519196359858	0	0	0.0345726040899504	0	0	0	0.0950330872491775	0.0822407689598805	0	0	0	0	0	0.0647631154952146	0	0.116908196376396	0	0	0	0	0.0146963036763248	0	0.106434546415654	0	0	0	0	0	0	0	0.00869616006446246	0	0	2.1244212547543e-08	0	0	0.0687645415275687	0	0	0	0.102474299031765	0	0	0	0	0	0	0.045633707518945
0.00664730726548284	0	1.69513576228514e-08	0	0	0	0	0	0	0.0371166099188029	0.0657689435693514	0	0	0	0	0	0	0	0.0196007989639314	0	0	0.011578509240187	0.0108208643427987	0	0	0.0614059774181003	0	0	0	0	0	0	0	0.133926724648049	0	0	0	0	0	0	0	0	0.0481056162869776	0	0	0.00860728647934048	0	0	0	0	0	0	0	0	0	0	0	0	0.0420742452865088	0	0	0	0	0.017735464701248	0	0	0	0	0.0240565264970517	0	0.16612320068378	0	0.0244297608448341	0	0	0	0	0	0	0.0586805017464569	0.263321645155742	0	0	0	0	0
0	0	0	0	0	0	0	0.0771173029414498	0	0.0190275029304742	0	0	0	0.0221959789401047	0	0	0.0285898797016858	0	0	0	0	0	0	0.00833340796063896	0	0	0.088599421984795	0.059402162097084	0	0	0	0	0	0	0.0512980404824756	0	0	0.0112389489038454	0.0433022496519821	0.0363828582176579	0	0.0137873931268048	0	0	0.14095815853324	0.0498146802197314	0.177460460725815	0	0	2.25313914349826e-08	0	0	0	0	0	0	0	0	0	0	0	0.0759250984040254	0	0.0531736270006549	0	0	0	0	0.0126069027624166	0	0	0	0	0	0	0	0.030785880703875	0	0	0	2.21798521135948e-08	0	0	0	0	0
0	0	0	0	0	0	0	0.0861207586127096	0.0183418476589822	0.00954789777684316	0.0761022937495348	0	0	0.024768039719082	0	0	0	0	0	0	0	0.0390471391932658	0.0231882573407536	0	0	0.162127654836708	0	0.032129237545027	0.0124106223313152	0	0	0	0	0	0	0	0	0	0	0.0664035640325464	0	0	0.091596513033027	0	0	0	0	0	0	2.3047704740852e-08	0	0	0	0	0	0	0	0	0	0.100478273516152	0	0	0.0266595029689245	0.107787262478304	0	0	0	0	0.0186483850735418	0	0	0	0.0217705906473224	0.0370222185639519	0	0	0	0	0	0.0458499178743034	0	0	0	0	0	0
0	0	0	0	0	0	0	0.124380667021201	0	0	0	0	0	0	0	0	0	0	0.020902584728915	0	0	0	0.00615940797864918	0	0	0	0	0	0	0	0	0	0	0	0	0.00912504094498095	0	0.0486700631296531	0.035595254261236	0	0	0	0.1375164757327	0.02635843107782	0.0495139831685615	0	0.23836015335432	0	0	2.38536307556621e-08	0	0.019080337469643	0	0	0	0	0	0	0	0	0	0	0	0.0318723508374525	0	0	0	0	0	0	0	0	0	0	0	0	0	0	0.140718201186975	0	0	0	0.0603599294311024	0.0513870958231599	0	0
0	0	0	0	0	0	0	0	0	0	0.0942487425761575	0	0	0	0	0	0	0	0	0.0483900364139597	0	0.0667831991220574	0.0739039932242336	0.0350158764599241	0	0.0323220924368873	0	0	0	0	0	0	0	0	0	0	0	0	0	0.129852809335792	0.030737502647603	0	0.0360899561323093	0	0	0.020437293004776	0	0	0	0.00244623244810972	0	0	0	0	0	0	0	0	0	0.0105966393375988	0	0.00868658601056531	0.0344510112405333	0	0	0	0	0	0	0.0118370228046508	0	0	0	0	0	0	0	0	0	0	0.364201006804842	0	0	0	0	0
0	0	0.0943459184390384	0.0317006323691126	0	0	0	0	0	0.0583896538533092	0	0	0	0	0	0	0	0	0	0	0	0	0	0.0147301823756843	0	0.0396587565148281	0.0483129143272355	0	0	0.0147133408319244	0	0	0	0	0	0	0	0	0.0266969745208797	0	0	0	0	0	0	0	0.0756844933554982	0	0	0	0	0	0	0	0.0923054165131589	0	0	0	0	0	0.0210660362769177	0	0	0.123653886646383	0	0	0	0	0	0.00939914881717166	0	0	0.0433283814900958	0	0	0	0	0	0.177673272173078	0	0	0	0.105418977125883	0.0229220143698019	0	0
0	0	0	0	2.51915150129443e-08	0	0	0.011108807450537	0	0.0235945939701997	0	0	0	0.0199143810121231	0	0	0	0	0.0365686833482785	0	0	0.156742995668376	0	0	0	0	0	0	0	0	0	0.0442551363161025	0	0	0	0	0	0	0	0	0	0	0.148329292827724	0	0	0	0	0	0	0	0	0.0507441338642409	0	0	0	0	0	0	0	0.061170169733437	0	0	0.0997084189144875	0.230060562355525	0	0	0.0427087774953003	0	0	0	0	0	0.0514576549661849	0	0	0	0	0	0	0	0	0	0	0	0	0.0236363668859687
0	0	0	0	0	0	0	0	0	0.0444751010739677	0	0	0	0	0	0	0	0	0.0353071851161665	0	0	0.177284000816386	0.0320119618533587	0	0	0	0	0.0944856787032679	0	0	0.0330143524990125	0	0	0	0	0	0	0.0213145376929961	0.127769483653368	0	0	0	0	0	0	0	0	0	0	0	0	0	0	0	0	0	0	0.00893690426853636	0	0	0.0766677003877042	0	0	0	0	0	0	0.0601682098756652	0	0	0	0	0	0	0	0	0	0	0.0105637382073947	0	0.278001145852176	0	0	0	0	0
0	0	0.012020700868123	0.21576312297645	0	0	0	0	0	0.0266234666040562	0	0	0.0153885873473517	0	0	0	0	0.0668430742757758	0	0	0	0	0.0498808651697436	0.0113779463941355	0	0.0632015618015669	0	0	0	0	0	0	0	0.0933566397242416	0	0	0	0	0	0	0	0	0	0	0.0407333642473587	0	0.138806551248897	0	0	0	0	0	0	0	0	0	0	0	0	0	0.0308896685348657	0	0	0.0171791133666185	0	0	0	0	0.0417545322681008	0	0	0	0.0595316500615827	0	0	0	0	0	0.116649155111132	0	0	0	0	0	0	0
0.0155218897347743	0.0255791483076037	0	0	0	0	0	0	0	0	0	0	0	0	0	0	0	0	0	0	0	0	0	0	0	0.094854848280649	0	0.00972595357618481	0	0	0	0	0	0.0842880063374822	0	0	0	0	0.0607356183830232	0.0944191348177711	0.0714178545566105	0	0	0	0	0	0.133334836244378	0	0	2.39366630672568e-08	0	0	0	0	0	0	0	0	0	0	0.0632291717026227	0.0139195205579962	0	0	0	0	0	0	0	0	0	0	0	0	0	0	0	0	0	0	0.274704962995474	0	0.0431583882558867	0.0151106423128799	0	0
0	0	0	0	0	0	0	0	0.0438882559521185	0.0107682101560477	0	0	0	0	0	0	0	0	0	0	0	0.105063948550196	0.0583107356893359	0.00703132790732888	0	0	0	0	0	0	0	0	0	0	0	0	0	0.0152856159595588	0	0.186851025852728	0	0.00767309549456674	0.0520925617245059	0	0	0.0149922569923328	0	0	0	1.9780346614902e-08	0	0.045198149846496	0	0	0.0781535905138741	0	0	0	0	0	0	0	0	0	0	0	0	0.120483713695151	0	0	0	0	0	0	0.0964382803633659	0.144705625812421	0.0130635661201953	0	0	0	1.95894308839209e-08	0	0	0	0	0
0.0295712403670013	0	0	0	0	0	0	0	0.0253954863127892	0	0	0	0	0	0	0	0.042761630098622	0	0.0283812578211456	0	0	0.125366194699317	0.078365982638849	0	0	0	0	0	0	0	0	0	0	0.124611611219185	0	0.0302161203984306	0	0	0	0	0	0	0.0281829480525157	0	0	0.0504963153927264	0	0	0	0	0	0	0	0	0	0	0	0	0.0136593840232129	0.017359268713886	0	0.00817193139559675	0	0	0	0	0	0	0	0	0	0	0	0	0	0	0.0402053230639734	0	0	0	0.319475503407433	0	0	0	0	0.0377798023953152
0	0	0	0	2.92896923673858e-08	0	0	0	0	0	0	0	0	0	0	0.0128864121754299	0	0	0	0	0	0.0857847620741942	0.0816519907679276	0.0343532053480375	0	0	0	0	0	0	0	0	0	0.0404340864871736	0	0	0	0.083586500164805	0	0.332495494669177	0	0	0	0	0	0	0	0	0	0	0	0	0	0.0422610738830108	0	0	0	0	0	0	0	0	0	0.0887753297058844	0	0	0	0	0.0109441689085208	0	0	0	0.0369769465446941	0	0.0621029168301373	0.0877470831513159	0	0	0	0	0	0	0	0	0	0
0	0.0230649413568354	0	0	0	0	0.0339399820690991	0	0	0	0	0	0	0	0	0.0113117800727868	0	0	0	0	0	0.0305419195223758	0	0	0	0.0554303722570441	0	0	0	0	0	0	0	0	0	0	0	0	0	0.0122390235319141	0	0	0	0	0	0	0	1.45778983638263e-08	0	0	0	0	0	0	0.0163695191115366	0	0	0	0	0	0.10250135505296	0.0406403059138772	0	0	0	0	0.081033512372519	0.0693045098662249	0.00940346157374443	0	0.0713048790609774	0.0220625845623248	0	0	0	0	0	0	0	0.071265024811343	0.34958681428654	0	0	0	0	0
0	0.00898777108172288	0.236383094051854	0.0319898819570697	0	0	0	0	0.00856325177393518	0	0.03392671819447	0	0	0	0	0	0	0	0	0	0	0.0213895509234199	0	0	0	0	0	0.0170485999358638	0	0	0	0	0	0	0	0	0	0.0876294103422806	0	0	0	0.0118275461061934	0	0	0	0	0.028247583520993	0	0	0	0	0	0	0	0	0	0	0	0	0.0270204949769969	0	0	0	0	0	0	0	0.0811251139651923	0.0184634326585684	0	0	0	0	0	0.155375729669868	0	0	0	0	0.0777171131832716	0.086650216473383	0	0	0	0	0.0676544911849179
0	0.0121316129169007	0	0	2.33824518542232e-08	0.017980707872532	0	0	0	0.0253168285766507	0	0	0	0	0	0	0	0	0.0170476801784449	0	0	0.10461818741044	0.0109875108913095	0	0	0	0.0546171877114726	0	0.0101055187760069	0	0	0.0185866692212199	0	0.0653483752682688	0	0	0	0	0	0	0	0	0	0	0	0	0	0	0	0	0	0.231558947407907	0	0.0252730225464299	0	0	0	0	0	0	0	0	0	0.0273956256970994	0	0	0	0.113773626670213	0.011440256001683	0	0	0	0.0194114334266389	0.062343103847738	0	0	0.0234088969723112	0	0	0	0	0	0	0	0	0.148654785224283
0.0110415745868531	0	0	0	0	0	0	0	0	0	0	0	0	0	0	0	0	0	0	0	0.0287508976989252	0.0997099351387784	0.0763971619810945	0	0	0	0	0	0	0	0	0.0350030103106791	0	0	0	0	0	0	0	0	0	0	0.17100305064836	0	0	0	0	0	0	0	0	0	0	0	0.0313983527534641	0	0	0	0	0	0	0	0	0	0	0	0	0	0	0	0	0	0	0	0	0	0	0	0.34617610789357	0	0	0	0.11110791691371	0.0257547508979813	0	0.0636572411765842
0	0	0.28942955185219	0	0	0	0	0.0674824943648572	0	0	0	0	0.0367112553452075	0	0	0	0	0	0	0	0	0.0163175765632997	0	0.0101990246609022	0	0	0	0.148459506692579	0	0	0	0	0	0	0	0	0	0	0	0	0	0.0299517107612159	0.118921816521716	0	0	0	0.104564994069297	0	0	0	0	0	0	0	0	0	0	0.0302055387801122	0	0	0	0	0.0610596814336471	0.0183613343645352	0	0	0	0	0	0	0	0	0	0	0	0.0608773725029091	0	0	0	0	0	0	0	0.00745814208753243	0	0
0	0	0	0	0.0362881813084245	0	0	0	0	0.0505555047512016	0	0	0	0.0104348329714221	0	0	0.012490079661256	0.156184166004033	0	0	0	0.0934456505496452	0.0148159595084919	0.0128706381037642	0	0	0	0	0	0	0	0	0.0276350609369225	0	0	0	0	0	0	0	0	0	0.15816550427191	0	0	0.0369686274446265	0.0482382390363029	0	0	0	0	0.0411621504420718	0	0	0	0	0	0.0338434798570997	0	0.039901312037305	0	0	0	0.0323171690796782	0	0	0	0	0.0161781796138158	0.0330500610606653	0	0	0	0.0550633508112724	0	0	0	0	0	0	0	0	0	0	0	0.0903918525500912
0	0	0	0	0.0151104921754306	0	0	0	0	0.030667010116346	0	0	0	0	0	0	0	0	0	0	0	0.157867280848525	0.0440139196159907	0	0	0	0	0	0	0	0	0	0	0	0	0	0	0	0	0	0.0461489479998246	0	0.0473969172704467	0	0	0	0.0275624314157676	0	0	0	0	0	0	0	0	0	0	0	0	0	0	0	0.0879682056475625	0.0542694463071648	0	0	0	0	0	0	0.03699133645743	0	0.0547459918790069	0.110614153675957	0	0	0.0215386091159643	0	0	0	0	0	0.145308651296533	0.11979660617805	0	0
0.0470305799969689	0	0	0	0	0	0	0	0	0	0	0	0	0	0	0	0	0	0	0.056642414932487	0	0	0	0	0	0.0237519026188327	0.0450331583346024	0	0	0	0	0	0	0	0	0.0165720261713634	0.0384003143950152	0	0.198030304703447	0	0.0455709736870271	0	0.0191100927879524	0	0.0454874674259556	0	0	0	0	0	0	0	0	0	0	0	0	0	0	0	0	0	0	0	0	0	0	0	0	0	0	0	0.0342262621558158	0	0	0	0	0	0.27143091622679	0.128604531594138	0	0	0	0.0301090549696044	0	0
0	0	1.42772117279077e-08	0	0	0	0.0309061621825113	0	0.0536207540682555	0	0	0	0	0	0	0	0	0	0	0	0	0.0345808320587723	0	0	0	0	0	0	0	0.0711786972275311	0	0	0	0	0	0	0	0	0	0	0	0	0	0	0	0	0	0	0	0	0	0	0	0	0	0	0	0	0	0	0	0	0.050749842819202	0.0140028993782755	0	0	0	0	0	0	0	0	0	0.0168545156748922	0	0	0	0.0315194811600951	0.0939732805719339	0	0.279007447394969	0	0.0887374958765683	0	0	0.234868577309783
0	0.0448811860111668	0	0	2.96416357887078e-08	0	0	0	0	0.0596596683610808	0	0	0	0	0	0	0.0476967286673272	0	0.0413983284420152	0	0	0.141511614219045	0.0280437776136266	0	0	0	0	0	0.0316693918322933	0	0	0	0	0	0	0	0	0.0209252685778968	0	0.110344264235679	0	0	0	0	0	0	0.140558444226012	0	0	0	0	0	0	0	0	0	0	0	0	0	0	0	0	0.0755498547876058	0	0	0	0	0	0	0	0	0	0.0408461211588996	0	0	0	0	0	0	0.216915322225716	0	0	0	0	0
0	0	0.0681957121398083	0	0	0	0	0	0.0172478484211571	0	0	0	0	0	0	0	0	0	0	0	0	0	0	0	0	0.144481381274575	0	0.0496529937619727	0.0421402404993134	0	0	0	0	0	0	0	0	0	0	0.023563904026628	0	0	0	0	0	0.0112465712098932	0	0	0	0.217345000578683	0	0	0	0	0	0	0	0	0	0.090022753911783	0	0	0.0802037447563999	0.0662516163044141	0	0	0	0	0	0	0	0	0	0	0	0	0	0	0	0	0.147911935900425	0	0.0417362972149486	0	0	0
0	0	0	0	2.0095711219493e-08	0	0	0	0	0	0	0	0	0	0	0	0	0	0	0	0	0.1589878476175	0.0291253723642118	0	0	0.123331798382426	0.0475183589250855	0	0	0.0524100766367108	0	0.161791523038629	0	0	0	0	0	0	0	0.0642966330584579	0	0.00967268328310797	0	0	0	0	0	0	0	0	0	0	0	0.0562496502693702	0	0	0	0	0	0	0	0.0137123764423112	0	0	0	0	0.0419403739758172	0.0529346616242149	0.0291028538797919	0	0	0	0.0113498339661193	0.0792120872671594	0	0	0	0	0	0	0.0683638491733752	0	0	0	0	0
0	0	2.11516757321977e-08	0	0	0	0.0289915999637312	0	0.0217102171933697	0.0650945344400506	0	0	0	0	0	0	0	0	0	0	0	0.142938551604424	0	0.00614266656216911	0	0	0	0	0	0	0	0.0510803714228141	0	0	0	0	0	0	0.22774170145169	0	0	0.00641218291790633	0.0465977957250879	0	0	0	0.0992512289201496	0	0	0	0	0	0	0	0	0	0	0	0	0	0	0	0	0.0196663022699424	0	0	0	0	0.0623002793828803	0.0101464076045805	0	0	0	0	0	0	0	0	0	0	0.163715617859402	0	0	0.0482105215301263	0	0
0	0	0	0	2.18791664281026e-08	0	0	0	0	0	0	0	0	0	0	0	0	0	0	0	0	0.134460930186633	0.0229381646613141	0	0	0.0208912027525641	0.0895619375903527	0	0	0	0	0	0	0	0	0	0	0	0.180316491958724	0	0	0	0	0	0	0.0168757250616215	0	0	0	0	0	0	0	0.0366219509926407	0.0653382982517343	0	0	0.00497884571548075	0	0	0	0	0.024073844707488	0.0284516643489	0	0	0.157611567722494	0.0714905472626071	0.0124220316219723	0	0	0	0	0	0	0.133966775286307	0	0	0	0	0	0	0	0	0	0
0	0.00980365494996356	0.115939812814901	0	0.101369115181349	0	0	0	0	0	0	0	0	0.0128681587643903	0	0.00957298495071139	0.0502449487636395	0	0	0	0	0	0	0	0	0	0	0.0241669499851012	0.0525441712129985	0	0	0	0	0.0630536622574582	0	0	0	0	0	0.0262245961153166	0	0	0.0371281746451596	0	0.0592282769358202	0	0.0692591717499797	0	0	0	0	0	0	0	0	0	0	0	0	0	0	0	0.0792427202489639	0	0	0	0.0384087690130463	0	0	0	0	0	0	0	0	0	0	0	0.0539717140083102	0	0.163768350414564	0	0	0	0	0.0332047679883274
0	0	0	0	0	0	0	0	0	0	0.0383956437415698	0	0	0	0	0	0	0	0.0644442868178944	0	0	0.0822432759078153	0.0115009842357653	0	0	0	0	0	0	0	0	0.138930171156704	0	0	0	0	0	0	0	0.097696995193754	0	0	0	0	0	0	0	0	0	0.139882401205076	0.0289850788874008	0	0	0.0892640047106058	0	0	0	0	0	0	0	0.0195918475824883	0	0	0	0	0	0	0	0.00723829345555057	0	0.0394926881749607	0	0	0.0440577942811427	0	0	0	0	0	0.120055912256468	0	0.0782206223928044	0	0	0
0	0	0.017215383390545	0.0284224149829447	0	0	0	0.0615935846754779	0	0.0852373080611366	0	0	0	0	0	0	0	0.197830324190217	0	0	0	0	0	0.0205384382601257	0	0	0.0679067823288664	0	0	0	0	0.0888869711799379	0	0	0	0	0	0	0	0	0	0	0	0.0230254118596039	0	0	0	0.0305855928879168	0	0	0	0.0568432258194449	0	0	0	0	0	0	0	0	0.082948002804074	0	0	0	0	0	0	0	0	0	0	0	0.0239796439178331	0.030966478847614	0	0	0	0	0	0.169502413200608	0	0	0	0.0145180235936542	0	0
0	0.0109169019184941	0	0	2.7132593451027e-08	0	0.00636057188912928	0	0.0135163870722955	0	0	0	0	0.0221000908746347	0	0	0	0	0	0	0	0.228378999537745	0	0	0	0	0.0202597363128513	0	0.0241523535103162	0	0	0	0	0	0	0	0	0	0	0.0393632813131893	0	0	0	0	0	0.0335468327007579	0	0	0.144756114882735	0	0	0	0	0	0	0	0	0	0	0	0	0	0	0.053050430578872	0	0	0	0	0	0	0	0	0.0514177956476322	0.0743492651719444	0	0	0	0.0210713609493743	0	0	0	0	0	0.0257371335612548	0	0.231022716946181
0	0	0	0	0	0	0.150859325488731	0	0	0.0939419456096282	0	0	0	0	0	0	0	0	0	0	0	0.051438387096306	0	0	0	0	0.0387466336148005	0.107330234462659	0	0.0954259711000396	0	0.0475456072423083	0	0	0	0	0	0	0	0.0417961090368531	0	0	0	0	0.0361413592938864	0	0	2.36833803443827e-08	0	0	0	0	0	0	0	0	0	0	0	0.0120393315222981	0	0.0162738473616789	0	0	0	0.0163205344540425	0	0	0	0	0	0.0215770540605992	0.0341423525793941	0.058897272590683	0	0	0	0.0575705359907693	0	0	0.119953474811942	0	0	0	0	0
0.0548315668298778	0.042838557282687	0	0	0	0	0	0	0.0936967599975316	0.036568862668452	0	0	0	0	0	0	0	0	0	0	0.0277030091571425	0.144696845271212	0.00849665159686689	0	0	0	0	0	0	0	0.0209400472644507	0	0	0	0.0558319084978703	0	0	0	0	0.00902053418762651	0	0	0.0292893080899113	0	0	0	0	0	0	2.44352550795707e-08	0	0.0183411523389201	0	0	0	0	0	0	0	0.0830007781459722	0	0	0.0855255690986852	0	0	0	0	0.0333955219793202	0.0512063358602482	0	0	0	0.0442859366854032	0	0	0	0.0096796073338941	0	0	0	0	0	0	0.0574497115118259	0	0.0932013117668476
0	0.0497640751044391	0	0	0	0	0	0	0.0635603477537513	0	0.02322471405877	0.0941855603204772	0	0	0	0.0698263985977461	0	0	0	0	0	0	0	0	0	0.0267143274811021	0	0.0840175897115629	0	0	0.0279717522830372	0	0	0	0	0	0	0	0	0	0	0.0129174953999861	0	0	0	0	0.0366180067766647	0	0	0.186422602767449	0	0.0861878253843323	0	0	0	0	0	0	0	0.0207143728374659	0	0	0	0	0	0	0	0.165439272808773	0.0108446718745365	0.00510558182984615	0	0	0	0	0	0	0	0	0	0	0	0	0	0	0.0364854050100611	0
0	0	0	0	2.60945101287455e-08	0	0.0523454155991257	0	0	0.0142261216291784	0	0	0	0	0	0	0	0.0653769285625985	0	0	0	0.17043284380354	0.0434825954683284	0	0	0.0346947180998029	0	0	0	0	0.0289614310345083	0	0	0	0	0	0	0	0	0	0.0221361619431126	0	0	0	0	0.094183279743421	0	0	0	0	0	0	0	0	0	0	0	0	0.013615183493403	0.129082156638693	0	0	0	0	0	0	0.0286894660541328	0	0.0687232410150024	0	0.0227920624809703	0	0	0	0	0	0	0	0	0.111974202354108	0	0	0	0	0	0.0992841659855647
0	0	0	0	0	0	0	0.0116422748061372	0	0	0	0	0	0	0	0	0	0	0	0	0	0	0	0	0	0	0	0.0805688584443496	0	0	0.0230955737476961	0	0	0	0	0.019437990599502	0	0	0.0686730123513545	0	0	0	0	0	0.0358280600311607	0.0157497288131494	0.0573446715383765	0	0	0	0	0	0	0	0	0	0	0	0	0	0	0.0342676845648576	0	0	0	0	0	0	0	0.0200645484345633	0	0	0	0	0	0	0	0	0.483006653346101	0	0.150320943322752	0	0	0	0	0
0	0	0	0	2.4669658238977e-08	0	0.0746998966773393	0	0	0	0.0701360363892862	0	0	0	0	0	0	0	0	0	0.0818391265594968	0.0934064276796795	0.0143334192453439	0	0.0270976600135592	0	0	0	0	0	0	0	0	0.0584895204469939	0	0	0	0	0.0134557515360011	0	0.0875903274489628	0.0250023767401022	0	0	0	0.0064873085256728	0	0	0	0	0	0	0	0	0	0	0	0.0185139977806276	0	0	0	0	0	0.115319048937746	0	0	0	0	0	0	0	0	0.0741332105407698	0	0	0	0	0	0	0.23949586680876	0	0	0	0	0	0
0	0.00693949575120819	0	0	2.32914275084351e-08	0.0496107395821896	0	0	0	0.0584577409483002	0	0	0	0	0	0	0	0.182475351640063	0	0	0	0.0553110919380224	0	0	0	0.0335506851758079	0	0	0	0	0	0	0	0	0	0	0	0	0	0	0.0212752791659017	0	0	0	0	0	0	0	0	0	0	0.11692233309402	0	0	0	0	0	0	0	0	0	0.0189448969112425	0	0	0	0	0	0	0.0473572352996741	0	0	0	0.187692985144577	0	0.0354784879011966	0	0	0	0	0	0.185983654156369	0	0	0	0	0
0	0	0	0	0	0	0	0	0	0	0	0	0	0	0	0	0	0.0498314899120748	0	0	0.0845918272201596	0.0806836261589513	0	0	0	0	0	0	0.0586263555784632	0	0	0	0	0	0	0	0	0	0	0.0482493301244803	0	0	0	0	0	0	0.0286312481079297	0	0	0	0	0	0	0	0	0	0	0	0	0	0	0	0	0.049121753264185	0	0	0	0	0	0	0.0110365984150168	0	0	0	0	0	0	0	0.334170521085406	0.175339639157415	0	0	0	0	0	0.0797176109759182
0	0.0341302975148737	0	0	0	0	0.02740164817998	0	0.0397318362961846	0.0137695955512228	0	0	0	0	0	0	0	0	0.0118480902447772	0	0	0.0734590441120589	0	0	0	0.0735585291841064	0	0	0	0	0	0	0	0	0	0	0	0	0	0	0	0	0	0	0	0	0	0	0	3.1635285874823e-08	0	0	0	0	0.182574405789492	0	0	0	0	0.0441028354453684	0	0	0	0.141097173693416	0	0	0	0	0	0	0	0	0	0	0	0	0	0	0	0.183850806624294	0.0458192196481588	0	0.0323613130943611	0	0	0.0962951729864199
0	0	0	0	2.23837262298394e-08	0	0	0	0	0	0	0	0	0	0	0	0	0.0154056834625499	0	0	0.0193282902779635	0.183320367775899	0.0534615550085903	0.0113915585185469	0	0	0.0483433566310931	0	0	0	0	0	0	0	0	0	0	0	0	0	0	0.00978388276552478	0	0	0	0	0	0	0	0	0	0.287924759665862	0	0	0	0	0.0862258406153528	0.00552815999385756	0.0114307775583391	0	0	0.059013757671521	0	0.0549002413443393	0	0	0	0	0	0	0	0	0.105793569074428	0	0	0	0	0	0	0.0481481772524071	0	0	0	0	0	0
