"SBS1"	"SBS2"	"SBS3"	"SBS4"	"SBS5"	"SBS6"	"SBS7a"	"SBS7b"	"SBS7c"	"SBS7d"	"SBS8"	"SBS9"	"SBS10a"	"SBS10b"	"SBS10c"	"SBS10d"	"SBS11"	"SBS12"	"SBS13"	"SBS14"	"SBS15"	"SBS16"	"SBS17a"	"SBS17b"	"SBS18"	"SBS19"	"SBS20"	"SBS21"	"SBS22a"	"SBS22b"	"SBS23"	"SBS24"	"SBS25"	"SBS26"	"SBS27"	"SBS28"	"SBS29"	"SBS30"	"SBS31"	"SBS32"	"SBS33"	"SBS34"	"SBS35"	"SBS36"	"SBS37"	"SBS38"	"SBS39"	"SBS40a"	"SBS40b"	"SBS40c"	"SBS41"	"SBS42"	"SBS43"	"SBS44"	"SBS45"	"SBS46"	"SBS47"	"SBS48"	"SBS49"	"SBS50"	"SBS51"	"SBS52"	"SBS53"	"SBS54"	"SBS55"	"SBS56"	"SBS57"	"SBS58"	"SBS59"	"SBS60"	"SBS84"	"SBS85"	"SBS86"	"SBS87"	"SBS88"	"SBS89"	"SBS90"	"SBS91"	"SBS92"	"SBS93"	"SBS94"	"SBS95"	"SBS96"	"SBS97"	"SBS98"	"SBS99"
0	0	0	0	0	0	0.0387788801773117	0.00153287024931175	0	0	0	0	0	0	0	0	0	0	0.00725488555454629	0	0	0	0.0164994583832101	0.0335775260161161	0	0	0.00542755871725922	0	0.0306030680176856	0	0	0	0	0	0	0	0	0.111032721111654	0	0	0.025361767249999	0.00338939126941657	0	0	0	0	0.350709704214282	0	0	0	0	0	0	0	0.0217815081914309	0	0	0	0.0349724912614168	0	0.0833863241412078	0.00310861299140486	0	0.0331955179804317	0	0	0	0.0412645285204023	0	0	0	0	0	0.0704947226294628	0	0	0.0606231224280044	0	0	0	0	0	0	0.0270053408954464	0	0
0	0	0.0555497092707746	0	0	0	0	0	0	0	0	0	0	0	0	0	0.0507625355008606	0	0	0	0	0.119960832819084	0.0713181819360377	0	0	0.0401256100348283	0.0376073850201187	0	0	0	0	0	0	0	0	0	0	0	0	0.0263079536654526	0	0	0	0	0.0612475012985128	0	0.0548471658252057	0	0	0	0	0	0	0	0.110819395752806	0	0	0	0	0	0	0	0	0.059058872560535	0.0251554733274173	0	0	0.0376053449083614	0	0.0158131012033065	0.00301683266845271	0	0	0.00527963646207145	0	0	0	0	0	0	0.196854267528798	0	0	0.0286702002173761	0	0
0	0.0121640975887671	0	0	0	0	0	0	0	0.0185827534133051	0	0	0	0	0	0	0	0.0131099791594134	0	0.0514409874411978	0	0	0.0191860972917032	0	0	0.00766760992646514	0.0320109759408955	0	0	0	0	0	0	0	0	0.0140211891186454	0	0	0	0.133464867997929	0	0	0.150034481923468	0	0	0	0.0576743188778414	0	0	0	0	0	0.0151859647647751	0	0	0	0	0	0	0	0	0	0	0.0332478001196658	0	0	0	0	0	0.0187639291459243	0	0	0	0	0.0342814181195583	0	0	0	0	0	0.271220951066907	0	0.109717885099611	0.00822469300392757	0	0
0	0	0	0	0	0	0	0	0	0	0	0	0	0	0	0	0	0.0247253974852968	0.0502665807839796	0	0	0.000320648604231037	0.0205579350002008	0	0	0.00987614846012336	0	0	0	0	0	0	0	0	0	0.057448645038476	0	4.71415251512336e-05	0.159546616266551	0.0169189694628398	0	0.00703132121520266	0	0.0108474134952322	0	0.0302248926010076	0.0888472696952312	0	0	0	0	0	0	0	0	0	0	0	0	0	0	0	0.127480305111687	0.0652485036862849	0	0	0.00864420314146884	0.0218012624953629	0.011320086936878	0	0	0	0.00425625119764431	0.0436683873887937	0	0.0626650424939242	0	0	0.113395401396797	0.0622206965929387	0	0	0	0	0.00264087992469705	0
0.026855346581519	0	0	0	0	0	0.0700497287666414	0	0	0.0128462026902006	0.00192601881125696	0	0.00102657638297903	0	0	0	0	0.160015956939996	0.000809995698581104	0	0	0	0	0	0	0.0663695058332559	0	0.0181968726444626	0.0464019179604585	0	0	0.0345760867553932	0	0	0	0	0	0.0160513329313649	0	0.0659053665168727	0	0	0.0902644774757289	0	0.101029204586459	0	0	0	0	0	0	0	0	0	0	0	0	0	0	0	0	0	0.00928680077953874	0	0.0209210236195821	0	0	0	0	0	0	0	0	0	0.137805047097185	0.0696110623582405	0.0186430322111751	0	0	0	0	0	0.0314084433591082	0	0	0
0	0	0	0	0	0	0	0	0	0.0160508771767087	0.0385886735279985	0	0.0107526661968046	0	0	0	0	0.129312323261275	0	0	0	0	0	0	0.0148128622906868	0.00314833664379533	0	0	0.0145546340579873	0	0	0	0	0	0.00895157494808271	0.000548383815815089	0	0	0	0	0	0.0173329840888954	0	0	0.0241975973171952	0	0.0616048505032647	0	0	0	0	0.109372440267433	0	0	0	0	0	0.00246943407600503	0	0	0	0	0	0.0657655074125151	0.0230254802804057	0	0.0172176517920027	0	0	0	0	0.0651206754364	0	0	0	0	0	0.0155838073113257	0.170771527552615	0.0155790779730436	0	0	0.0332294152973747	0.0471642167927791	0.0358963364479099	0.0589486655316814
0	0	0	0	0	0	0.0317616796096643	0	0.0392662142988904	0	0	0	0.014335106339737	0.0338315049454146	0	0	0	0	0.0413928344207131	0	0	0.0842452734825885	0.025359011862611	0.0384906676280154	0	0	0	0	0	0	0	0	0	0	0	0.00646107065667482	0	0	0.24426327188108	0	0	0	0	0	0	0	0	0	0	0	0	0.0527171516632915	0	0	0	0	0	0	0.00872350944082095	0.0270943796761615	0	0	0	0.0268735921695459	0	0	0.0350985097424694	0	0.00542963622837304	0	0	0	0.098169781682079	0	0	0	0	0	0	0	0.185528014259029	0	0	0	0	0.000958790012840575
0	0	0	0.0988068447345748	0	0	0.0511697682830542	0.0330795033166513	0.0624365719109796	0.016066281636709	0	0	0	0	0	0	0	0	0.00678574452510211	0	0	0	0	0.00788264056644369	0	0.00911149446074053	0.0878506087228035	0	0.00481319212353406	0.112611150325637	0	0.00675792761973558	0	0	0.00309578629265288	0.0298844953142698	0	0	0	0.0644100049050085	0	0.0056021902477537	0	0	0	0	0.028114184610317	0	0	0.0277206630668198	0	0	0	0	0	0	0	0	0	0	0	0	0	0.137790202253623	0	0	0	0	0	0	0	0	0	0	0	0	0.0397025903078114	0	0.0465368238537297	0	0	0	0.077287239971886	0	0	0.042484090950163
0	0.011106869252462	0	0	0	0	0	0	0	0.0274396316002981	0	0	0	0.0109496577432092	0	0	0	0.0680553460135192	0.0101945666549599	0	0	0.273775535651178	0	0.0084035770976835	0	0	0.0110786423863533	0	0	0	0.0225591051411434	0	0	0	0	0	0	0	0	0	0.0100053364655831	0	0.0258258636133656	0	0	0	0	0	0	0	0	0.133960193913437	0	0	0	0	0	0.0125627652270026	0.0146615281916076	0	0	0	0	0.0293080007255704	0.00800465415598589	0	0.0277727868948739	0	0.0358222453858583	0.00998186012099498	0.0716817079454079	0.0161577048630024	0.0075043519051314	0	0.0320003303156101	0	0	0	0	0	0	0	0	0.121187738735762	0	0
0	0.0173588653453622	0	0	0	0.00289130413705639	0	0	0.0462911705959587	0.00419194263842304	0	0	0	0	0	0	0	0.0315677744687038	0	0	0	0.024355773574955	0.0119097248069269	0.00299248333990107	0	0	0.064321160331574	0	0	0	0	0.0508090174361895	0.159402659919746	0.0466336140651879	0	0.0219056501764889	0	0	0.0473629897770822	0	0	0	0	0	0	0.0176194969998836	0	0	0.0460570595626919	0	0	0.0275953843648263	0	0.00929321693386858	0	0	0	0.00894380431978766	0	0	0	0	0.0370197657814622	0.0441347362799965	0.00297396018011878	0	0.0396763411581434	0.0258449242699182	0	0	0.0683771817060216	0	0.080256156695548	0	0.0331811489397709	0	0	0	0	0.00155067036927724	0	0	0.0102584527223379	0.0152235691027918	0	0
0	0	0	0	0	0	0	0	0	0	0	0	0	0.0156320811031322	0	0	0	0.0757038924068033	0.0451677754727186	0.0099432493215721	0	0.0269872077404399	0	0	0	0	0	0.0328956402032901	0.00651957894321208	0	0	0.0972754214065344	0	0	0	0.120021882460786	0	0	0	0	0	0	0.0738243369995105	0	0	0.0106462308737143	0.00256702194522997	0	0	0	0	0	0	0.0520820112661329	0	0	0	0	0.0111236216788966	0	0	0	0.0213432045893519	0	0	0	0	0	0	0	0.0389070657128329	0	0	0	0	0	0.00685979689824924	0	0.242910133149582	0.0788855589102005	0	0	0.00439888700428883	0	0.0263054019135225	0
0	0.0129165302609358	0.162783285246146	0.0982503187989749	0	0	0	0	0.0198289943142535	0	0	0	0	0	0	0	0	0.12313331429835	0.00646902043492179	0	0	0	0.0221712058477112	0	0	0.115871918249173	0	0.00838410775253956	0	0	0	0	0	0	0	0	0	0	0.0554432000658606	0	0	0	0	0.00296647493816824	0	0	0	0	0	0	0	0	0	0	0.0829818378194468	0	0	0	0	0	0	0.026443334347024	0.0293328831621546	0	0	0	0	0	0	0	0	0	0	0	0	0	0.0459827078312983	0	0	0	0.0408771173258677	0	0.146163749307175	0	0	0
0.00364280459957738	0.0211454972132139	0	0	0	0	0.0606778680142112	0	0.0313423834150622	0	0	0	0.0226079291084151	0.0267152548181711	0	0	0	0	0.026179045317933	0	0	0	0	0	0	0	0	0	0	0	0	0.0253837972132364	0.0411020325476549	0	0	0	0	0.0496063803975746	0	0	0.0104965249966862	0	0	0	0.081232291318056	0	0	0	0	0	0	0	0	0	0.04003167151548	0	0	0	0.0284484260658499	0	0	0	0.0563643141789776	0.0258673179477473	0	0	0.00424837237615455	0	0	0	0.0831269211723543	0	0	0	0.0178112074797036	0.00945702079965064	0	0	0	0	0.256528113353205	0	0.0433627094406499	0	0.0346221167104346	0
0	0	0	0	0	0	0	0	0	0	0	0	0	0	0	0	0.0594188551849541	0.038308297112901	0.0520069573180813	0	0	0.237634094179046	0	0	0	0	0.0770868576486334	0	0	0	0	0	0	0	0	0	0	0	0	0.015570851737377	0	0	0	0	0	0.113914980857012	0.134249612507791	0	0	0	0	0	0	0	0	0	0.017471238103386	0	0	0	0	0	0	0.0144204432206847	0	0	0	0	0	0.0299635904583765	0	0	0	0	0	0	0	0	0	0.0285439116084713	0.0618703972461111	0	0	0.0904043447642164	0.00974440061217827	0.0193911674407792
0.0135146380479537	0	0.055581611407286	0	0	0	0	0	0.0291577862723841	0	0	0	0	0	0	0	0	0	0	0	0	0	0.0295924540647797	0	0	0	0	0.0240307521238957	0	0	0	0.00171546831257628	0.117250013082492	0.0200165350189397	0.103742334442101	0	0	0.0441949695544864	0.0462389506346664	0.111937587094988	0.0159152334688027	0	0	0	0.0155284811076513	0	0	0	0.140880957278645	0	0	0.043405961471401	0	0.0139642294653079	0	0	0	0	0	0	0	0	0.00177230585550354	0	0	0	0	0.114978479024519	0	0	0	0	0	0	0	0	0	0	0	0	0	0	0	0	0	0.0565812522716214
0.0234737015545011	0	0	0	0	0	0.0683493203014421	0.0329384699952831	0.0804743013218235	0	0	0	0	0.00910348809624389	0	0	0	0	0.00519700868488203	0	0	0	0.00289572805936917	0	0	0	0	0	0.00441598299843114	0	0.0655652386701954	0	0	0.0602200976468434	0.050001720764363	0.00758678514111333	0	0.0202300282246587	0	0	0	0.00788457146485423	0	0	0	0	0.0675045599793127	0	0	0.115110421587903	0	0	0	0	0	0	0	0	0.0209991657092074	0	0	0	0	0	0	0	0.0475801213648836	0.0656743622262453	0.0268576495352435	0	0.00204787544443004	0	0	0	0	0	0	0	0.167520531825826	0	0	0	0.0471960580371438	0.00117281136580066	0	0
0.0182030339533005	0	0	0	0	0	0	0	0	0	0	0	0	0	0	0.00705104337678726	0	0.0611958888766369	0.0327509318341322	0	0	0	0.0216090814597884	0	0	0	0.0540305002505221	0	0	0	0	0.108430248948438	0	0	0.00405426267306693	0	0	0.0201737820251883	0.0157996322700885	0.0787329714414173	0.0675712417965667	0	0	0	0	0	0	0	0	0	0	0	0.0271235453361481	0.0417530569891592	0	0	0	0	0	0	0.0143087833912008	0.0359054483647379	0	0	0	0	0.032224347562127	0.0366172285290408	0	0	0.0264987202062345	0	0	0	0	0.0387147232667114	0	0	0	0.0641956143361155	0	0	0	0.109154215751252	0	0.083901697361339
0	0	0	0	0	0	0.0224764634289241	0	0	0.0345369385613144	0	0	0	0	0	0	0	0	0	0	0	0.127855571736711	0.0326121506226514	0	0.147466678657525	0.101463383502043	0	0	0	0	0	0	0	0	0.0194081538474882	0	0	0	0	0	0.00361460941920524	0.0707106245982078	0	0	0	0	0.0522281671184001	0	0	0	0	0	0.00493004102957952	0	0	0	0	0	0	0	0	0.0533946818913029	0.00684693872461502	0.0323088654609788	0.00111812634624173	0	0	0	0	0.00951442757101916	0.0958105167725166	0	0.0304057986078912	0.0379655665847641	0.0772003891981994	0	0	0	0	0	0.034788498012503	0	0	0.00334340830791868	0	0
0	0.00364761536286719	0	0	0	0	0	0	0	0	0	0	0	0.0551749066189151	0	0.0217831422139302	0	0	0	0	0	0.0227695769718981	0	0.00598534428173319	0	0	0.0852361503885135	0.0280595518618866	0	0	0	0	0	0	0	0	0	0	0	0.0925930940345885	0.0197228587304976	0	0	0	0	0	0	0	0	0	0	0.054387795726984	0	0	0.0628492424917361	0	0	0	0	0	0	0.0252459649658448	0	0.0757370943132867	0	0	0	0.0782590576187134	0.0230689554634935	0	0	0	0	0.00890419623614007	0	0	0.0677554163389418	0	0.0258202787672473	0.0318033747620077	0.0579968014572037	0	0	0.0789488051870163	0.0334506235698308	0.0408001526367239
0.0130781470986773	0	0	0.164102437217418	0	0	0	0	0	0.010913227634188	0.0546818856889276	0	0	0.0111003693084298	0	0	0	0	0.00324033280777953	0	0.0468720513064319	0	0	0.00607311088647433	0	0	0	0.0317656220371493	0	0	0	0	0	0	0	0	0	0	0	0.0493495259193286	0	0	0	0	0	0	0.0614890986877217	0	0	0	0	0	0	0.0120252073491618	0.115719332136561	0	0	0	0	0.00750098353398717	0	0	0	0.0270916419260672	0	0	0	0.182865826637589	0	0	0	0	0	0	0	0	0.000426558533104232	0	0	0.127706858182614	0	0	0.0470203157602387	0.0269774673481514	0	0
0.00343115989288185	0.0146009409964316	0	0	0	0	0.074421031422432	0	0	0	0	0	0	0	0	0	0	0	0	0	0	0	3.31745195776359e-05	0.00641265009580279	0	0	0	0	0.08694607455113	0	0	0	0	0.0900824565794547	0	0	0.0620502015084611	0	0	0	0	0	0	0	0.183287559280178	0	0.0315175370122311	0	0.00633913002071395	0	0	0	0	0.00322994379726462	0	0	0	0	0	0	0	0	0.0109448201445842	0.0379005643026991	0	0.00899074884667221	0	0	0.0071642714508358	0	0.0452953234020976	0	0	0	0	0	0.000485465268303962	0.00241831187112622	0.10861014246375	0.126535409119587	0	0	0	0.04862811651646	0	0.0406749669373246
0.0050416935287229	0	0	0	0	0	0	0	0	0	0.129692752557841	0	0.000611602042363329	0	0	0	0	0.161849548940902	0.0106276471980937	0.00609329713695781	0	0.025928924856152	0	0	0	0.0782280933073991	0	0.0230203239609646	0	0	0	0.0182872198466559	0	0	0	0.0328940720411144	0	0	0	0	0	0	0	0	0	0	0.039622517114342	0	0	0	0	0.0624799642336272	0	0	0	0	0	0	0.0660818178076993	0.0434367237927298	0	0	0	0	0.00746053788779158	0	0.0840686861280243	0	0	0.0090884976391738	0	0	0.0401544706997167	0	0.0209671629206363	0	0	0	0	0	0	0	0	0.123364440634951	0.0110000057241413	0
0.0244569880564802	0.0711615469895752	0	0	0.0362645963812632	0	0	0	0	0.00917185923723076	0.116641092364053	0	0	0	0	0	0	0.0893988530066568	0	0	0	0.0971064291276698	0	0	0	0.0420836001070803	0	0	0.0173521868958466	0	0	0	0.0138375681377448	0	0	0	0	0	0	0.069368689854949	0	0	0	0	0	0	0	0	0	0	0	0	0	0.082969228020913	0	0	0	0	0	0	0	0	0	0.0396736384843612	0	0	0	0	0	0	0	0	0	0	0	0.136177566838846	0	0.0109442593839943	0.0624771289122169	0.0409249296441379	0	0	0	0.0399898385569816	0	0
0	0.00275533079200849	0.053917071172607	0	0	0	0	0	0.0804322467500126	0.0279905107239829	0	0	0	0	0	0	0.0253137818620894	0.0522900603900804	0.0227882143372736	0	0	0.0459854821579577	0.0357702904497863	0	0	0.0541921236431556	0	0	0	0	0	0.0331738096195999	0	0	0	0	0	0	0	0	0.00967618248803833	0.00230786175004612	0	0	0	0	0	0	0	0	0	0	0	0.00523684700468788	0	0	0	0	0	0	0	0	0.0165862527645682	0	0	0	0	0	0	0.00956628943711074	0.0399807297359338	0	0.0289153734232501	0	0	0	0.0172257609431353	0	0	0.0515427406649644	0.343409545428854	0	0	0	0	0.0409434944608572
0	0	0.0282376901995432	0.106627736210992	0	0	0	0	0	0	0	0	0	0.0507130437895876	0	0	0	0.127661936550813	0.0208841708906435	0	0	0	0.0172054862181555	0.00967641804756268	0	0	0.0304165474181073	0	0	0	0.0322172389032524	0	0	0	0	0	0.014166690503536	0.0792512416985342	0	0	0	0	0	0	0	0	0.0445588448661423	0	0	0	0	0	0	0	0	0	0	0	0.0342976059035492	0.0210777821702155	0.0210583382393677	0	0.0178465647848152	0.00529688583012475	0	0	0	0	0	0	0	0	0.0224162689153673	0	0	0	0.0119423022582658	0	0	0.0373416579518863	0.223583340666102	0	0	0.0364336529539828	0	0.00708855502945467
0	0	0.021604858203195	0	0	0	0	0	0	0	0	0	0	0	0	0	0	0	0.012768456181459	0	0.0188933738701093	0	0.0375910992534283	0	0	0.0221413256208163	0	0	0	0	0	0.0354844973504693	0	0	0	0	0	0.04310553208647	0.0943548753620139	0	0	0.0338532917829595	0	0	0	0	0.0599416206634542	0	0	0.203486533599923	0	0	0	0.168266318610026	0	0	0	0.0195631818919808	0.00923026200759935	0.0125333633033827	0	0.00469784480037556	0	0	0	0	0	0.0190357664335113	0.0134608982732297	0	0	0	0.0538300325707114	0	0	0	0	0	0	0.116156868134885	0	0	0	0	0	0
0	0	0	0	0	0	0	0	0.0718350799272276	0	0	0	0	0	0	0	0	0.0183625665551349	0	0	0.0171083221628197	0	0	0.00849522106586127	0	0	0	0	0	0	0.0170084761613024	0	0	0.0927531573328632	0	0.0324639979060819	0	0.0725434725498332	0.0424473724452658	0.0742109306316602	0	0	0	0	0	0	0.043953766976352	0	0	0	0	0	0	0	0.00957635997643409	0	0	0	0.0101802957917068	0	0	0.0521460071957687	0.0189904699111304	0.160697885905144	0	0	0	0	0.00854348181648788	0	0	0	0.0581685727630246	0	0	0	0	0	0.190514562925901	0	0	0	0	0	0	0
0.0131750244283404	0.0114419064723702	0	0	0	0	0	0	0	0	0	0	0.0126443942772185	0.0826450950360111	0	0	0	0	0	0	0	0.0511249607234841	0	0.0145348272037272	0	0	0	0	0	0	0	0.111385083744669	0	0	0.00670111830127467	0	0	0	0.278664909089222	0	0.0420543373075696	0	0	0	0	0	0.0337018223191962	0	0	0	0	0.0158359806967907	0	0	0.000201320392141806	0	0.0112457254311045	0	0	0	0.0468517729076525	0.00518961293095276	0.0217682196727965	0	0	0	0.0599781927203904	0	0	0	0	0.147706215479496	0	0	0	0	0	0	0	0	0	0	0	0	0	0.0331494808655919
0	0.0502008643715162	0	0	0	0.0255731186167958	0	0	0.00990019357648624	0.00895821344632316	0	0	0	0.000664475847129412	0	0	0	0.103795312664166	0	0	0.0288304649514249	0.131688347950505	0.0206211899007683	0	0	0.0247363714118396	0	0	0	0	0	0.0655925451070851	0	0	0.0501165575887878	0	0	0	0.0211285493970489	0	0	0	0.0405760345400842	0	0.0277106950502738	0	0.09089134214989	0	0	0	0	0	0	0	0	0	0	0	0	0.064603636803549	0	0.0235942656874675	0	0.0931512201597191	0	0	0	0	0.0328253121029088	0	0	0	0	0	0	0	0	0.00923445396719105	0	0	0	0	0.0640752434214199	0.0115315912876204	0	0
0	0.00737543372463155	0	0	0	0	0	0	0	0	0	0	0	0	0	0	0	0	0	0	0	0.0829294729802728	0.0251320918677289	0	0	0.0377565005717453	0.0191801976063747	0.0547345241000939	0	0	0	0	0	0.0441735234566206	0.0410404574842418	0	0	0	0	0	0	0	0	0	0	0.0254167749264106	0.092342606271961	0	0	0	0	0	0	0.00408667974728047	0	0	0	0	0	0.0238800938776498	0	0.0547022542890183	0	0.0485715480618602	0	0	0.209771801768428	0.0189429903763866	0.026171985354642	0	0	0	0.00313300352003505	0.0137745472628863	0	0	0	0	0	0	0.104250570467442	0	0	0	0	0.0626329422842902
0.00202603748497144	0	0	0	0	0	0.00704033528402856	0.00705282336229278	0	0	0.059496830990736	0	0	0.0371162757574028	0	0	0.0380036359084539	0.134038170542396	0.0252362136982752	0.00759577731410787	0.0321259173668316	0.0971778101456313	0	0.0098667140474689	0	0.188851371286217	0.00682611517865677	0	0	0	0	0	0	0	0.0123564130005577	0	0	0	0	0	0.0103724072410506	0	0.00353489878974296	0.0161413220887176	0	0	0	0	0	0	0	0	0	0	0	0	0	0	0	0.0316966283393818	0	0.00193419114643173	0	0.0850845616234306	0	0	0	0	0.0511730614831582	0	0	0	0.019952319952253	0	0.0571619605626291	0	0	0	0	0	0	0	0.0581382074051764	0	0	0
0	0	0	0	0	0	0	0	0	0	0	0	0	0	0	0	0	0.0071081246222604	0.0850814920160787	0	0	0.0546773749676333	0	0	0	0.122069069200795	0	0	0.037494037428363	0	0	0	0	0	0	0	0	0	0.0350279874629665	0.0746140111379898	0.0714027701546375	0	0	0	0	0	0	0	0	0	0	0	0	0	0	0	0	0	0	0	0	0	0	0	0	0	0	0.0536866402293985	0.0475605236351021	0.0156612853422985	0	0	0.0527775547844699	0	0	0	0	0	0	0.017590865808692	0.325248263209315	0	0	0	0	0
0	0.0179529170000145	0.323925931530131	0	0	0	0	0	0.0530590812861121	0	0.00479233742164491	0	0	0.0191984594736092	0	0	0	0	0	0	0	0.0999004406782415	0.0532755592679603	0.0100711092196745	0	0.0333905510245581	0	0	0.0048691134612207	0	0	0	0	0	0	0.0141283495032387	0	0	0	0	0	0.0118614023676178	0.0325760892792318	0	0	0	0	0	0	0.128742501716662	0	0	0	0	0.0141944336540458	0	0	0	0.00678160097014835	0	0	0	0	0	0	0	0	0.0874826094738961	0.0103339595656169	0	0	0	0	0	0.00103939239712586	0	0	0	0	0.0199695425156343	0.0253638917036797	0	0	0	0.0270907264899358	0
0	0	0	0.0764190083708058	0	0	0.0509312957584959	0	0.0747267755254686	0	0	0	0	0	0	0	0	0	0.0371965607592983	0	0	0.123607464148179	0	0	0	0	0	0	0	0	0	0	0	0	0	0	0	0	0	0	0	0	0	0	0.00269614406981251	0	0	0	0	0	0	0	0	0	0	0	0	0	0	0.0693169026338859	0	0.00556893605826595	0	0.121105116266516	0	0	0	0	0	0	0	0	0	0.112885718331496	0	0	0	0	0.0378990848092145	0	0.214721437769303	0	0	0	0	0.0729255554992582
0	0	0	0	0	0	0	0	0	0.024796972788348	0.0549913225600928	0	0	0	0	0	0	0.11699027433409	0.0137038627702283	0	0	0.0686939575584404	0.0125443070212294	0	0	0.0990087466112697	0	0	0	0	0	0	0	0	0	0	0	0	0	0	0.0265737239772495	0.0345628898654843	0	0	0	0.0672788778307271	0.0232285868191142	0	0.0408068424146148	0	0	0	0	0	0	0	0	0	0	0.0706423796489373	0	0.00358274055412673	0.0110068795972599	0.0380190802824467	0	0	0	0	0.0122606680922488	0	0.0334700330797445	0	0.054387075172719	0.066206467462492	0	0	0	0	0	0	0	0	0.127244311559136	0	0	0
0	8.01560670577614e-05	0	0	0	0	0	0	0.040459695664534	0	0.0445588822257846	0	0	0.0187659089089886	0	0	0.0274128439534318	0	0	0.0207131693900161	0.0204867467929289	0.14897359477619	0	0	0	0	0.136487022866706	0	0	0	0	0	0	0.173123723635819	0	0	0	0	0	0	0	0	0.00198723268835867	0	0	0.0274429418765569	0.0629710542971943	0	0	0	0	0	0	0	0	0	0	0	0	0.0828946968985164	0	0	0	0.0148360932638057	0	0	0.00875916683661724	0	0	0	0.131962103992532	0.0149762056480062	0	0	0	0	0	0	0	0	0	0	0	0	0	0.023108760216957
0	0	0	0	0	0	0	0	0.0104754163318606	0	0	0	0.0300666584921756	0	0	0	0	0	0.00738374745186609	0	0	0.135653109243314	0.0546706567408658	0	0	0	0	0	0.0403692101625858	0	0	0.0252697315012877	0	0	0	0	0	0	0.0318892279074448	0.267918347455389	0	0	0	0	0	0	0.155190966104088	0	0	0	0	0	0	0	0	0	0	0	0	0	0.0132624561195955	0	0	0	0.0122429302718904	0	0	0	0	0	0	0	0	0.0818515406030944	0	0	0	0	0.0283415892641008	0.102451400594594	0	0	0	0.00296301175584605	0	0
0.0291980760978886	0	0	0	0	0	0.105574493264428	0.00121449592999736	5.8952017416773e-05	0.0495981602265056	0.0222489738548749	0	0.0262537800161375	0	0	0.000853433490844513	0.0556728574394032	0	0.059453224945836	0	0	0.0568034353473669	0	0.0334465480503745	0	0.0255452488545621	0.0553542919156776	0.0449110311187951	0.0157691773332425	0.010227007857733	0	0	0	0	0	0	0	0	0	0	0.0272268129170955	0	0.0287928751178598	0	0	0	0.0513961500073227	0	0	0	0	0	0	0	0.0181746141788251	0	0	0	0.0393117463489481	0	0	0	0	0.0389145078886756	0.0166108285360209	0	0	0	0.0180293861396393	0	0.0417957404034843	0.047145776924736	0	0	0	0	0	0	0	0.0454211463483801	0	0	0.0228441576079927	0	0.00493980368977147	0.00721326613016422
0	0.0495460637099425	0	0	0	0	0	0	0.0671847293655389	0	0	0	0	0	0	0	0	0	0	0	0	0.0952390062152276	0	0.0105714666562307	0	0	0.0744228331158938	0.0227901661825016	0	0	0	0	0	0.0277366606985708	0.00950251783316469	0	0	0	0.0519467897152824	0	0.0460382852696783	0	0	0	0	0	0.0289982580412297	0	0	0	0	0	0	0	0	0	0	0	0	0	0.0364960340214118	0.000712579136729623	0	0	0	0	0.0221874619230567	0	0.054172793756245	0	0.0882674493343812	0.0462482696279292	0.025940152785928	0.05777188087468	0.0412329949312641	0	0	0	0	0	0.134482985806082	0	0	0.00851062099903121	0	0
0.0319517010196975	0	0	0	0	0	0	0	0.0369724122228743	0.0220220397033306	0	0	0.032762370074004	0	0	0	0	0	0	0.0305146899469462	0	0.281299849020981	0.0242959463798613	0	0.00382070647503454	0.038583494448228	0	0	0	0	0	0	0	0	0	0.00294491233826742	0	0	0.0582006371526185	0.0965030646856759	0	0	0	0	0	0	0.0691856241280712	0	0	0	0	0	0	0	0	0	0	0.0124171895554494	0.00615559154406929	0.0673036835220144	0	0	0	0.070850188458902	0	0	0	0.0274780663482945	0	0	0	0	0	0.0466438029417292	0	0	0.0360720025520865	0	0	0	0	0	0	0.00402202748186385	0	0
0	0.00586968814035824	0	0	0	0	0.0469858339426199	0	0	0	0.0816784000633951	0	0	0	0	0	0	0	0.0458694588346581	0	0.0432345572592266	0	0.00549038537693141	0.0121100272473482	0	0	0.000774527106937976	0	0	0	0	0	0	0	0	0	0	0.0163767077213061	0	0.113705291457996	0	0	0	0	0	0	0	0	0	0	0	0	0	0	0	0.111758207173895	0	0	0	0	0.101402685444647	0	0.00584036869672615	0.0304518054936356	0	0	0	0	0	0	0	0	0	0	0.0700128325277756	0.0618167405394292	0	0	0	0.0661426114251889	0	0	0.0572761475880634	0.0265790003477649	0.0966247236120973	0
0	0	0	0	0	0	0	0	0	0.0527088586320019	0	0	0.0146532172338859	0	0	0	0	0	0	0	0	0	0.0567192681474778	0	0	0.00149483535001405	0	0.033941975277094	0	0	0	0.0882507473485712	0	0	0.00512190124452899	0	0	0.000131447155610691	0.018006286220843	0	0.0164726806588849	0	0	0.056575543791964	0	0	0	0	0	0	0	0.0215653718066598	0	0	0	0	0	0	0	0.0271503111092011	0.0611326608851385	0	0	0	0	0	0	0.113069545908837	0	0	0.100124881321207	0	0.0326339177094678	0	0	0.174935921134602	0	0	0	0.12531062906401	0	0	0	0	0	0
0	0	0	0	0	0	0.00163384934531385	0	0.0373120823151806	0.00412715810269941	0.0418877781206278	0	0	0	0	0	0.000278625040935301	0	0.0317349208923881	0	0	0	0	0.0125562320994893	0	0	0	0	0	0	0	0	0	0	0	0	0	0.149467636305985	0	0	0	0	0	0	0.169169787442984	0	0	0	0.0654241703631758	0	0	0	0	0	0.0218110384557988	0	0	0	0.0150478163042648	0.0197199736040364	0	0.0246948002647459	0.0169848466991413	0.0637224153930808	0	0	0	0	0.0638643004892278	0	0	0.0182244749731937	0	0	0	0	0.0212165556841913	0	0.220762512584546	0	0	0	0	0	0.000359025518994024	0
0	0	0	0.104362978401263	0	0	0.0523654055651297	0	0	0	0	0	0	0	0	0	0	0	0	0	0	0	0	0.0115463026908265	0	0	0	0	0	0	0	0	0	0.0184237725536123	0	0	0	0.0591047798315626	0	0	0	0	0	0	0.248438427021452	0	0.0292038565259967	0	0	0	0	0	0	0.0286761852093015	0.0717995285961009	0	0	0	0.00306451100558727	0	0	0	0.0183230484278017	0.0906276928647163	0.0285054746128953	0	0	0	0.0150618792508613	0	0.0478998638647992	0	0	0.0100517554804279	0	0	0	0	0	0.0309665479481777	0.125774017209459	0	0	0	0	0.00580397294002848
0	0.034090706676484	0	0	0	0	0.015021449180954	0	0.00161721184457588	0	0	0	0.00251429478156449	0	0	0.00559597192334915	0	0.125346625071654	0	0	0	0	0.0137069659033362	0	0	0	0	0	0.0132311250931264	0	0	0.0291264378486761	0	0.0611998955476318	0	0	0	0	0	0.0122776275287563	0	0	0	0	0	0.0253961213388417	0.033246100826943	0	0	0	0	0	0	0.0254304743218694	0	0	0	0	0	0	0	0	0.12344790504811	0	0	0	0.102736329630745	0	0.0154484542736854	0	0.0345332029241055	0	0.0245921904494162	0	0	0	0	0	0	0	0.147996499728019	0	0	0.0592320815251083	0	0.0942123285330481
0	0	0	0.14969130865496	0	0	0	0.0376938186015752	0	0.0657127283573294	0	0	0	0.0320066580692369	0	0	0	0	0	0	0.0195787980498775	0	0.0381413667503777	0	0	0.0466149196392628	0	0.0651241172264732	0	0	0	0	0	0.0249534366560048	0	0	0	0	0.00131426546920298	0	0	0.0175966681019842	0	0	0.182509773292794	0.0969332884633427	0.013741783011785	0	0	0	0	0.0457681322153287	0	0	0	0	0	0	0	0	0.0721297844002763	0	0.0840963701450845	0	0	0	0	0	0	0	0	0	0	0.00298882843095707	0	0	0	0	0	0	0	0	0	0	0	0.00340395446414772
0	0.00445935849614815	0	0	0	0	0	0	0	0	0	0	0	0	0	0	0	0.0407894380558658	0.0334255692208746	0	0	0.15590022892246	0	0	0	0	0.0577327979479392	0.0344489773794285	0	0.0119617391584427	0	0	0	0.04104458524163	0	0.00258773283163906	0	0	0	0.131957527144806	0	0	0	0	0	0	0.0260949420188532	0	0	0	0	0.0179226776266967	0.00766160887088421	0	0	0	0	0	0	0.10120574181201	0	0	0	0	0	0	0	0.0196029210134935	0	0.00810431444120367	0	0	0.063025242677343	0	0	0	0	0	0	0.242074597140281	0	0	0	0	0	0
0.0482785998963326	0.00413395264953471	0	0	0	0	0.00160706684261733	0	0	0	0	0	0	0	0	0	0	0.161506726957041	0.0290758679887241	0.0082234727405197	0	0	0.0375189154714228	0	0	0.0270201874985056	0	0	0	0	0	0	0	0	0.012202821612643	0	0	0	0.0126010030840347	0	0	0.0537526729592315	0	0.00747655098040278	0	0.0190644696418413	0	0	0	0	0	0	0	0	0	0	0	0	0	0.00221676396915753	0.00317475534366316	0.050827489630185	0.0426979597779642	0.059955353682808	0	0	0.00476324127775542	0	0	0	0.0917299715899051	0.0196950168577774	0	0	0.0704726545985629	0.0381096035442339	0	0	0.193894881405137	0	0	0	0	0	0	0
0.00294188551748732	0.0260059243470838	0	0	0	0	0	0.00784628638220496	0	0	0	0	0	0.00681772932553566	0	0	0.00181988402355587	0	0	0	0	0.0440078392962911	0.00490807474719127	0.030369100394958	0	0	0	0	0.00303442770959113	0	0	0.0278863524393767	0	0	0.0216494045182846	0	0	0	0.0485022087756604	0	0	0.0129564996418073	0	0	0	0	0.106577490461898	0	0	0	0	0.0555164782093883	0	0	0	0.0226454727360243	0	0	0	0	0	0.0135017748184976	0	0.0364679531804422	0	0	0	0.125048149458714	0.0112867168925759	0	0	0	0.0101325191023797	0	0	0	0.0315199946829148	0	0	0	0.248027575519755	0	0	0.100530257818382	0	0
0	0.0411711774181208	0	0	0	0	0	0	0	0	0	0	0	0	0	0	0	0	0.036431792864088	0	0	0.11485959293689	0.0155501075482272	0	0	0	0.0819483377622637	0	0	0	0	0	0	0	0.00607913237198354	0	0.0198061654749545	0	0.10986077684727	0.119703227392221	0.0285137174452731	0.013325106593996	0	0	0.023062936804681	0	0.174643628776345	0	0	0.0207806411994996	0	0	0	0	0.0249495415815504	0	0	0	0.0263867949127672	0	0	0	0	0	0.0141885089098859	0	0	0	0	0	0	0	0	0	0	0	0	0	0.0719723035266009	0	0.0567665096333813	0	0	0	0	0
0.0292969896646914	0	0	0	0	0	0	0.0617880946869769	0	0	0.0905515720240355	0	0.0488409945534233	0	0	0	0	0.0252318367417417	0.00840129411063656	0	0	0.036320060201811	0.00498150378558227	0.0177226547521253	0	0	0	0.0460731939627676	0	0	0	0.0632746881445584	0	0	0	0	0	0	0.082557978981084	0	0.00701099764029717	0	0.0203276137569099	0.0568727436261175	0	0.0290695681650254	0	0.126732855669827	0	0	0	0	0	0	0	0	0	0	0	0.0321078725197834	0	0	0.0377082051833429	0	0.0347788318621934	0	0	0	0.00380992223727493	0	0	0	3.81118573449023e-05	0.0072647123006772	0.0935589983836148	0	0.00625535671971964	0	0	0	0	0	0	0.0294233484684375	0	0
0	0.00262576039963436	0	0	0	0	0	0	0	0	0	0	0	0	0	0	0.0164285787233452	0.112033034848753	0	0	0	0.126498551252795	0	0	0	0	0.0166536051764777	0	0	0	0	0	0	0	0	0	0	0	0.168263228503648	0	0	0	0	0	0	0	0	0	0	0	0	0	0	0	0.109676280865886	0	0	0.0201274880161123	0	0	0.0725265606606348	0	0	0	0	0	0	0	0	0	0.102195441069134	0	0	0.00664524398840884	0	0	0	0	0	0.127110914408906	0.119215312086265	0	0	0	0	0
0	0.0069364022500433	0	0	0.032516864319951	0	0	0	0.0507932174302076	0.00802924088400513	0	0	0	0.0176189231501024	0	0	0	0.0916242504602467	0.01321199923154	0.000864833593057452	0	0	0.034037009940412	0.00856708562375873	0	0.14088872053099	0.0146293376484514	0	0	0	0	0	0	0	0	0	0	0	0	0	0	0	0.0523196257521657	0	0	0.00360112037635926	0.0294459889315139	0	0	0.224628174927158	0	0	0	0	0	0	0	0	0.0150695112349562	0.0753794600751024	0	0	0	0.00234481616790786	0.00561092529366107	0	0	0	0	0.00516151958246031	0	0	0	0.0533795293335878	0.104968921086796	0	0	0.00666773758104664	0	0	0	0	0	0.00170478459451927	0	0
0	0.0477896311415267	0	0	0	0	0	0	0	0	0	0	0	0.00442695170006685	0	0	0	0	0	0	0.0157209392143134	0.0401100271601566	0.077311186994329	0.00942474746384979	0	0	0	0.0281710768115381	0.036634057559147	0	0	0	0	0	0.0127666836982042	0.0381040681066929	0	0	0	0.0513745835580183	0	0	0	0	0	0.00652006452124442	0.110510409670674	0	0	0	0	0.190918805769166	0.000962755582137222	0.0511327393883808	0	0	0	0	0	0.00826845200674479	0	0.00238345414554039	0.00636798316176405	0.0849376510691683	0.00411762712016486	0	0	0	0	0	0	0	0	0	0	0	0	0	0	0	0.137656597917348	0	0	0.0275836153520611	0.00680589088776298	0
0	0.00280333180259512	0	0	0	0	0.0506147801873375	0	0	0	0	0	0	0	0	0	0.0834715201269019	0.017356932881164	0	0	0	0.0403817374316848	0.0422184135140769	0	0	0	0	0	0	0	0	0.153596707322075	0	0	0	0.00282116843261608	0	0	0.0358476206042451	0	0	0	0	0	0	0	0.0252472898022272	0	0	0	0	0.0324926733266291	0	0	0	0	0	0.0128017844056678	0.00418422756860044	0	0.00803769452477849	0	0.0767280951617571	0.0315705252276238	0	0	0	0	0.00600376635341965	0.0143168618856829	0.0241881032010679	0.0270217986168947	0	0.0154024701929452	0.0144108530075864	0	0	0	0	0.278481644422423	0	0	0	0	0	0
0.00105210186126603	0.00696831528934423	0	0	0	0	0.00846722516573807	0	0.0141882913877528	0.127180617208139	0	0	0	0	0	0	0	0	0.00240530977566805	0.010055191749717	0	0.0164957351004953	0	0.00131088849216517	0	0.0378246803756133	0.0493753656079684	0.0230505989906665	0	0	0	0.0290698557399632	0	0	0.00137207522820207	0	0	0	0.0641154071252368	0.00142266399294762	0.0055598877604817	0	0	0	0.0150394473061661	0.0751096354002322	0.081749602763135	0	0	0	0	0.0529627202114721	0	0	0	0	0	0	0	0	0	0	0	0	0	0	0	0	0	0	0	0	0	0	0	0.0188696754839875	0	0	0	0	0	0	0.167279422257796	0	0	0.189075285725846
0	0.00488240242461604	0.280834822994865	0	0	0	0.0371450638341735	0	0	0	0	0	0	0.0231421486446935	0	0	0.0129455701713991	0.0397720313203299	0	0.0163527141839666	0	0.0485572026918765	0.00654178947766324	0	0	0	0.111695988796521	0	0	0	0	0	0	0	0	0	0	0	0.128058831357887	0	0.0249974046603714	0	0	0.0372607435710098	0	0.0281553507396242	0	0	0	0	0	0	0	0	0	0	0	0	0	0	0	0.0127004610677162	0	0	0	0	0.0381453894632482	0	0	0	0.0239369253974929	0	0.0235041450737005	0	0	0	0	0	0	0	0	0	0.0699244605856257	0	0.0300414618033399	0.00140509173987968
0	0	0	0.00995806368382364	0	0	0	0	0.0533668769056573	0.0167029718578307	0	0	0	0	0	0	0	0	0	0	0	0.110421422924939	0	0.0429116184086692	0	0.0307029177131121	0	0	0	0	0.0607766632660194	0	0	0	0	0	0	0.0474410057266518	0.0195503832125842	0.0104603463036305	0	0.0105821568758117	0.0914900439403503	0	0	0.0107884277608426	0	0	0	0	0	0	0	0.109991868244796	0.0409515737280712	0	0	0	0	0	0	0.0372323227736133	0	0	0.00392966913137325	0	0	0	0	0	0.129714875391129	0	0	0	0.0383398428898187	0	0	0	0	0	0.0355258112045815	0	0	0.0206265304027572	0.0166712005526036	0.0518634071013337
0	0	0	0	0	0	0	0	0.0585458391957187	0	0	0	0	0.0355239291006782	0	0	0	0	0.00892048624347481	0.0223027965662317	0	0.0370691872426476	0	0	0	0	0	0.0515902143411207	0.0462772647391294	0	0	0	0	0.0566103042087109	0	0	0	0.0397712876879072	0	0	0.0328716295191815	0	0	0	0.094625795074382	0.0460207171702045	0	0	0	0	0	0.0686128774435648	0	0.0932507476840936	0	0	0	0	0.0157470414563939	0	0.106399255287003	0	0.0416104941985902	0	0	0	0	0	0.00838756625806161	0	0	0	0	0	0.0612214573621443	0	0	0	0.0241645975310609	0	0	0	0	0	0	0.0504765116897005
0.0207523929329606	0	0	0	0	0	0	0	0	0.0402644376991937	0.0971855851777237	0	0	0	0	0	0	0.137090425315769	0.0200414191633153	0	0	0.0169205925310904	0.0179562099258575	0	0	0.0620223532715518	0	0.00210618789133931	0	0	0	0	0	0	0	0.0101931217794478	0	0	0	0	0.0104255429574168	0.0230319630090416	0.0658546441842122	0	0	0.028144327916053	0	0	0	0	0	0	0	0	0.0140753853234168	0	0	0	0.0329684043447973	0	0	0	0	0.0255909150272798	0	0	0	0	0.0226041099392652	0	0.163788305973409	0	0.0451737851699936	0	0	0	0	0	0	0.0102307598608001	0.128272333570929	0	0	0.00530679703513602	0	0
0	0.001395808053707	0	0	0	0	0	0.0484342162487256	0	0.01932862173257	0	0	0	0.0205189124622924	0	0	0.0159024969267882	0	0.0347463743714663	0	0	0	0	0.00967300814286002	0	0	0.0834029026033034	0.0485327054868933	0	0	0	0	0	0	0.0453866343291215	0.000619927025710887	0	0.0276874618337526	0.0708688742728902	0.0546366128857533	0	0.0131182184917322	0	0	0.164025844857615	0.0518146055370136	0.106215170746595	0	0	0	0	0	0	0	0	0	0	0	0	0	0	0.0670290862671799	0	0.0581048251080303	0	0	0	0	0.0145016013753648	0	0	0	0	0.00953932169085336	0	0	0.0345167695497816	0	0	0	0	0	0	0	0	0
0.0235277353094209	0	0	0	0	0	0.0052213189086727	0.0676513726850778	0.0146891675287946	0.0148770514110092	0.115259502152092	0	0	0.0234938607248588	0	0	0.00982942456703766	0.0462399399444397	0.0162810308568157	0	0	0.0190167090808479	0.0219527068134088	0	0	0.158912357460129	0	0.0153428149375015	0.0241359237951395	0	0	0	0	0	0	0	0	0	0	0.0494945986271723	0	0	0.0760675541489672	0	0	0	0	0	0	0	0	0	0	0	0	0	0	0	0	0.0831419329717399	0	0	0.023168435211188	0.101127580405292	0	0	0	0	0.0178218364850145	0	0	0	0.0264633540740776	0.00940495846071159	0	0	0	0	0	0.0368788334405913	0	0	0	0	0	0
0	0	0	0	0	0	0	0.115019793661797	0	0	0	0	0	0	0	0	0	0.0132870716334738	0.0169701369239457	0	0	0.0128335794547095	0.00434217275382715	0	0	0	0	0	0	0	0	0	0	0	0	0.00975698739476478	0	0.0642252421239395	0.0325419159031733	0	0	0	0.15720040459624	0.0238148746971366	0.0518163607451453	0	0.230562971824206	0	0	0	0	0.0150976760240593	0	0	0	0	0	0	0	0	0	0.000622319196521265	0	0.0427489689413557	0	0	0	0	0	0	0	0	0.0130239492152843	0.00197339225691007	0	0	0	0.00480809898212592	0.0832808967585073	0	0	0	0.0599153104890318	0.0461578764238456	0	0
0	0	0.0428661819236729	0	0	0	0	0	0	0	0.117501537023239	0	0	0	0	0	0	0	0	0.0240189076698237	0	0.0697498483220287	0.0715763973537234	0.0328806228346527	0	0.0182632671005402	0	0.00131432626426607	0	0	0	0	0	0	0	0	0	0	0	0.136473797638278	0.0278989812618	0	0.0572686794392132	0	0	0.0505230077559955	0.00542797062406545	0	0	0	0	0	0	0	0	0	0	0	0	0.00756420827560778	0	0.0101230096213242	0.00672818947756079	0	0.00361865593064247	0	0	0	0	0.00998165860274934	0.0140083025586457	0	0.0106034670009783	0	0	0	0	0	0	0	0.281608983321193	0	0	0	0	0
0	0	0	0.0186871049564649	0	0	0	0	0	0.0538991694186338	0	0	0	0	0	0	0	0.0118542707925251	0	0	0	0	0	0.0163774242974331	0	0.045564028459889	0.0356365068345656	0	0	0.0217978836899114	0	0	0	0	0	0	0	0	0.0456967066296382	0	0	0	0	0	0	0	0.193407625860895	0	0	0	0	0	0	0	0.0966571789466382	0	0	0	0	0	0.0250250917346138	0	0	0.120670205865859	0	0	0	0	0.0077663492266564	0.0079788121070432	0	0	0.0140223584937583	0	0	0	0	0	0.119306723635978	0	0.023700036494844	0	0.124483149428632	0.0174693731260221	0	0
0	0	0	0	0	0	0.0188514548145103	0	0	0.0258944862137988	0.00153469619039476	0	0.00123616844510008	0.0168133735616655	0	0	0	0.00249151648889933	0.0263772768097348	0	0	0.139808715199853	0	0	0	0	0	0	0	0	0	0.0549227416118028	0	0	0	0	0	0	0	0	0	0	0.131618632538384	0	0	0	0	0	0	0	0	0.0500193340272775	0	0	0	0	0	0	0	0.0494146169264344	0	0	0.0841984631758809	0.213771768397964	0	0	0.0382232417533339	0	0	0	0	0	0.0661936377081745	0	0	0	0	0	0	0	0.0383171838111361	0	0.00572581478298276	0	0	0.0345868775426726
0.00263266170112397	0	0	0	0	0	0	0	0	0.0317280202180148	0	0	0	0	0	0	0	0	0.0294711956139525	0	0	0.167620216378376	0.0287495790933876	0	0	0	0	0.0983469650400261	0	0	0.00523199403423261	0	0	0.00225156574064326	0	0	0	0.0426688164455364	0.139068143515144	0	0	0	0	0	0.00424048485134445	0	0.0335821575838315	0	0	0	0	0	0	0	0	0	0	0.00888017269553128	0	0	0.0828217259431877	0	0.00841783742982464	0	0	0	0	0.0422376304592876	0	0	0	0	0	0	0	0	0	0	0	0	0.248956497904907	0	0	0	0	0.0230943353516483
0	0	0	0.225728409328979	0	0	0	0	0	0.0196741060870414	0	0	0.0119983900158765	0	0	0	0	0.0974811915173034	0	0	0	0	0.040278600622253	0.0119955993753366	0	0.0708651591966675	0	0.0134094219154255	0.0121287713867148	0	0	0	0	0	0	0	0	0	0.00075313370633946	0	0	0	0	0	0.101770159811466	0	0.151499073692001	0	0	0	0	0	0	0	0	0	0	0	0	0	0.0198699720558236	0	1.32462704910559e-05	0.0489477971170608	0	0	0	0.000222946203478839	0.0372972763709599	0	0	0	0.0577019619227056	0	0	0	0	0	0.0783647834040769	0	0	0	0	0	0	0
0.011948587369855	0.0258722825555755	0	0	0	0	0	0	0	0	0	0	0	0.00323263480740178	0	0	0	0.0283677546345529	0	0	0.00157045544795397	0	0	0	0	0.0645592664511382	0	0	0	0	0	0	0	0.0733124463778686	0	0	0	0	0.0821215217379661	0.104267220950247	0.062141707471779	0	0	0	0	0	0.14583565041785	0	0	0	0	0	0	0	0	0	0	0	0	0	0.0506906227372449	0.0183622195126285	0	0.00882174750851763	0.0183744712264172	0	0	0	0	0	0	0	0	0	0	0	0	0	0	0	0.255503458158428	0	0.022019969809738	0.0229979828248378	0	0
0	0	0	0	0	0	0.00507969298645669	0	0.0490116135776703	0.0156665215416764	0.0302535893734873	0	0	0	0	0	0	0	0	0	0	0.11820368771041	0.0523237062928425	0.0122819859585974	0	0	0	0	0.0168495041661805	0	0	0	0	0	0	0	0	0.0249603933349109	0	0.177295205225841	0	0.0103562618569797	0.0478290953941388	0	0	0.00729924165984434	0	0	0	0	0	0.0256046764600383	0	0.0220635992374391	0.0772437806034871	0	0	0	0	0	0	0	0	0	0	0	0	0.0957085245645433	0	0	0	0	0	0.00260034041671233	0.0696061787020446	0.134253406935952	0.00550899400074768	0	0	0	0	0	0	0	0	0
0.031806444902357	0	0	0	0	0	0	0	0.0287418042789102	0.00739313092231535	0	0	0	0	0	0	0.0351139190684945	0	0.0222824705136116	0	0	0.120574693197597	0.0722998690241872	0	0	0	0	0	0	0	0	0.0323212312492564	0	0.0998227609209063	0	0.0243824181582709	0	0	0	0.0210293490944989	0.00450557468121077	0	0.0562847215846922	0	0.0196290296398855	0.0597054536665918	0	0	0	0	0	0	0	0	0	0	0	0	0.0109960350148029	0.0229757023887501	0	0.0112345726263032	0	0	0	0	0.00736376814565075	0	0	0	0	0	0.0130119339033092	0	0	0	0.0347239127186829	0	0	0.010435697525039	0.212855689867476	0	0	0	0	0.0405098169072003
0	0	0	0	0	0	0	0	0	0	0	0	0	0	0	0.007596864768015	0	0	0	0	0	0.0840496544788629	0.0729276463331558	0.0337439108318712	0	0	0	0	0	0	0	0	0	0.0550359463960708	0	0	0	0.0902150740964655	0	0.290111779015968	0	0.0253440137150602	0	0	0	0	0	0	0	0	0	0	0	0.0335102858118286	0	0	0	0	0	0	0	0	0.00646200828578665	0.0779391070510555	0	0	0	0	0.0112488631801228	0	0	0	0.0406317701135009	0	0.0453380607519464	0.117706532726714	0	0.00813848244357566	0	0	0	0	0	0	0	0
0.00286294901857588	0.0266830464980206	0	0	0	0	0.0308719253195362	0	0	0	0	0	0	0.00691968111904364	0	0.00574879920498401	0	0.0204681436686657	0.023261977934262	0	0	0.0436908528303334	0.00579343687826022	0	0	0.0552266204971275	0	0	0.0174236304402317	0	0	0	0	0	0	0	0	0	0	0.0302532872441222	0	0	0	0	0	0.00761269388352711	0	0	0	0	0	0	0	0	0.0418045915031615	0	0	0	0	0	0.112897992136741	0.040505436523932	0	0	0	0	0.0730107782700342	0.0384568742809647	0.0134895674113125	0	0.0743691529732959	0.032988072558361	0	0	0	0	0	0	0	0.0523765162045883	0.243283973600919	0	0	0	0	0
0	0.0140243274533065	0	0.0981053875749781	0	0	0	0	0.0252326514510782	0	0.0210922680835373	0	0	0	0	0	0	0	0	0	0	0.0445031489175502	0	0	0	0	0	0.0386772899775211	0.0172803480910712	0	0.0256641503564026	0	0	0	0	0.00711291963220001	0	0.08618915951192	0	0	0	0.00740126726043048	0	0	0	0	0.157636817882496	0	0	0	0	0	0	0	0	0	0	0	0	0.0394123310694744	0.0276936212797301	0	0	0	0	0	0	0.0458572045323808	0.019516208922949	0	0	0	0	0.00037030131656662	0.136084571513335	0	0	0	0	0.0584270860158372	0.0551981831678272	0	0	0	0	0.0745207559894077
0.0458888734157061	0.0149689178034253	0	0	0	0	0	0	0	0.0344748097171325	0	0	0	0.00534257526593184	0	0	0	0	0.0108424741011424	0	0	0.119329934193921	0.0188858893959457	0	0	0	0.0448041863757326	0	0.0105455142833294	0	0	0.0280767327169514	0	0.0376643652923395	0	0	0	0.0101750822002288	0	0	0	0.00302228145854423	0	0	0	0	0	0	0	0	0	0.231908921647233	0	0.0213481030065454	0	0	0	0	0	0	0	0	0	0.0399392530208552	0	0	0	0.0756762270792498	0.00627894743321036	0	0	0	0.0309634097679698	0.000739770536533794	0	0.0584306638118097	0.0193936693004897	0	0	0	0	0	0	0	0	0.131299398175772
0.0235032117584651	0	0	0	0	0	0	0	0	0	0	0	0	0	0	0	0	0.0442251722492428	0.00339151019939446	0	0.0168067949187718	0.127990036242584	0.065209492731591	0	0	0	0.00243720409345476	0	0	0	0	0.0560736434696831	0	0	0	0	0	0.0128320714853593	0.0392302064896874	0	0	0	0.145154171896492	0.00465125532553087	0	0	0.0463470336034838	0	0	0	0	0	0	0	0.036739505382444	0	0	0	0	0	0	0	0	0.0133749991913291	0.0101405072318178	0	0	0	0	0	0	0	0	0	0	0	0	0.000592189613121245	0.169518451880354	0	0	0	0.0667167332062428	0.0303250795264208	0	0.0847407295045302
0	0	0.0697008983815837	0.058200093341617	0	0	0	0.0565492414856286	0	0	0	0	0.033507929967849	0	0	0	0.00609064998794145	0	0	0	0	0.0243814293984455	0	0.0127610914947001	0	0	0	0.15086772077754	0	0	0	0	0	0	0	0.00360199549033572	0	0.0135864241580306	0	0	0	0.0304425397425971	0.131467859886572	0	0	0	0.221126123117804	0	0	0	0	0	0	0	0	0	0	0.0267995626546765	0	0	0	0	0.0551748563955903	0.0261005554670004	0	0	0	0	0	0.00501088615730797	0	0	0	0	0	0.0552268462909935	0	0	0	0	0	0	0	0.0115232233211028	0	0.00788007248268326
0	0	0	0	0	0	0	0	0	0.0478902269949536	0	0	0	0.0104041450483855	0	0	0.013658120967271	0.145282202404456	0	0	0	0.0905501691917436	0.011862755363378	0.0129073747146483	0	0	0.0178457805710125	0	0.00234318282406713	0	0	0	0.0294925300612897	0	0	0	0	0	0	0	0	0	0.144563111464339	0	0.008314151888088	0.0111566627876599	0.068435480559057	0	0	0	0	0.0400532935680158	0	0	0	0	0	0.0306724997507476	0.00497360649161114	0.0477322354976265	0	0	0.0178189429391906	0.0427070694692554	0	0	0	0.00795041619469614	0.0145005484619795	0.0295588129905241	0	0	0	0.0594727223685185	0	0	0	0	0	0	0	0	0	0	0	0.0898539574274854
0	0	0	0	0	0	0	0	0	0.0336647123838372	0.0147501875021378	0	0.00113948917299993	0	0	0	0	0	0.0128345411847106	0	0	0.151656462144964	0.0377884167023895	0	0	0	0	0	0	0	0	0	0	0	0	0	0	0.00372976705511843	0	0.0129464774868287	0.0388811459212525	0	0.0541521448644248	0	0	0	0.0455647243209958	0	0	0	0	0	0	0	0	0	0	0	0	0	0	0	0.0816452482523613	0.0565107698479321	0	0	0	0	0	0	0.0354608204443678	0	0.0324850157051346	0.107634050385122	0	0	0.0160126625628051	0	0	0	0	0	0.155951021330626	0.107192342731992	0	0
0.0406724638865715	0	0	0.00605781123500799	0	0	0	0	0	0	0	0	0	0	0	0	0	0	0	0.0449226455879625	0	0	0	0	0	0.0320294415361411	0.0383901499487308	0	0	0	0	0	0	0	0	0.00715384186706756	0.0533339328040458	0	0.210112873954754	0	0.0406643059480338	0	0	0	0.0718944393360647	0	0	0	0	0	0	0	0	0	0.0104750537914471	0	0	0	0	0	0	0	0	0	0.00773175859512962	0	0	0	0	0	0	0	0.045046899656369	0	0	0	0	0	0.213871780382671	0.15425795340319	0	0	0	0.023384648066813	0	0
0.00238657775280244	0	0	0	0	0	0.0363045835565573	0	0.0583643183646894	0	0	0	0	0	0	0	0.0155605830802929	0	0.0532457960888984	0	0	0.0548436918075195	0	0	0	0	0	0	0.0408547790819031	0.0276999382489301	0	0	0	0.0265056493766188	0	0	0	0	0	0	0	0.00195771782601235	0	0	0	0	0	0	0	0	0	0	0	0	0	0	0	0.0113558607729626	0	0	0.0120722087622823	0.01534591268359	0.055104355585212	0.0155057044626743	0	0	0	0	0	0	0	0	0	0.0222119341537497	0	0	0	0	0	0	0.256147083924589	0	0.079500523430227	0	0	0.215032781040489
0.0133103121480447	0.0392771792075679	0	0	0	0	0	0	0	0.0568502760477978	0.0517459145065648	0	0	0	0	0	0.0644869661091705	0.0122591475049826	0.0381008747043209	0	0	0.140254193037243	0.0272636018281794	8.58971543934596e-05	0	0	0	0	0.0252936900372339	0	0	0	0	0	0	0	0	0.0311811040368683	0	0.0863808949390342	0.0137747777496038	0	0	0	0	0	0.154875934234586	0	0	0	0	0	0	0	0	0	0	0	0	0	0	0	0.00417303153861253	0.0590871436032261	0	0	0	0	0	0	0	0	0	0.0255791441321851	0	0	0	0	0	0	0.156019917480385	0	0	0	0	0
0	0	0.146841050141543	0	0	0	0	0	0.0251901140977711	0	0	0	0	0	0	0	0	0	0	0	0	0	0.00306838260894873	0	0	0.163619330119585	0	0	0.0250911815318624	0	0	0	0.0644632826133186	0.101995184838559	0	0	0	0	0	0.0568914484077186	0	0	0	0	0	0.0579108195244196	0.0403975963873446	0	0	0	0	0	0	0	0	0	0	0	0	0.0816202695595802	0	0.00462237183723132	0.0299266421359091	0.0507586683154955	0	0	0	0	0	0	0	0	0	0	0	0	0.0127349418906462	0	0	0	0.0775162515467152	0	0.0573524644433518	0	0	0
0	0	0	0	0	0	0	0	0	0	0	0	0	0	0	0.00516100918758481	0	0	0.0318612732294085	0	0	0.155934858434706	0.0326906078795666	0	0	0.109604696005628	0.0818229085905285	0.0114197064302503	0.0393841359658466	0	0	0.140919217930137	0	0	0	0	0.0277232521763951	0	0	0.0791726259087258	0	0.0180708278226513	0	0	0	0	0	0	0	0	0	0	0	0	0	0	0	0	0	0	0.00928862359387918	0.00841872421975078	0	0	0	0	0.0534621632098191	0.0352660798631499	0.0240232263678341	0	0.0283587500368599	0.0214100719629951	0	0.0860072411842832	0	0	0	0	0	0	0	0	0	0	0	0
0	0.0237256064437472	0	0	0	0	0.00271710867275426	0	0.0192916351453731	0.0623214002961081	0	0	0	0	0	0	0	0	0	0	0	0.12595005673233	0	0.00693996590301416	0	0	0	0	0	0	0	0.0508134514107966	0	0	0	0	0	0.00216640062433301	0.215369056312397	0	0.00165408665656412	0.00862646223627406	0.0556888857910796	0	0	0	0.130282319990061	0	0	0	0	0	0	0	0	0	0	0	0	0	0	0	0	0.0258047015750012	0	0	0	0	0.0564988828256641	0.0116800605773246	0	0	0	0	0	0	0	0	0	0	0.156803618938447	0	0	0.0436662998687314	0	0
0	0	0	0	0	0	0	0	0	0	0.0342980016168046	0	0	0	0	0	0	0.0252080103765044	0	0	0	0.120917578046095	0.0191996402647259	0	0	0.0196378291520781	0.100965881691604	0	0	0	0	0	0	0	0	0	0	0	0.168149237494964	0	0	0	0	0	0	0.049133913784222	0	0	0	0	0	0	0	0.0299774591651577	0	0	0	0.00907353102065558	0	0	0.000536198592858823	0	0.0229018559085198	0.0257120930653753	0	0	0.137549807065363	0.064442733000141	0.0124225143100704	0	0	0	0	0	0	0.159873715444859	0	0	0	0	0	0	0	0	0	0
0	0.00557467089074693	0	0	0	0	0.0168182221281231	0	0	0	0	0	0	0.0115387622389304	0	0.0130293688815983	0.0306948273606559	0	0	0	0	0.0286414690059041	0	0	0	0	0	0.0098562574909178	0.0514224901844332	0	0	0.00955878097580193	0	0.131692091224166	0	0	0	0	0	0.0679532252394326	0	0.00524575619758718	0.0605466960965618	0	0.048189325706925	0	0.140982997455173	0	0	0	0	0.0178045508459006	0	0	0	0	0	0	0	0	0	0	0.07347602648312	0	0.0243502944344351	0	0.0267379169754786	0	0	0	0	0	0	0	0	0	0	0	0	0.0178745980299681	0.157580837877689	0	0	0.0128547158347333	0	0.0375761184417179
0.00719788510883264	0.0545295366291673	0	0	0	0	0	0	0	0	0.0401070972024867	0	0	0	0	0	0	0	0.0603082929367639	0	0	0.107336530105768	0.0280348371871047	0	0	0	0	0.0110117733092032	0	0	0	0.139874706553699	0	0	0	0	0	0	0	0.0834256428923142	0	0.102077326523862	0	0	0	0	0.0184769520283008	0	0	0	0	0	0	0.110302495839299	0	0	0	0	0	0	0	0.025261458669611	0	0	0	0	0	0	0	0.00707904007924312	0	0	0.012781534673296	0	0.0282930387240197	0.03641692794349	0	0	0	0	0.0659358154458204	0	0.0615491081477172	0	0	0
0.00375028961088916	0	0	0.0884243742168244	0	0	0.02178481136597	0.0409573151831837	0	0.0831388970222664	0	0	0	0	0	0	0	0.193969099970687	0	0	0	0.00340088140355256	0	0.0244145565455473	0	0	0.0390079504270651	0	0	0	0	0.0667193228060413	0	0	0.0146332950251771	0	0	0	0	0	0	0	0	0.0132841135096255	0	0	0	0	0	0	0	0.0789136037319485	0	0	0	0	0	0	0.000905641408073412	0	0.0867505723355693	0	0	0	0	0	0	0	0	0	0	0	0.0420146476887856	0.0252985019444291	0	0	0	0	0	0.148797377566828	0	0	0	0.0119601854131683	0	0.0118745628243679
0	0.013071119247025	0	0	0	0	0.00925325698410787	0	0.0333518067499125	0	0	0	0	0.0195094216076777	0	0	0	0	0	0	0	0.22402737389835	0	0	0	0	0.0337560621861444	0	0.0327397883636092	0	0	0	0	0	0	0.0178224518744636	0	0	0	0.0433834199378367	0	0.000809650301167614	0	0	0	0.0233711813395562	0.0353458219150251	0	0.0185022379738176	0	0	0	0	0	0	0	0.00276807548555569	0.00517710228685698	0	0	0	0.0121606728100671	0	0.0554018568494089	0.0035567217275182	0	0	0	0	0	0	0	0.0622281255695143	0.059576126891885	0	0	0	0.0115158041517289	0	0	0	0	0.0253568048375209	0.0308703361723368	0	0.226444780838913
0	0	0	0	0	0	0.14633559228064	0	0	0.0939950875244332	0	0	0	0	0	0	0	0	0	0.000975091880079849	0	0.0489760209537639	0.00420881299263996	0	0	0	0.0486312944514151	0.0911906630528491	0	0.0380695478786211	0	0.0656095762089453	0	0	0.0200404774148791	0	0	0	0	0.0383274155152508	0.00881143081550486	0	0.00129594258361403	0	0.0618777542605612	0	0	0	0	0	0	0	0.000510734678033459	0	0	0	0	0	0	0.0150171166170562	0	0.0357060236461435	0	0	0	0.0106246930976412	0	0	0	0	0	0.0253518888132526	0.0457080463319726	0.0587140950364395	0	0	0.0194369313586835	0.035857029303292	0	0	0.0847287333042875	0	0	0	0	0
0.0581557785929427	0.0433689906823508	0	0	0	0	0	0	0.0786945290967203	0.0369450413123144	0.00658863380113128	0	0	0	0	0	0	0	0	0	0.0181285904734994	0.13472888962973	0.0098510203280918	0	0	0	0	0	0	0	0.00302756579883671	0	0	0	0.046993148181458	0.00465978906134981	0	0	0	0.00679381342245364	0.0281652476175482	0	0.040208345926217	0	0	0.00638772595977918	0	0	0	0	0	0.0292207479903871	0	0	0	0	0	0	0	0.0724260862581315	0	0	0.0728296606676031	0	0	0	0	0.0312217641272025	0.0456120961097828	0	0.0172485378825395	0	0.0475415710205519	0	0	0	0.0152559612490909	0	0	0	0	0	0	0.0567888060681678	0	0.08915765874212
0	0.0597765402303654	0	0	0	0	0	0	0.060224715556554	0	0.0990383443764369	0.123693288945694	0.0028908665480084	0	0	0.0616080380388119	0	0.00696063272033992	0	0	0	0	0	0	0	0.0241228921819114	0	0.0682436929225669	0	0	0.0651765267409892	0	0	0	0	0	0	0	0	0	0	0.0167238418053394	0	0	0	0	0.0555392101699565	0	0	0	0	0.0549691889071827	0	0	0	0.0303846954631076	0	0	0	0.00349601672469039	0	0	0	0.0176855748370079	0	0	0	0.164356705383692	0.0086017101679907	0.00573117726053973	0	0	0	0	0	0	0	0	0	0	0	0	0.00779099390753376	0	0.0387656637315793	0.0242196833797016
0	0	0	0	0	0	0.0504685673928096	0	0	0.0119623315202961	0	0	0	0	0	0	0	0	0	0	0	0.173931705202173	0.0495670384164851	0	0	0.0194859453877968	0	0.0384785549557768	0	0	0.0256446071316363	0	0	0	0	0	0	0	0.00183149080157394	0.00537496430786911	0.0294931801144481	0	0	0	0	0.0668681807030426	0	0	0	0	0	0	0	0	0	0	0	0	0.0164193578673466	0.117794510622308	0	0.00167447210891534	0.0226993559183719	0	0	0	0.0391299226541468	0	0.0637452243990924	0	0.0381596689855088	0	0	0	0	0	0	0	0	0.135522424817874	0	0	0	0	0	0.0917484966925285
0	0	0	0	0	0	0	0.0226062194693483	0	0	0	0	0	0	0	0	0	0	0	0	0	0	0	0	0	0	0	0.0754902726236462	0	0	0.0386492619458515	0	0	0	0	0.0142701293254402	0	0	0.0362147733418106	0	0	0.0299460409029554	0.0367517400896613	0	0.0765853003851864	0.0305885433450946	0.0990178088750844	0	0	0	0	0	0	0	0.00176028019444335	0	0	0	0	0	0	0.0366245740689091	0	0	0	0	0	0	0	0.0182934476135008	0	0	0	0	0	0	0	0	0.431091009130159	0	0.0521105986889094	0	0	0	0	0
0	0	0	0	0	0	0.0723723353988963	0	0	0.00331610196095209	0.0301278362302741	0	0	0	0	0	0	0	0.00662895425059983	0	0.0795787630691319	0.0859776529255923	0.013956464371877	0.00625778032613885	0.0255798504180676	0	0	0	0	0	0	0	0	0.0635343089484389	0	0	0.0275587186921446	0	0.0243486091619904	0	0.0792827423895039	0.0309800197338843	0	0	0	0.00711113965571339	0	0	0	0	0	0	0	0	0	0	0	0.0183958805779146	0	0	0.0152994859167117	0	0	0.112295284844173	0	0	0	0	0	0	0	0	0.0792477301894439	0	0	0	0	0	0	0.218150340938551	0	0	0	0	0	0
0	0.00715933423220747	0	0	0	0.0492298958917885	0	0	0	0.0527752414047328	0	0	0	0.00045874168426052	0	0	0	0.173240885672463	0	0	0	0.0421625095516422	0	0	0	0.040624021958697	0	0	0	0	0	0	0	0	0	0	0	0	0	0	0.0153423223594168	0	0	0	0	0	0	0	0	0	0	0.123056009992158	0.0119179425836349	0	0	0	0	0	0	0.0151550292224318	0	0.0201193358643529	0.00761026587331696	0.0088311537147686	0	0.00442833420605998	0	0	0.0423156046178638	0	0	0	0.181630440746845	0	0.0529530798079937	0	0	0	0	0	0.150989850615367	0	0	0	0	0
0.00493303049201247	0	0	0	0	0.0097860508164648	0	0	0	0	0	0	0.00242802698278962	0	0	0	0	0.0751693220859743	0	0	0.0718260500047014	0.0854926311193072	0	0.00321919996194132	0	0	0	0	0.0554733203803453	0.0219274062251291	0	0	0	0	0	0	0	0	0	0.0585900158688965	0	0.00186589609800772	0	0	0	0	0.0534273596549518	0	0	0	0	0	0	0	0	0	0	0	0	0	0	0	0	0.041023005026482	0.00570087923567502	0	0	0	0	0	0.0141487206912154	0	0	0	0	0	0	0	0.278390150322085	0.14758803492586	0	0	0	0	0	0.0690109001081605
0	0.0252886796886311	0	0.0481667455293157	0	0	0.0408520183770981	0	0.0413854660318592	0.016948744247975	0	0	0.00347160344900079	0	0	0	0	0	0.0124833987659654	0	0	0.0675980043802998	0	0	0	0.0600341771398591	0	0	0	0	0	0	0	0	0	0	0	0	0	0	0	0	0	0	0	0	0	0	0.0208529789661134	0	0	0	0	0	0.140174442003398	0	0.00492443854739231	0	0	0.0197780063406017	0.00911129519226906	0	0	0.133081849982799	0	0	0	0	0.00224542534026194	0	0	0	0	0	0	0	0	0	0	0.145232554197512	0.0703253895129838	0	0.0287572778017987	0	0	0.109287504504867
0	0	0	0	0	0	0	0.00328009415136586	0.0148737530638539	0	0	0	0	0	0	0	0	0.0422693160788631	0.0203661898076976	0	0.0238065488656818	0.164458931124088	0.0479834465194577	0.0175370893522107	0	0	0.0452245563221639	0	0	0	0	0	0	0	0	0	0	0	0	0	0	0.0109960762046199	0	0	0	0	0	0	0	0	0	0.273940422708232	0	0.00173347092334552	0	0	0.0781874703820548	0.00726148316802232	0.0134036442900597	0	0	0.0518470966013043	0	0.0491895267485186	0	0	0	0	0.00655805972487125	0	0	0	0.0969472658630254	0	0	0	0.0030792453405918	0	0	0.0199587977980601	0	0	0	0	0.00709751496191144	0
