"SBS3"	"SBS5"	"SBS40c"	"SBS92"	"SBS94"
0.546921578133745	0	0	0.453078421866255	0
0.170940413547799	0.706017807098364	0	0	0.123041779353836
0.348392839400152	0.309486601162145	0.342120559437703	0	0
0.361954500450786	0.224928243713625	0	0.331208815058333	0.0819084407772555
0	0.719892703530211	0	0	0.28010729646979
0	0.822261549981526	0	0	0.177738450018474
0.36955727522805	0	0.211783678596618	0.418659046175333	0
0.678884293683671	0	0.00534416856367429	0.315771537752655	0
0.574772507265875	0.108470345764412	0	0.201380305087867	0.115376841881847
0	0	0.839832315354732	0	0.160167684645268
0.246960117931549	0.210312245589678	0.498071091716864	0	0.0446565447619092
0.331278326146871	0.668721673853129	0	0	0
0.497512640220387	0	0.443246990033706	0.0592403697459069	0
0.623491465849432	0.376508534150568	0	0	0
0	0.410246702941434	0	0.351789402668461	0.237963894390104
0.64879037525583	0	0	0.271939956068779	0.0792696686753907
0.665719806648521	0.100940408046522	0	0.233339785304956	0
0.519704694239258	0.0743159047382122	0	0.40597940102253	0
0.352221189306172	0.469960941138873	0	0	0.177817869554954
0.702007046083938	0	0.297992953916062	0	0
0.368583141655833	0	0.428430569735267	0.161022318122598	0.0419639704863014
0.650255249399711	0	0.349744750600289	0	0
0.267252551506465	0.715857947656636	0	0	0.0168895008368994
0.47622617797127	0.198381125564427	0.325392696464303	0	0
0	0.768063314933313	0	0	0.231936685066687
0.924051892107944	0	0	0.0759481078920557	0
0.192752684515278	0.598253787930193	0	0	0.208993527554529
0.213092306241255	0	0.503628621830192	0	0.283279071928554
0.0990297028822237	0.614359612619246	0	0.202489334579187	0.0841213499193432
0.546087690694111	0	0	0.453912309305889	0
0.732647933991593	0	0	0.267352066008406	0
0.419751779449748	0	0.40552319998734	0.174725020562912	0
0.655019951193264	0	0.257237528097642	0.0877425207090941	0
0.544408963556649	0.371664259729364	0	0	0.0839267767139865
0.279545163667069	0.535723120741571	0	0	0.18473171559136
0.357662651854228	0	0.494750465162318	0	0.147586882983454
0.130539129603973	0.465291174246634	0.157242513702135	0	0.246927182447258
0.231777063482561	0.129005800212442	0.333272945987599	0.247076927585309	0.0588672627320892
0	0.521270960187534	0	0.274190714163306	0.20453832564916
0	0.484499224866869	0.340005746648736	0	0.175495028484395
0.471673829307222	0.278018313345843	0.101001714068795	0	0.149306143278141
0.20385180611532	0.394942330217402	0.228250759628434	0	0.172955104038844
0.366224598428756	0	0.500397181815592	0.133378219755652	0
0	0.699499197061717	0.157738634959156	0	0.142762167979127
0	0.677981556857586	0	0	0.322018443142414
0.133745456847324	0	0	0.60677738254466	0.259477160608016
0.278274705126578	0	0.721725294873422	0	0
0.324496774156504	0.454504943194201	0	0	0.220998282649295
0.488730814561599	0	0	0.511269185438401	0
0	0.0140561756919337	0.978090646197605	0	0.00785317811046114
0.641769642225772	0.0911673042935077	0	0.26424978145176	0.00281327202896056
0.512489368347308	0	0.416327897818232	0	0.0711827338344595
0.293287551651195	0	0.331414442504505	0.348601811469988	0.0266961943743111
0.301940588411168	0.444717426290239	0	0.253341985298593	0
0.419572288022507	0.246051607568569	0.168523491648807	0.0633402625820007	0.102512350178116
0.500838901225793	0.499161098774207	0	0	0
0.403212968658976	0.126520566007481	0	0.301388007074193	0.168878458259349
0	0.705221656779595	0	0	0.294778343220405
0.488430199990486	0	0.0827566386788902	0.428813161330624	0
0.423696216179374	0	0.576303783820626	0	0
0.104386098887434	0.692585494523289	0	0	0.203028406589278
0.686400614429709	0	0	0.313599385570291	0
0.310844850185628	0	0.670139752494459	0	0.019015397319913
0.397152954134296	0	0.602847045865704	0	0
0.136646154886003	0	0.245151815309079	0.497087601562721	0.121114428242198
0.471749857944143	0	0	0.456436029245272	0.0718141128105852
0.238249087013825	0	0.557739001666051	0.204011911320124	0
0.54054153137733	0.45945846862267	0	0	0
0.152839709923397	0	0.203735149157777	0.400441774998057	0.242983365920769
0.208596256189346	0.574412318219673	0	0.0724693805336294	0.144522045057352
0.210856098413444	0.694680819019763	0	0	0.0944630825667932
0.567583691444429	0	0	0.432416308555571	0
0.0756544039923458	0	0.66677534393756	0.257570252070094	0
0.262516063582226	0	0.661545335586066	0.0108616103717026	0.0650769904600055
0.680776273673519	0	0	0.202572786037817	0.116650940288664
0.379953889942715	0.472900773483946	0	0.0612109032186024	0.0859344333547369
0.403853277546285	0.596146722453715	0	0	0
0.300962508594192	0	0.699037491405808	0	0
0.526709135160161	0.0985117100812164	0	0.290201875832658	0.0845772789259641
0.158035564426193	0	0.737953186797619	0.0310273215719103	0.0729839272042782
0.445983839003875	0.223355465962274	0	0.288268184800045	0.0423925102338061
0.633878931462205	0.104500201427314	0	0.261620867110481	0
0.687541040026524	0	0	0.312458959973476	0
0.141169692313629	0.73891824650208	0	0	0.119912061184291
0.235177558654298	0.0571049249683587	0.241192850838606	0.445789066125681	0.0207355994130566
0.0439286473162127	0.559429496239655	0.221714603732625	0	0.174927252711506
0.30425613520283	0.332590535528019	0.363153329269151	0	0
0.562385781293357	0.246778383186622	0	0.190835835520021	0
0.486649160338264	0.513350839661736	0	0	0
0.217230362780103	0.0542548033394895	0.194467308963928	0.331773814625131	0.202273710291349
0.32640049443401	0.48268737709883	0	0.0861780591959998	0.10473406927116
0.376881329158887	0.314382786062933	0.164821174486404	0	0.143914710291776
0.398749833037061	0	0.426571168306805	0	0.174678998656133
0.215392356034359	0.370077041053529	0	0.157819395300689	0.256711207611423
0.307641656137376	0.355601480753154	0	0.33675686310947	0
0.704241327043471	0	0.0139682963693966	0.00335549528146781	0.278434881305665
0.22522987543976	0.180150618101958	0.446516675293063	0.12282913409677	0.0252736970684495
0.565790382819067	0.319594441680281	0	0.114615175500652	0
0.724124397579008	0.0477693959886028	0	0.228106206432389	0
0.792545407035107	0	0	0.200411712270667	0.00704288069422601
