"A[C>A]A"	"A[C>A]C"	"A[C>A]G"	"A[C>A]T"	"C[C>A]A"	"C[C>A]C"	"C[C>A]G"	"C[C>A]T"	"G[C>A]A"	"G[C>A]C"	"G[C>A]G"	"G[C>A]T"	"T[C>A]A"	"T[C>A]C"	"T[C>A]G"	"T[C>A]T"	"A[C>G]A"	"A[C>G]C"	"A[C>G]G"	"A[C>G]T"	"C[C>G]A"	"C[C>G]C"	"C[C>G]G"	"C[C>G]T"	"G[C>G]A"	"G[C>G]C"	"G[C>G]G"	"G[C>G]T"	"T[C>G]A"	"T[C>G]C"	"T[C>G]G"	"T[C>G]T"	"A[C>T]A"	"A[C>T]C"	"A[C>T]G"	"A[C>T]T"	"C[C>T]A"	"C[C>T]C"	"C[C>T]G"	"C[C>T]T"	"G[C>T]A"	"G[C>T]C"	"G[C>T]G"	"G[C>T]T"	"T[C>T]A"	"T[C>T]C"	"T[C>T]G"	"T[C>T]T"	"A[T>A]A"	"A[T>A]C"	"A[T>A]G"	"A[T>A]T"	"C[T>A]A"	"C[T>A]C"	"C[T>A]G"	"C[T>A]T"	"G[T>A]A"	"G[T>A]C"	"G[T>A]G"	"G[T>A]T"	"T[T>A]A"	"T[T>A]C"	"T[T>A]G"	"T[T>A]T"	"A[T>C]A"	"A[T>C]C"	"A[T>C]G"	"A[T>C]T"	"C[T>C]A"	"C[T>C]C"	"C[T>C]G"	"C[T>C]T"	"G[T>C]A"	"G[T>C]C"	"G[T>C]G"	"G[T>C]T"	"T[T>C]A"	"T[T>C]C"	"T[T>C]G"	"T[T>C]T"	"A[T>G]A"	"A[T>G]C"	"A[T>G]G"	"A[T>G]T"	"C[T>G]A"	"C[T>G]C"	"C[T>G]G"	"C[T>G]T"	"G[T>G]A"	"G[T>G]C"	"G[T>G]G"	"G[T>G]T"	"T[T>G]A"	"T[T>G]C"	"T[T>G]G"	"T[T>G]T"
126	61	8	70	84	47	17	59	68	47	11	42	71	69	13	105	48	35	15	54	36	48	10	74	24	32	5	41	56	60	10	93	115	63	155	90	90	69	101	98	74	77	98	56	133	95	77	106	31	25	28	44	3	30	21	34	16	15	26	28	46	45	28	84	120	44	125	118	47	63	74	62	39	31	33	51	55	43	39	63	32	21	37	69	16	29	24	51	7	10	23	19	41	46	42	101
71	41	11	47	44	28	10	36	72	29	12	37	63	42	11	83	22	36	4	31	17	20	4	28	14	21	3	19	30	27	3	50	75	35	344	60	72	43	225	51	47	47	252	48	62	86	126	63	24	11	17	28	1	20	15	17	9	7	6	12	15	19	15	44	88	28	61	80	32	29	46	37	28	25	23	19	37	37	22	55	22	11	20	30	6	9	11	22	9	4	19	13	16	15	24	67
207	133	20	106	131	88	29	93	122	89	29	89	159	151	30	178	123	63	23	151	67	126	22	124	67	64	18	84	95	99	17	160	329	206	53	240	220	218	151	231	201	203	107	183	276	275	127	235	74	71	97	104	22	68	45	77	38	33	48	52	78	88	70	163	435	130	342	379	158	129	198	146	139	81	127	146	151	101	117	182	56	48	89	93	37	59	56	99	27	22	63	46	70	83	95	213
146	53	13	51	153	58	24	78	200	47	21	114	173	111	26	236	21	21	16	41	16	22	10	30	9	22	3	21	27	34	5	56	87	59	449	56	66	58	278	50	50	66	267	45	68	72	170	50	20	10	19	36	7	22	21	16	7	9	15	16	46	17	13	44	68	30	60	75	28	26	36	42	22	21	21	25	27	29	13	36	10	18	28	41	5	14	13	26	7	9	28	14	17	15	25	52
88	48	8	39	90	37	14	54	92	37	7	51	104	76	12	114	32	23	3	36	21	38	7	32	15	19	4	23	31	34	7	47	111	51	366	90	70	51	220	70	50	60	208	44	76	87	111	65	25	20	20	23	5	20	14	26	8	11	11	12	33	24	23	49	107	41	75	81	29	31	32	51	31	18	40	30	43	40	29	42	16	15	28	35	6	18	28	31	5	7	16	5	23	23	22	59
66	25	3	32	59	31	15	36	76	26	8	45	54	58	10	80	26	21	1	28	18	16	3	16	12	10	2	21	25	20	5	38	78	29	274	43	49	42	166	51	33	49	160	37	51	58	100	37	20	10	19	22	5	16	15	16	7	11	15	9	20	15	21	34	63	19	55	64	33	24	26	27	17	14	31	19	30	24	26	36	14	13	27	34	8	14	17	35	1	6	19	14	20	27	21	45
53	34	2	31	28	25	7	21	30	17	7	25	50	45	8	45	26	17	11	32	18	22	3	37	5	11	5	21	28	27	9	51	66	38	240	46	63	47	150	54	38	33	147	41	60	49	99	47	12	10	17	23	1	13	17	18	6	7	12	13	23	19	12	35	68	22	41	48	24	32	35	31	28	15	22	20	32	24	18	24	10	14	16	29	6	15	13	28	9	6	10	9	25	20	21	44
68	30	5	30	55	34	11	35	59	22	10	35	61	48	9	71	37	13	6	30	17	22	10	29	5	14	5	11	21	28	4	46	61	31	290	38	51	49	148	36	35	34	155	35	60	45	107	40	19	11	20	17	4	15	10	10	8	6	11	14	21	13	9	43	61	28	46	72	19	22	29	32	21	16	29	11	39	33	14	35	12	11	18	17	4	13	13	19	6	4	10	9	17	20	18	48
67	29	13	50	48	41	8	41	52	24	8	27	74	58	7	76	46	25	6	42	35	31	6	42	15	16	3	23	34	42	9	73	94	58	230	66	70	50	150	75	51	44	163	41	102	92	83	76	21	17	22	49	8	27	12	22	7	10	9	13	27	34	16	70	87	34	87	92	34	33	37	54	24	18	22	44	43	35	27	59	25	21	24	59	11	17	14	45	9	9	13	15	29	36	32	64
83	39	11	40	75	45	15	51	83	32	9	56	82	69	8	117	34	32	11	39	17	22	10	46	19	23	4	20	28	36	6	57	100	50	382	61	57	56	220	70	54	37	250	43	79	63	137	76	31	18	26	23	6	19	14	22	6	9	14	10	45	31	18	60	89	28	68	74	44	38	51	41	26	14	34	30	31	34	27	50	24	9	21	44	5	10	20	30	7	4	18	9	24	33	16	60
57	32	3	25	41	42	5	36	33	25	4	23	57	40	7	53	36	10	2	34	15	33	1	32	8	19	2	20	23	31	3	36	86	33	324	46	51	55	221	50	53	32	187	40	66	53	111	52	11	11	25	18	5	13	6	21	6	9	13	11	21	30	17	44	68	25	50	71	32	35	29	36	19	12	17	24	24	23	19	34	13	21	25	39	10	13	12	34	8	7	10	15	14	35	13	50
110	55	7	69	92	83	16	63	58	45	8	44	92	85	13	91	76	33	10	59	46	41	9	54	20	23	8	20	54	72	12	90	135	71	400	90	98	70	206	104	80	73	211	66	130	120	141	103	29	18	21	42	6	35	20	44	11	18	18	26	36	50	20	89	129	42	126	120	58	51	75	78	36	19	45	52	45	45	27	69	35	30	47	63	15	23	29	55	12	7	20	32	52	56	39	119
103	45	9	65	82	45	16	44	90	38	12	56	110	71	24	118	38	31	9	53	26	40	6	48	13	21	8	25	47	47	9	82	86	52	195	79	79	66	135	74	66	64	123	64	119	76	87	93	31	18	26	39	7	28	14	32	11	15	22	15	32	36	24	64	88	33	78	104	47	42	45	61	24	14	32	32	43	35	35	45	25	20	18	50	12	21	25	41	8	11	23	15	38	49	30	83
94	42	6	44	88	40	17	55	96	39	12	64	109	68	9	123	35	16	4	33	17	33	7	34	9	21	5	22	39	40	5	51	101	49	393	78	64	71	224	61	54	52	249	43	70	86	140	71	20	16	26	29	6	22	16	21	8	7	16	17	31	22	15	53	77	35	63	82	46	35	35	40	33	20	32	33	49	30	28	47	25	21	27	41	8	13	14	31	9	10	18	8	19	21	17	45
73	52	6	36	47	45	16	51	72	35	12	38	37	51	16	70	62	37	7	49	35	51	13	52	19	33	8	44	51	35	6	73	259	107	1335	158	97	115	775	146	124	109	798	103	117	124	483	117	43	52	56	41	17	31	32	24	19	22	24	21	63	15	24	58	244	73	195	201	74	78	118	84	82	43	82	79	103	56	88	112	25	17	49	23	19	28	32	55	16	11	28	15	24	37	37	66
66	33	4	36	53	24	9	34	55	31	10	39	72	52	21	76	32	16	6	28	17	31	3	27	6	13	5	14	25	30	9	49	77	43	213	51	53	51	140	69	49	45	142	37	64	64	97	53	19	16	23	29	9	19	9	19	12	7	16	6	25	23	11	45	85	23	62	76	23	20	43	37	24	26	14	25	33	21	17	27	15	8	17	21	6	15	13	29	7	9	12	5	20	24	21	43
52	48	6	25	39	26	15	28	30	17	8	20	58	47	7	40	27	20	7	30	24	17	3	19	27	18	1	19	28	27	1	63	82	30	170	60	46	52	121	58	47	37	115	48	60	51	50	59	15	12	20	26	3	25	10	17	10	9	10	10	16	15	13	43	54	18	57	80	42	30	34	43	36	12	24	26	26	34	27	36	18	8	25	36	6	11	18	21	5	6	10	7	24	15	19	48
50	23	3	17	34	32	9	18	32	37	5	24	44	34	12	51	18	14	3	33	19	24	9	25	16	12	4	11	25	22	5	47	82	48	217	46	56	40	121	55	47	42	131	31	60	48	90	74	22	17	19	19	8	14	9	25	7	8	9	13	18	20	11	40	82	39	73	79	25	22	39	34	35	15	25	25	32	25	27	41	10	14	18	22	12	9	17	23	4	1	13	14	13	18	21	60
72	38	11	36	77	43	11	44	49	29	9	55	73	63	11	92	38	23	5	55	24	34	9	36	11	18	7	22	45	45	8	52	101	50	286	73	56	50	178	88	45	46	207	37	78	80	121	70	20	18	37	34	10	21	14	24	11	14	15	6	36	25	11	49	99	27	75	76	43	30	44	46	25	21	32	19	29	22	24	62	24	17	20	37	12	21	37	42	5	6	15	9	18	35	27	49
85	33	5	38	65	38	5	42	40	27	7	34	63	60	13	73	48	40	8	49	24	16	8	45	18	12	1	27	40	32	6	68	102	46	203	66	82	64	134	75	63	39	147	45	90	67	69	58	18	23	24	39	7	20	14	24	10	11	19	22	37	24	13	61	89	37	62	88	38	34	43	45	34	21	31	25	55	35	24	33	27	17	30	45	7	18	23	44	9	6	12	12	30	26	33	76
104	48	8	44	54	45	10	55	49	33	6	26	60	62	8	74	43	31	7	43	24	25	10	43	10	21	6	28	35	51	6	76	92	50	109	86	80	55	85	89	61	46	73	75	109	88	62	97	19	19	35	39	10	33	15	40	15	12	14	20	27	42	20	74	119	36	93	108	34	48	60	59	31	17	32	39	49	34	32	55	25	30	33	44	7	22	18	39	9	5	19	19	34	34	37	86
80	37	8	34	65	40	11	40	55	28	5	37	72	57	15	83	32	27	10	38	28	25	6	36	14	10	4	20	26	28	7	51	97	44	174	51	47	51	120	71	49	48	131	54	79	63	65	60	23	15	27	31	6	23	17	28	7	5	15	14	19	22	18	38	91	24	83	88	40	33	36	41	24	20	29	31	36	24	25	42	18	14	28	37	6	10	13	26	10	2	10	13	14	23	27	45
65	36	6	42	63	26	11	36	65	31	7	44	62	41	18	64	30	25	3	39	16	25	6	33	10	14	4	15	21	22	9	50	90	40	274	49	46	36	148	51	41	33	186	46	59	52	97	52	14	11	22	17	6	26	12	15	12	3	12	8	28	21	12	34	85	21	65	76	20	23	28	31	21	17	27	33	28	17	25	31	11	6	16	29	11	10	15	18	9	4	13	14	18	30	13	38
96	57	17	52	77	47	15	57	66	43	12	44	75	74	10	94	49	40	7	69	34	45	10	53	22	27	5	32	48	53	4	95	122	70	148	102	104	83	108	97	91	78	114	89	138	109	67	103	34	19	34	38	15	33	12	26	11	12	19	17	49	39	18	72	141	51	115	117	47	42	89	77	61	34	50	64	62	32	40	69	24	19	37	64	13	21	28	42	13	7	24	19	31	43	36	101
142	66	9	77	92	62	14	71	83	53	12	58	129	119	10	109	52	47	13	60	47	58	13	77	35	32	5	30	70	65	11	113	114	89	11	110	121	103	42	124	109	85	26	83	166	133	31	115	31	26	51	59	11	53	27	56	19	14	14	25	41	41	33	114	183	48	123	159	92	54	70	78	40	31	59	59	76	38	42	79	37	25	42	84	13	24	28	81	13	11	20	23	29	60	57	121
47	43	4	33	50	27	11	35	66	31	9	29	62	45	12	88	29	29	1	40	15	32	3	33	11	7	4	19	28	33	6	52	64	46	215	54	53	47	160	56	47	46	139	45	64	58	89	56	24	16	22	28	8	21	11	21	9	8	11	10	23	12	15	29	81	32	63	75	26	26	38	20	16	18	26	22	36	21	35	40	12	13	14	32	5	11	13	33	6	3	16	12	10	31	20	72
25	26	9	25	22	38	4	27	38	29	5	16	29	37	5	45	28	13	1	29	22	20	6	32	5	13	1	19	24	30	2	47	91	47	338	45	63	47	240	52	43	52	234	48	59	48	130	62	22	18	24	15	9	13	8	16	2	9	11	12	26	21	13	40	104	25	91	78	37	28	46	47	32	22	37	19	32	13	30	32	16	17	26	28	4	11	14	22	3	10	21	5	13	18	21	51
71	41	5	47	58	35	10	41	44	18	5	27	42	48	6	55	50	25	8	37	32	33	8	35	22	18	3	27	29	31	10	57	95	62	209	70	59	48	141	79	61	72	138	49	89	75	94	59	35	19	22	23	10	20	12	19	8	9	9	18	26	21	12	67	116	36	86	96	40	35	56	39	39	27	29	25	50	28	28	51	16	12	24	39	5	14	17	43	12	3	22	11	34	26	22	64
62	36	8	22	33	30	5	23	32	25	7	24	46	33	3	44	24	23	2	25	21	24	5	31	6	15	2	13	27	21	2	51	77	45	237	46	56	43	126	45	57	50	148	29	61	53	100	50	16	27	24	19	4	11	12	17	9	2	10	8	16	15	14	43	71	25	60	70	29	37	33	32	17	13	27	22	40	26	21	27	16	9	19	29	5	10	13	33	8	7	13	15	16	30	14	52
47	31	9	42	30	24	4	21	42	25	3	25	37	46	3	45	34	17	6	29	25	24	6	37	14	14	5	22	24	32	5	58	81	54	300	64	45	55	192	59	40	42	174	46	68	54	91	68	18	10	30	20	7	24	4	16	6	9	11	11	25	13	16	34	98	30	68	85	29	23	44	32	34	21	31	19	33	22	34	51	21	14	14	29	5	18	10	26	10	5	10	5	23	29	13	47
72	41	8	34	68	33	15	30	80	31	10	45	72	54	14	94	25	12	3	22	17	23	10	30	10	15	5	15	36	38	4	45	83	36	238	57	51	46	127	58	55	34	163	44	78	72	86	38	20	20	16	28	14	13	12	24	8	11	11	8	24	13	17	44	82	31	86	80	46	30	44	33	14	19	35	27	54	26	31	37	11	13	23	28	10	13	12	24	8	2	15	17	13	27	17	54
88	43	3	46	84	43	16	59	108	30	13	67	103	87	14	135	28	23	5	31	14	17	9	33	9	15	4	18	27	28	4	41	80	35	193	64	49	46	144	51	34	32	127	29	62	50	87	40	20	16	9	24	1	18	20	14	10	12	8	9	31	23	10	34	49	21	41	46	28	14	28	33	18	17	18	27	20	24	17	34	17	12	15	33	4	15	12	35	6	5	17	10	19	32	27	52
87	45	17	37	79	39	11	38	81	35	13	47	79	65	14	125	32	23	9	33	32	35	13	32	12	18	6	24	26	37	6	54	88	45	189	63	58	42	114	52	49	44	134	46	75	71	68	63	27	16	14	38	3	31	13	15	8	12	10	7	27	24	16	34	68	29	65	72	30	21	38	43	19	14	26	18	26	26	22	40	9	18	22	46	6	13	15	31	6	5	13	14	20	20	19	53
54	25	4	30	59	28	14	38	75	18	6	43	65	50	11	90	38	24	3	29	12	30	9	24	16	15	3	15	17	39	3	46	76	42	232	49	58	39	146	52	36	46	143	35	70	48	93	31	20	12	20	26	6	19	13	8	3	6	8	18	24	17	15	40	66	31	72	74	30	32	39	20	24	26	26	22	43	29	27	40	17	11	19	23	5	20	16	24	9	6	16	14	13	20	17	46
49	34	4	39	39	41	11	36	37	15	6	27	39	46	14	60	41	22	8	44	18	22	7	33	11	19	2	19	31	25	4	54	89	44	227	44	50	66	170	53	44	40	143	37	81	58	84	52	19	22	26	22	3	14	6	21	9	7	7	12	16	20	10	43	89	28	57	71	33	30	49	27	27	18	36	22	49	18	19	36	15	9	13	31	12	21	17	28	7	6	10	8	16	25	18	68
89	48	14	48	61	54	19	57	50	50	16	44	80	81	15	76	54	37	11	65	34	56	9	52	21	26	5	36	41	45	9	84	127	80	175	93	82	93	143	107	78	77	133	84	114	83	81	121	42	20	40	43	6	31	21	28	18	13	18	20	37	38	32	70	145	49	139	133	48	56	79	80	60	28	52	63	84	52	45	65	22	17	35	45	22	27	20	40	8	6	21	14	36	46	30	98
67	32	7	41	48	36	9	43	41	29	12	30	61	74	11	57	40	30	8	33	24	25	9	51	21	16	0	22	33	45	7	73	98	51	264	62	48	61	172	72	61	49	166	48	87	70	104	72	18	18	25	23	9	25	11	15	11	5	16	19	13	26	22	57	95	31	79	91	46	33	52	48	30	19	34	30	41	26	28	40	15	16	27	60	7	17	21	26	9	5	16	9	22	28	23	52
128	58	13	53	72	59	9	48	83	36	19	61	117	69	20	116	43	23	6	50	20	35	8	55	20	20	4	35	47	46	7	77	83	43	171	72	74	64	111	89	70	54	92	58	108	89	65	54	18	18	26	37	8	32	20	25	14	15	14	24	42	30	17	77	87	23	76	81	32	34	50	45	36	17	22	26	43	28	29	49	30	13	37	35	8	17	15	49	12	3	8	18	30	51	35	96
47	30	6	33	36	23	7	29	35	28	10	20	41	39	12	44	29	26	2	33	12	23	6	38	11	9	3	9	33	25	3	37	72	35	164	53	56	61	108	58	50	50	103	35	68	59	63	51	18	8	22	23	4	13	15	21	12	8	13	16	20	24	16	41	90	36	68	72	32	29	50	36	23	15	34	44	33	25	29	42	12	18	31	24	5	17	12	25	6	5	16	13	19	24	21	53
31	23	8	26	36	34	6	18	30	15	4	26	38	25	1	35	18	18	2	26	13	19	4	14	16	13	2	15	31	23	3	47	80	31	313	47	45	32	185	47	38	30	220	32	51	45	106	41	15	11	13	20	7	9	3	10	4	4	8	6	24	9	12	30	70	16	55	49	32	19	31	21	22	10	19	20	28	27	16	25	17	5	16	14	8	6	17	28	5	4	6	4	14	15	15	35
63	27	6	31	54	38	9	22	47	21	6	25	57	59	6	64	32	19	5	45	28	21	10	39	15	22	9	23	31	34	8	71	81	27	108	48	54	56	85	62	50	46	73	32	74	74	55	64	22	16	20	25	6	29	6	18	9	11	15	17	24	25	19	44	83	21	75	74	29	27	58	38	27	16	25	25	38	22	27	40	15	12	27	29	6	18	14	36	1	2	12	9	19	15	25	55
77	42	7	31	47	27	10	35	40	29	7	20	43	56	10	61	37	23	4	40	26	29	10	41	14	8	1	17	41	42	6	59	103	42	280	57	73	59	165	66	52	61	187	50	68	71	111	67	14	17	19	27	5	20	11	17	13	18	6	15	24	21	17	37	78	44	75	83	30	28	37	41	25	21	32	23	42	36	22	33	18	19	33	30	6	18	16	26	3	3	15	13	24	17	24	56
58	53	13	51	45	32	8	37	49	42	11	19	49	60	10	55	37	25	9	53	26	42	12	50	24	21	10	32	41	31	9	61	174	91	290	106	91	71	237	96	93	87	184	87	106	99	127	103	30	33	39	28	22	24	29	32	13	18	18	19	28	16	18	51	185	44	140	174	61	47	102	65	68	33	59	40	78	45	53	93	18	14	23	28	10	8	28	34	17	6	26	18	31	42	40	78
72	27	11	27	49	38	12	30	51	24	5	34	57	56	10	79	31	29	8	37	17	33	11	37	15	11	3	17	31	32	6	55	85	47	278	54	53	62	154	48	37	41	169	40	86	66	106	51	16	16	25	24	7	20	10	15	7	11	11	8	21	11	18	57	92	28	66	86	30	23	38	38	25	21	32	27	48	22	23	39	13	18	26	22	4	12	19	36	2	3	13	17	12	17	24	54
93	56	15	53	58	58	14	47	61	46	11	34	59	58	14	80	45	29	7	49	29	36	12	52	21	26	13	31	44	48	6	88	139	70	310	113	95	89	187	107	82	97	188	72	121	99	117	107	42	30	35	49	11	30	29	42	23	16	30	23	41	29	22	65	155	53	143	144	70	44	69	73	56	38	47	54	61	54	58	80	19	15	33	42	16	18	31	44	10	8	10	15	33	34	46	72
171	75	16	76	127	97	16	88	76	58	24	69	138	108	14	127	76	48	14	80	51	58	10	74	35	25	6	43	80	79	11	133	159	87	317	122	124	106	176	127	97	78	190	77	198	136	122	141	35	29	37	61	7	47	12	40	20	19	23	24	35	52	24	122	157	59	125	144	62	57	78	85	44	38	38	44	62	50	41	59	34	41	49	94	24	43	43	65	16	15	28	37	55	57	43	143
58	49	7	39	48	33	7	43	41	42	6	24	70	60	6	58	43	24	7	31	23	33	4	42	20	14	6	16	31	45	3	69	103	49	139	65	54	65	83	82	40	66	89	40	111	69	68	76	18	18	26	28	14	23	16	28	11	10	16	19	26	20	14	47	115	30	98	92	48	42	51	33	35	28	24	32	46	18	26	55	22	16	21	35	3	9	16	43	11	5	16	19	27	31	22	79
63	38	8	44	50	32	10	45	45	31	13	39	50	67	13	72	35	27	3	44	17	27	3	41	16	13	6	24	43	40	6	51	88	43	121	62	67	60	106	78	53	52	97	50	72	80	57	82	27	21	27	31	8	29	22	23	15	8	15	18	26	18	14	58	103	33	65	87	33	35	52	49	36	32	32	34	44	25	32	54	19	15	26	46	9	26	20	28	7	8	14	11	19	31	37	65
77	34	12	41	74	44	10	33	60	31	12	46	80	70	10	101	40	28	3	37	23	30	10	48	17	14	6	16	26	31	6	64	121	58	310	77	58	70	194	81	63	58	211	40	86	80	115	67	28	20	25	26	10	12	21	26	11	18	11	20	33	30	12	51	109	39	85	89	39	38	52	40	39	26	42	41	54	30	28	44	18	15	24	29	4	15	21	39	14	7	11	12	13	29	18	63
187	106	17	81	106	86	21	90	81	60	21	66	161	107	18	157	82	49	18	96	41	63	13	107	32	39	9	50	83	94	14	143	173	89	272	111	159	122	203	143	129	83	189	104	188	156	128	139	45	39	55	64	15	49	35	57	25	22	21	40	53	56	25	136	192	79	138	162	87	68	98	92	43	43	52	57	89	59	47	77	59	42	46	132	28	48	41	75	14	17	30	31	61	75	53	160
114	62	13	60	73	57	13	51	54	49	10	49	84	73	9	98	57	41	11	60	33	47	9	59	20	20	4	39	43	58	11	98	123	68	130	89	80	90	122	112	74	86	107	79	128	119	70	111	30	19	37	44	13	42	23	29	14	9	22	19	47	46	31	68	148	51	140	123	61	39	74	70	37	28	45	44	64	44	46	67	34	24	48	52	14	28	23	48	13	6	27	30	37	44	36	91
46	24	6	22	30	24	7	23	39	12	2	19	37	44	5	43	25	15	1	29	12	23	2	30	6	12	6	12	14	25	4	39	95	40	535	52	41	23	344	45	44	31	344	36	64	59	184	48	19	25	22	10	5	14	11	9	7	12	7	6	26	16	14	50	60	32	56	84	23	23	33	35	27	15	26	26	24	20	20	31	12	11	29	28	7	15	20	18	3	5	7	6	10	15	15	41
55	23	7	23	73	25	16	41	93	24	12	48	72	50	13	114	25	13	7	26	18	16	8	22	13	7	2	10	21	20	3	33	66	26	305	55	38	29	197	47	42	44	223	30	60	48	130	50	15	10	13	23	2	16	6	14	5	13	6	14	22	20	11	25	83	28	51	53	26	30	29	18	16	21	25	25	28	22	17	28	8	10	20	16	6	8	26	21	3	5	6	13	6	18	20	42
60	36	2	25	70	36	3	25	58	33	6	41	75	41	9	99	27	10	4	20	28	28	9	27	10	9	2	10	20	20	3	38	80	50	286	56	40	51	144	51	30	46	179	29	57	48	101	43	19	12	13	33	6	11	8	14	7	10	15	10	27	18	10	36	66	23	45	63	38	21	36	29	17	15	18	23	33	27	23	37	13	15	18	28	10	15	19	31	2	7	11	12	16	22	16	45
60	26	7	23	39	29	8	42	44	28	8	17	57	48	4	65	38	24	8	43	18	23	5	35	12	17	4	15	31	30	2	59	66	44	137	72	56	43	76	59	58	49	80	45	76	59	61	51	21	17	29	20	4	13	11	11	9	5	10	10	16	29	15	57	92	16	78	73	31	24	41	58	31	19	36	23	44	23	20	45	17	12	19	33	2	18	17	44	4	11	10	10	27	28	21	56
60	36	7	22	42	25	8	35	35	23	8	25	60	34	4	61	22	13	8	39	16	24	11	32	9	16	6	19	22	30	1	61	84	43	179	43	56	48	128	47	44	38	139	38	72	49	68	48	19	15	33	22	3	11	9	21	4	7	11	15	20	25	14	38	83	25	71	65	34	29	30	42	25	14	24	26	35	25	28	38	19	13	28	28	5	10	13	32	10	2	21	18	22	30	23	60
75	30	7	28	56	35	12	35	54	28	4	28	66	51	9	83	30	22	2	33	19	21	6	36	14	11	4	25	23	29	1	46	74	45	243	52	52	55	149	73	45	45	160	34	54	63	93	48	14	21	26	32	4	23	9	18	5	5	10	17	20	19	12	51	86	30	75	73	24	31	39	34	27	16	30	24	34	21	20	43	14	9	16	27	4	13	12	26	5	6	10	9	11	18	13	59
54	39	5	30	47	26	9	32	46	30	5	33	58	55	8	56	28	27	5	49	21	33	5	32	18	20	4	14	28	22	2	68	82	33	162	49	69	38	103	77	40	30	102	43	78	69	70	67	22	23	18	20	2	22	17	17	9	8	11	15	29	23	10	41	80	23	62	68	23	24	41	33	26	22	26	20	20	26	25	31	18	19	28	41	10	19	12	37	11	3	11	18	19	32	28	56
68	31	7	36	31	37	10	31	36	24	11	25	53	37	6	58	35	22	5	39	16	34	4	36	11	18	4	22	25	28	4	50	90	47	164	60	53	65	125	54	51	53	121	45	73	63	78	61	16	16	23	26	6	20	7	20	13	9	8	13	26	10	14	36	98	29	78	87	41	30	51	37	35	19	40	30	33	27	28	47	15	15	25	35	6	19	18	30	8	8	15	18	17	23	23	59
163	103	19	63	112	77	29	64	91	53	26	58	108	115	22	127	81	57	13	88	53	77	21	83	50	43	9	53	81	85	16	137	220	134	34	150	165	153	86	172	131	148	54	112	188	193	73	162	35	50	60	71	17	46	38	60	18	26	49	37	51	53	39	121	285	97	205	215	93	75	114	122	93	45	90	104	139	83	89	145	44	45	67	94	19	38	46	67	17	16	49	21	57	71	57	143
103	37	11	64	104	56	16	72	96	48	9	77	102	71	19	137	38	32	6	54	14	32	12	46	18	22	5	26	35	43	8	73	102	62	354	64	75	74	184	85	61	56	238	41	97	79	131	78	27	22	28	38	5	33	15	27	13	10	9	27	30	31	21	55	76	43	81	98	35	41	46	43	29	22	32	29	52	32	16	40	30	14	39	39	11	20	22	32	10	5	25	18	24	32	31	92
39	31	8	35	37	30	5	27	38	15	11	21	29	44	10	54	31	21	5	22	10	20	6	30	8	13	5	22	26	33	4	46	77	22	272	55	40	33	184	55	34	36	160	34	63	50	112	42	22	7	22	23	3	12	8	13	7	3	14	10	20	19	9	38	73	23	71	66	26	17	44	26	22	8	27	20	39	26	17	31	9	10	19	28	8	14	17	22	5	6	10	12	21	18	20	48
93	66	10	55	49	44	19	34	55	41	13	49	81	62	9	81	50	48	8	47	34	41	15	57	16	29	4	28	36	45	7	74	138	71	186	74	85	80	159	99	81	79	137	71	126	82	83	96	16	24	43	37	9	30	18	22	9	10	14	14	39	33	26	67	162	52	116	133	49	53	62	52	63	19	57	55	62	40	42	64	23	12	41	52	7	18	18	47	11	5	16	19	26	40	38	81
80	41	7	39	47	36	14	39	37	34	5	29	70	50	11	65	41	21	12	52	21	40	3	58	14	17	3	30	30	35	5	68	87	63	206	81	81	52	121	75	51	54	126	56	83	75	76	55	26	20	29	34	8	22	9	16	9	9	16	16	24	29	25	59	101	34	77	97	35	33	47	54	27	19	35	30	46	36	34	58	14	24	28	52	7	17	18	32	13	9	14	11	28	26	36	61
123	41	18	63	86	51	19	55	107	36	24	68	109	81	20	128	43	33	16	44	25	42	4	35	21	31	4	22	37	35	11	79	109	65	401	81	80	67	232	87	65	41	250	56	102	85	149	86	20	43	51	36	7	25	19	35	13	21	16	16	27	18	22	57	107	37	78	101	33	42	57	55	33	15	32	38	50	43	31	56	23	18	26	31	13	20	36	36	8	8	21	17	22	36	26	73
38	25	6	25	24	17	4	17	29	17	5	29	28	30	5	30	33	24	3	14	19	21	8	24	10	11	6	9	18	26	4	39	80	40	291	68	39	27	166	56	48	33	178	36	54	62	119	54	27	13	18	14	5	14	11	15	5	9	7	15	22	16	12	29	84	28	72	61	33	27	45	24	20	16	32	20	39	13	24	36	8	11	14	28	8	9	9	20	4	2	8	10	14	15	17	39
77	54	9	60	50	36	9	54	46	32	8	27	70	58	8	84	56	23	9	58	31	40	12	48	13	23	6	24	38	59	10	68	141	70	307	91	85	77	197	104	79	78	185	90	104	93	115	103	34	19	38	28	14	25	14	21	23	15	25	14	34	31	16	51	142	42	119	131	51	42	62	71	41	32	52	43	68	42	45	76	21	20	25	34	14	23	30	37	12	11	20	17	31	50	28	74
51	21	6	25	30	25	12	24	26	27	4	21	41	43	8	46	24	25	1	34	22	21	2	34	17	16	3	13	20	25	0	53	88	33	284	57	51	35	181	72	48	43	190	41	61	65	104	62	11	16	15	24	7	17	11	20	14	5	11	14	19	23	21	38	83	24	66	67	31	34	45	33	34	21	25	29	34	17	17	38	10	13	26	23	5	11	11	18	4	2	10	7	22	31	17	58
70	40	5	33	60	40	13	45	44	43	11	32	67	54	9	59	42	29	7	41	21	31	9	47	14	31	5	22	36	40	9	67	80	54	189	75	66	54	103	77	53	45	121	43	84	82	86	83	19	19	35	32	5	25	12	29	10	7	17	17	19	27	22	63	81	29	78	89	34	26	35	47	36	18	32	30	40	27	31	50	21	16	15	59	5	23	23	27	5	11	7	17	24	37	27	79
97	55	15	52	85	52	19	48	109	48	14	67	123	94	18	169	38	31	7	55	27	43	10	37	10	19	8	21	34	52	6	62	120	74	376	89	81	61	250	90	80	69	248	66	107	85	157	85	28	26	25	36	9	24	19	29	16	11	15	19	44	32	25	51	164	35	118	104	56	38	64	50	49	31	52	54	66	42	45	61	27	18	30	41	13	21	22	34	6	8	19	15	22	39	31	71
45	31	6	28	34	18	6	24	30	19	5	18	44	47	4	48	24	19	7	30	24	23	2	27	14	11	1	13	23	27	6	50	84	39	193	54	48	41	135	67	48	46	137	45	51	54	84	66	21	15	24	23	2	18	13	13	14	12	9	10	15	10	10	35	96	28	84	69	31	33	38	46	22	17	25	25	31	30	20	47	13	11	21	35	6	10	21	18	5	5	9	10	18	20	16	41
54	34	5	42	49	32	9	30	32	33	9	24	51	54	6	65	32	18	10	32	29	26	6	29	16	12	1	17	38	41	1	56	64	39	155	59	49	50	112	56	46	54	116	38	70	61	67	76	17	19	20	24	11	23	21	19	11	8	16	14	23	25	15	43	85	23	75	89	26	29	38	38	26	17	20	25	37	31	22	38	15	13	31	37	10	9	14	41	7	9	20	8	18	29	26	57
49	40	6	28	38	30	7	27	28	24	8	26	48	42	2	48	22	17	1	28	16	18	8	30	10	14	2	13	25	31	8	37	74	52	167	54	58	45	109	55	48	39	118	43	63	63	83	46	23	12	19	16	4	16	8	21	9	8	16	11	15	17	8	52	74	31	65	75	34	42	44	31	25	15	28	30	45	24	25	36	10	15	21	34	13	15	4	22	2	5	14	8	11	19	24	59
259	178	28	152	175	172	43	147	176	136	35	111	205	181	43	237	174	117	32	183	127	147	41	176	83	87	16	110	158	150	32	240	389	236	54	331	285	282	187	342	285	289	128	265	373	384	184	349	117	102	127	114	39	97	76	86	64	46	56	74	88	81	76	197	578	173	481	518	203	156	273	234	166	106	168	179	247	133	144	235	72	61	115	146	47	83	109	136	43	36	88	49	91	137	114	275
65	36	9	42	40	25	6	27	39	31	10	15	56	47	6	41	34	18	3	31	19	26	7	30	15	13	7	21	25	22	4	54	84	35	222	47	48	46	153	50	45	36	147	43	74	54	70	54	17	15	15	26	1	18	9	15	11	8	8	9	15	15	12	58	82	27	60	71	26	32	34	29	24	17	31	28	32	21	29	35	23	13	21	24	8	16	12	29	8	4	15	9	23	26	21	43
156	83	14	89	126	85	24	102	96	76	19	74	144	135	24	136	99	52	26	109	69	71	18	83	39	41	9	52	94	73	14	152	230	131	37	175	161	172	86	170	126	141	64	128	207	195	79	187	67	58	89	73	14	50	28	48	31	27	28	37	57	53	48	125	258	89	231	285	86	93	121	122	100	39	75	80	105	67	60	124	48	34	67	88	29	47	53	112	28	13	42	32	69	71	66	163
124	79	15	76	88	75	26	68	90	50	13	49	101	120	15	122	76	49	17	71	45	52	27	84	35	34	11	41	89	74	13	121	214	93	212	135	150	125	169	169	136	111	140	111	139	163	118	156	51	40	48	59	21	47	23	50	20	27	24	38	43	42	35	96	252	80	210	219	81	68	114	113	84	53	93	78	109	60	65	118	27	23	42	66	29	32	35	67	19	13	37	28	47	61	63	128
67	52	8	51	55	34	11	35	47	23	8	30	45	58	11	60	29	19	6	41	21	27	8	30	15	15	1	20	26	33	4	56	83	43	231	70	54	56	138	65	60	34	143	43	78	57	84	84	12	21	26	23	4	18	24	25	6	7	13	13	26	27	9	46	97	34	84	79	29	27	55	33	21	15	30	30	38	20	21	45	16	27	23	50	6	16	19	27	13	4	14	14	15	24	22	55
144	66	18	61	118	82	28	70	134	55	15	85	142	109	17	201	66	29	12	76	41	52	12	68	28	24	9	35	58	66	9	110	162	80	447	126	101	96	277	117	102	100	342	90	149	134	173	105	31	30	42	40	10	37	21	26	22	17	20	26	62	48	34	89	176	54	142	143	57	54	80	80	48	41	49	61	72	50	48	73	35	20	51	80	20	35	35	44	12	8	29	18	38	51	37	114
92	58	9	68	113	58	15	62	119	53	13	74	103	83	22	149	42	34	10	56	35	34	14	48	22	21	12	32	63	40	7	79	155	60	392	100	81	75	237	90	66	72	247	48	92	95	183	84	29	22	25	31	11	21	15	32	10	11	26	19	40	42	19	75	97	46	111	120	44	43	59	58	37	23	42	42	39	46	22	60	19	19	28	46	14	21	29	33	7	2	20	17	26	40	42	82
194	113	20	104	120	97	35	79	99	70	20	83	132	143	24	158	94	63	16	115	60	62	12	101	31	33	15	55	92	87	11	177	225	114	500	150	164	116	319	168	131	114	301	114	202	190	201	181	68	48	65	72	10	49	22	70	25	24	35	37	78	56	32	124	225	72	172	196	105	69	102	104	85	40	66	75	109	81	70	91	42	60	65	97	29	41	45	94	23	15	42	32	65	90	51	183
183	103	28	101	117	88	21	86	83	77	16	81	149	125	21	156	79	60	21	94	67	73	23	92	37	29	9	45	82	88	17	153	215	113	280	149	143	128	197	172	124	98	206	102	203	143	133	179	57	31	58	67	17	47	28	50	32	27	41	36	39	42	30	143	208	83	190	182	75	83	115	103	68	42	61	74	87	62	61	111	53	32	46	85	36	37	36	71	21	17	41	41	46	78	53	156
81	43	11	44	79	36	21	52	84	35	12	53	92	59	13	102	35	22	7	34	19	24	4	33	10	11	5	15	20	26	1	48	100	32	272	64	70	57	170	58	50	53	191	46	97	75	116	67	17	15	22	21	7	23	18	22	5	11	12	13	35	22	15	58	100	31	65	88	34	31	30	45	26	15	32	41	39	25	34	48	13	14	31	35	6	12	27	35	6	7	19	9	19	27	27	62
133	62	11	76	111	48	20	69	130	46	19	62	117	99	23	147	65	36	4	59	36	42	12	50	24	26	3	34	57	54	10	99	140	68	210	96	98	83	142	113	81	73	142	64	142	135	89	106	34	26	39	41	7	28	16	35	15	13	22	34	42	31	24	63	132	47	87	139	51	66	74	72	39	22	64	43	51	50	48	59	22	41	30	70	13	27	24	66	10	15	26	14	23	48	36	112
97	54	7	48	72	41	12	47	84	42	14	54	101	53	16	101	41	22	8	45	19	30	10	37	23	18	5	26	34	35	5	69	112	53	283	72	76	46	197	82	59	65	192	48	107	90	105	70	28	16	32	26	6	25	12	25	9	9	13	11	36	28	12	62	109	39	98	120	49	47	57	51	30	21	40	29	44	31	25	51	20	16	30	42	9	18	20	44	15	4	14	14	20	33	40	60
67	44	12	42	70	38	9	52	93	34	10	54	96	54	10	99	35	19	4	33	21	26	10	34	16	11	1	17	33	27	8	40	98	51	265	59	52	39	181	71	53	53	176	31	63	65	128	50	19	16	30	26	5	22	17	18	6	4	9	11	29	19	9	40	98	27	73	75	32	30	36	38	33	17	29	41	44	16	23	49	20	9	25	42	12	23	22	33	10	5	13	14	13	31	20	55
187	72	21	90	124	97	23	96	96	75	25	85	158	115	19	163	84	60	16	100	60	67	12	85	39	50	8	54	88	107	16	163	209	106	295	152	160	141	213	171	134	124	188	113	206	179	134	184	52	40	56	73	18	43	34	58	26	26	38	26	48	68	31	120	199	74	161	218	95	83	112	125	78	47	77	90	91	71	62	119	55	46	54	89	17	45	47	84	9	17	43	32	65	63	70	163
172	88	10	74	158	71	15	81	136	64	18	99	169	115	15	222	45	44	13	68	35	51	16	68	20	30	7	46	64	68	9	118	127	75	351	87	93	102	213	110	99	68	212	64	145	127	119	121	29	22	40	61	5	40	24	47	9	20	18	35	50	46	27	96	108	43	109	99	62	55	56	78	37	27	39	40	58	48	38	49	42	24	46	81	18	26	35	56	17	7	27	28	51	59	44	116
147	66	17	80	129	78	21	70	106	58	12	77	126	127	22	156	62	44	10	74	40	43	8	64	24	30	5	38	57	58	8	96	115	68	361	100	91	83	181	111	95	75	204	80	161	136	127	108	33	24	36	52	5	28	23	53	19	14	31	28	41	39	23	104	115	46	90	95	50	59	61	78	34	35	44	44	56	39	37	70	22	23	48	90	16	41	33	61	10	9	20	20	26	65	51	108
156	79	19	91	150	98	22	86	143	57	21	92	164	144	26	179	77	55	13	89	43	52	15	70	25	43	8	38	65	58	9	117	146	81	344	110	105	91	219	113	94	73	258	84	163	111	128	121	35	31	40	63	14	40	28	45	20	15	29	30	55	47	27	102	116	44	97	119	59	55	75	67	44	33	42	49	68	49	50	73	40	32	45	82	20	21	33	61	17	8	29	28	34	51	69	106
157	77	14	77	155	99	21	82	143	64	21	85	162	155	34	192	62	39	13	77	40	44	12	60	26	29	7	29	60	72	9	127	152	67	377	109	124	75	232	122	91	75	237	76	153	136	131	131	32	23	38	60	6	37	19	41	17	14	18	33	59	62	26	100	125	54	90	138	67	68	62	77	46	30	42	48	50	53	35	68	21	33	51	90	13	26	41	73	10	17	25	24	42	52	43	120
72	50	8	44	63	34	17	51	86	41	7	58	63	69	16	108	35	24	8	29	26	37	8	36	10	17	4	24	28	36	6	61	104	57	273	62	59	47	176	77	43	45	189	54	80	61	117	61	20	13	20	29	4	21	13	26	9	10	15	16	23	16	7	53	106	32	70	77	22	26	48	30	36	20	40	38	58	30	31	35	22	11	32	28	9	20	12	34	8	6	10	15	13	30	25	65
86	37	12	41	76	44	9	59	78	45	16	57	85	65	16	116	37	26	8	49	25	32	13	48	20	22	9	26	26	40	7	69	103	65	304	67	78	77	211	78	53	67	195	66	77	77	142	77	26	22	43	27	6	19	20	24	14	13	14	21	28	22	19	66	111	52	111	104	34	45	48	56	37	27	37	43	40	33	33	64	21	16	25	46	12	20	25	40	2	13	23	17	28	31	27	58
391	194	45	205	317	237	39	232	201	153	37	153	408	312	58	330	190	122	43	240	117	122	26	220	78	88	18	109	173	213	28	338	291	205	13	259	319	288	63	331	257	194	15	219	435	344	58	352	92	83	124	146	21	122	52	129	40	56	81	83	109	140	84	300	350	124	245	332	196	164	177	222	99	73	107	103	209	125	105	164	94	99	121	235	47	78	93	204	44	32	79	86	113	149	126	330
343	143	43	162	276	170	28	204	248	124	26	183	328	257	38	355	111	92	30	172	74	103	25	132	63	52	15	64	143	159	12	238	228	133	306	196	191	185	230	222	150	120	205	135	317	241	138	234	56	45	71	104	10	78	37	86	33	26	47	64	88	118	47	213	190	77	164	213	116	83	114	133	58	36	68	71	100	89	71	95	67	47	80	171	41	57	60	129	33	16	50	61	86	120	75	283
352	144	31	180	298	177	28	182	211	131	31	165	340	238	51	383	118	94	31	136	86	101	15	157	64	57	21	69	143	154	10	246	216	150	352	225	214	183	232	226	164	139	228	155	325	257	142	227	87	47	72	115	13	77	40	99	24	29	55	56	102	108	59	221	200	73	166	200	116	84	113	142	65	53	54	71	85	70	62	105	66	86	96	186	28	59	55	147	19	22	53	75	91	105	98	241
420	208	49	244	305	211	52	226	230	161	38	173	368	314	40	365	217	141	21	225	114	149	19	246	83	74	18	109	157	225	33	328	324	186	18	268	310	300	57	356	246	160	21	209	459	344	67	340	95	73	112	161	24	102	65	151	40	55	63	89	106	161	84	268	341	137	276	329	190	153	141	202	113	64	102	130	162	115	118	164	111	108	126	279	36	85	81	182	41	40	78	71	139	163	129	378
127	82	15	57	84	63	21	76	91	66	13	58	120	106	14	126	80	51	12	78	42	54	15	92	35	31	7	38	81	69	16	137	186	131	465	134	144	135	287	135	132	122	315	101	167	173	186	138	36	50	49	70	15	44	25	44	20	25	36	39	54	51	33	103	205	89	188	196	72	64	117	100	57	51	75	68	82	65	66	108	29	23	59	88	24	24	39	87	12	13	40	28	38	62	51	133
124	75	13	65	117	75	15	80	132	60	22	92	117	124	24	138	57	43	8	85	36	41	9	65	24	27	4	38	54	47	7	94	174	85	458	105	98	89	274	118	86	87	283	70	135	118	172	130	42	28	41	43	14	27	16	44	18	20	22	24	55	37	28	73	154	52	128	152	62	58	86	74	49	33	44	62	64	45	36	67	22	26	32	58	15	32	18	48	16	11	33	20	28	50	48	88
197	97	17	86	150	103	20	94	163	71	18	104	203	167	26	218	78	43	17	66	41	60	17	80	25	30	6	45	62	79	9	113	184	72	332	138	113	97	249	127	87	85	228	77	173	145	133	150	36	27	41	60	16	43	29	58	20	22	14	39	56	67	27	112	120	54	121	129	73	61	69	64	46	18	49	56	60	58	41	68	30	39	40	88	17	35	35	84	21	6	36	24	62	59	43	138
79	43	8	48	82	55	16	57	99	39	13	55	92	73	16	113	45	29	9	42	27	28	9	51	11	22	3	25	44	41	9	78	97	62	316	72	81	50	164	81	68	60	199	45	85	83	128	78	23	16	33	29	4	34	14	23	4	17	12	21	28	27	9	53	94	36	91	101	45	37	52	42	32	22	31	29	44	38	34	42	23	28	28	37	11	18	19	32	10	6	18	16	18	32	23	66
81	48	2	40	67	42	8	49	70	38	9	58	67	72	11	101	34	13	8	26	23	23	4	28	16	14	5	24	22	28	5	51	106	52	285	53	56	50	175	57	55	41	200	42	88	71	102	64	17	16	24	30	10	15	12	21	9	11	13	10	23	19	13	48	86	31	68	80	28	20	45	27	33	21	31	32	38	25	20	42	11	10	17	31	8	15	18	21	10	7	17	9	18	12	22	51
89	41	9	39	85	27	9	44	79	28	7	51	68	76	12	95	30	19	11	42	18	21	9	32	11	12	4	15	29	29	6	63	100	48	312	65	70	53	182	80	53	35	190	42	54	80	117	59	13	27	27	19	2	30	10	22	5	14	10	9	30	18	18	47	95	34	73	89	29	33	47	27	35	19	30	33	36	23	21	55	26	13	28	33	8	13	15	24	5	7	20	15	21	25	20	64
102	57	10	45	104	55	20	65	108	49	17	70	89	72	18	130	45	34	12	37	23	37	9	34	22	16	7	28	43	44	9	82	141	59	348	87	94	75	233	97	64	70	230	64	110	107	155	89	20	23	33	35	10	34	20	33	12	14	18	18	41	33	22	66	108	47	84	135	49	33	51	57	35	15	33	49	59	50	48	68	19	18	30	54	10	22	16	39	8	9	18	12	24	36	29	68
142	69	8	59	107	69	15	71	84	47	16	52	115	119	11	112	71	43	12	86	46	44	8	51	25	36	11	50	54	74	13	117	150	81	437	119	107	108	215	110	90	78	248	76	174	109	139	106	30	30	34	72	6	35	22	55	16	15	27	28	43	55	23	99	155	58	121	143	66	56	63	98	56	25	36	53	76	42	45	64	42	36	45	88	20	27	25	71	17	14	25	26	53	54	50	118
82	36	7	39	82	42	17	49	65	46	10	45	77	67	12	109	49	27	8	41	18	24	4	35	19	20	6	29	31	30	6	74	100	54	297	65	64	59	197	81	49	45	203	59	95	70	123	75	30	19	28	35	7	27	13	29	10	10	15	18	36	38	23	58	97	42	84	101	48	31	55	50	31	18	27	24	48	38	35	48	21	24	28	47	11	21	32	37	5	5	20	15	26	22	27	61
145	72	4	67	120	68	20	63	107	45	16	73	136	80	18	167	66	50	9	72	37	41	8	66	27	28	8	30	58	53	11	110	143	79	210	125	103	95	142	117	71	87	131	75	115	109	99	94	28	22	37	64	14	34	19	40	10	20	25	24	40	33	35	94	130	46	116	137	42	42	65	57	40	31	46	42	63	41	34	56	34	30	44	57	22	19	25	44	17	13	13	33	34	65	43	122
135	65	16	58	110	76	30	77	129	59	15	76	144	104	26	177	56	33	10	70	37	50	9	63	27	18	5	39	60	64	6	110	139	79	231	107	104	103	161	100	70	71	122	75	148	108	93	101	36	30	46	54	14	38	18	39	19	16	16	22	33	47	21	82	134	54	114	126	45	49	67	88	42	34	40	44	53	38	50	62	25	25	44	71	15	35	32	49	11	10	37	20	34	55	43	91
317	134	23	161	251	142	31	195	294	129	37	188	350	259	37	385	138	89	32	154	71	87	17	137	45	53	9	71	133	147	15	262	219	135	334	181	212	182	210	244	150	109	218	131	284	235	141	239	58	49	68	114	7	72	51	99	24	38	60	70	78	103	43	197	187	85	153	213	117	101	104	141	57	33	66	70	111	80	63	105	66	79	94	191	38	43	59	140	27	28	59	58	86	115	81	254
356	173	28	177	311	188	39	211	269	123	42	164	358	281	66	412	127	92	22	160	71	109	19	132	55	65	15	75	137	156	23	256	237	139	342	224	256	188	212	233	170	144	223	144	339	266	131	233	62	55	72	102	16	81	47	113	27	44	55	68	93	116	41	240	187	87	169	214	116	102	123	161	55	56	74	76	96	88	48	106	91	84	83	222	34	62	63	179	19	31	54	63	92	116	96	290
148	80	16	76	135	64	24	69	129	61	18	81	125	121	21	160	55	47	4	70	24	39	14	74	22	24	4	36	46	66	11	93	174	79	454	92	82	97	260	96	84	62	276	74	117	115	179	119	32	34	46	40	13	31	24	41	11	19	16	23	57	35	19	81	132	44	104	124	59	50	69	51	35	30	36	36	59	36	51	59	34	40	35	52	14	23	26	51	14	7	15	19	40	46	38	95
140	70	16	63	91	59	23	90	74	60	24	63	112	92	9	103	79	53	12	77	46	68	13	73	28	31	6	46	63	72	13	104	159	93	272	113	125	102	187	148	99	115	198	93	158	137	130	124	40	37	56	55	17	34	26	52	19	13	21	31	40	41	37	107	193	62	147	163	58	55	90	92	66	49	47	54	86	60	57	93	34	31	45	83	17	25	35	68	19	10	38	28	32	58	52	129
103	33	9	57	64	40	17	47	104	36	11	90	89	75	20	117	29	20	11	41	20	32	14	45	14	20	5	18	24	17	3	53	101	50	286	68	52	52	171	66	58	46	182	48	85	68	132	63	20	12	26	21	7	29	18	19	10	15	11	16	32	33	7	58	79	36	86	93	23	37	52	34	19	13	38	30	36	29	30	46	15	22	17	36	12	14	13	22	11	3	17	13	22	24	19	53
109	49	10	35	84	44	14	67	111	33	8	67	96	58	21	124	38	20	6	29	18	17	9	41	17	14	3	16	29	33	5	51	94	52	288	65	68	51	207	59	54	50	187	56	92	83	100	72	20	17	28	36	7	18	17	28	9	14	26	9	20	27	19	63	101	41	79	89	45	41	34	42	21	17	38	28	49	42	36	47	17	17	32	29	10	17	27	39	8	4	23	13	18	25	24	53
408	218	43	235	350	203	49	191	237	170	34	156	407	303	40	374	190	127	34	217	127	140	26	213	91	75	17	95	180	215	33	328	316	213	14	274	298	304	62	333	256	166	20	203	448	376	49	341	104	71	115	165	32	130	32	124	40	54	75	101	108	173	50	308	333	126	307	355	172	155	183	225	91	90	115	116	183	117	112	176	120	114	143	249	57	101	104	180	42	21	77	65	134	170	120	361
146	63	9	82	120	71	21	68	130	62	11	83	145	122	29	167	56	38	12	75	48	51	15	60	20	19	7	33	56	57	9	95	157	80	224	97	95	97	145	131	77	89	141	72	140	113	107	113	45	33	37	62	5	33	21	40	14	17	25	27	52	37	28	102	133	50	97	133	62	49	81	65	45	26	46	45	57	47	47	61	42	27	34	77	23	23	23	65	16	11	22	19	44	49	45	110
130	75	13	65	123	60	14	71	90	63	11	72	131	98	27	145	61	43	11	65	36	39	10	59	10	21	7	29	52	69	8	122	143	77	201	107	97	83	124	111	85	72	138	73	150	124	99	96	25	23	45	39	7	37	20	39	12	24	20	32	35	40	24	92	120	47	105	144	50	50	55	80	42	29	44	51	65	46	42	67	23	19	37	67	17	32	32	63	6	11	33	28	30	52	42	98
132	61	21	69	107	49	15	83	114	44	11	79	127	97	22	146	49	37	13	64	32	48	9	57	27	27	7	34	58	67	5	97	157	78	404	106	96	87	257	116	90	80	256	66	118	109	169	98	32	33	40	45	8	21	14	33	9	16	22	25	50	31	28	83	130	57	106	145	51	49	61	66	39	32	45	47	54	45	47	78	29	33	32	49	16	21	28	53	15	8	24	31	30	45	36	85
139	82	13	70	115	50	21	66	139	59	25	81	119	114	33	181	67	41	15	56	34	46	11	70	18	26	2	43	48	61	4	90	143	68	400	87	104	100	281	102	89	60	255	71	120	108	162	114	36	26	38	53	13	29	16	34	8	15	29	25	53	45	28	80	143	57	124	130	66	55	72	64	48	38	53	64	70	48	43	76	30	26	32	76	11	39	27	42	18	8	28	18	35	49	35	71
135	57	8	84	110	81	25	78	115	52	15	93	133	102	21	155	43	31	8	65	31	55	7	59	22	23	11	23	53	53	3	92	149	79	403	105	78	79	271	104	104	92	302	68	140	119	175	99	39	30	36	38	13	31	23	36	11	22	19	25	41	41	24	75	133	59	117	130	66	63	89	79	48	45	51	50	79	53	36	77	22	22	47	66	12	22	24	57	10	11	26	25	44	51	39	99
127	48	20	70	118	47	13	68	123	51	13	56	137	79	17	168	63	34	15	45	24	43	10	52	26	27	8	23	52	46	13	85	125	63	206	87	93	89	142	95	75	66	139	53	92	103	75	83	24	19	32	44	9	41	18	36	14	15	22	18	31	41	16	69	112	39	116	128	47	38	69	68	35	22	42	40	59	42	31	69	26	26	36	51	16	30	20	49	8	9	22	25	30	48	35	101
321	169	31	145	279	192	30	199	265	115	39	167	347	248	39	351	141	88	21	159	74	88	14	147	46	52	20	89	117	137	10	214	232	130	365	183	192	173	222	241	139	114	203	128	334	226	125	219	53	49	64	112	7	70	34	94	28	29	55	62	86	103	54	239	190	73	139	221	78	112	100	146	65	47	60	80	99	64	56	111	80	67	69	161	38	57	63	153	28	25	45	59	73	124	88	284
123	60	14	53	109	52	17	67	117	45	14	71	124	119	18	144	49	37	14	65	30	39	11	48	21	20	9	31	52	55	6	106	147	70	235	115	105	96	136	91	80	62	127	79	136	111	89	108	27	37	46	46	11	33	23	42	21	20	16	27	47	39	26	66	120	39	97	102	45	59	68	67	36	33	38	41	48	47	43	56	27	29	41	68	10	29	32	55	9	12	26	18	47	42	39	89
130	56	18	70	119	67	17	70	117	46	17	76	124	96	17	153	43	35	8	55	47	51	10	43	27	25	5	28	47	62	6	84	120	84	409	87	111	82	240	112	84	76	277	75	122	116	177	104	30	27	35	50	10	32	24	32	20	18	23	28	50	31	19	59	145	56	118	143	60	47	74	66	36	31	44	45	52	34	50	85	24	28	49	40	14	24	19	45	7	6	21	21	36	48	39	85
128	56	14	68	128	76	15	77	160	64	18	87	136	105	23	139	45	33	9	70	33	43	10	74	27	24	9	43	44	49	9	82	163	86	428	115	99	82	280	102	88	65	285	85	127	113	161	96	38	38	44	41	12	25	20	40	13	18	21	18	36	31	19	85	144	44	120	139	58	51	65	50	48	45	37	61	94	40	44	59	24	18	35	58	12	28	26	54	13	7	28	28	32	35	44	88
152	88	20	79	113	69	25	89	127	56	25	66	135	118	21	178	60	27	11	60	38	48	12	64	23	28	5	43	61	77	10	93	167	78	225	118	117	108	160	115	98	74	148	76	136	125	102	126	45	32	34	40	9	33	14	39	19	21	19	28	53	41	21	85	144	41	93	150	57	61	62	73	47	32	54	48	62	57	48	73	35	28	41	68	22	29	30	51	15	10	28	20	35	52	43	107
141	75	10	69	109	69	23	75	107	50	18	88	156	101	22	141	54	37	5	72	40	47	13	60	38	22	7	36	52	57	9	110	137	71	207	94	100	89	140	109	86	68	145	69	142	126	76	112	21	35	39	46	3	39	23	30	12	19	24	18	50	49	21	100	104	49	106	132	57	48	58	78	44	36	33	48	63	56	42	75	32	34	47	76	10	33	25	52	14	6	29	21	33	56	40	122
132	61	18	62	124	80	29	78	128	38	19	90	125	109	25	159	62	34	10	66	29	47	9	39	22	26	4	28	45	59	9	109	170	101	505	107	131	100	276	114	98	101	306	97	133	127	192	102	43	33	41	48	13	33	14	39	12	16	20	21	47	45	24	81	144	42	137	156	51	51	81	66	40	32	47	60	67	50	43	69	27	25	54	66	15	26	26	52	16	10	23	18	26	49	42	108
69	52	9	47	50	42	20	50	39	25	12	31	62	50	11	64	33	33	6	54	26	39	8	48	21	15	4	18	34	41	4	79	101	50	157	55	62	66	122	77	53	65	124	60	85	102	98	60	17	20	32	32	12	27	10	17	14	12	16	11	30	33	16	61	89	40	83	118	48	40	59	34	30	18	33	23	40	29	35	67	27	18	29	40	9	19	23	33	8	7	17	9	15	31	32	63
72	39	10	32	46	39	7	38	32	35	2	31	53	61	9	58	28	19	5	45	22	26	8	47	10	24	5	20	32	30	9	57	91	37	308	61	55	54	203	78	54	64	214	50	86	66	111	53	20	20	32	30	6	17	16	22	10	10	10	16	28	24	20	50	110	25	71	104	40	27	48	35	35	29	35	35	32	30	34	48	17	19	25	40	9	19	19	38	5	11	8	15	22	29	27	62
78	50	12	40	83	46	16	42	83	45	14	56	96	67	12	117	39	22	6	45	24	40	6	43	18	16	3	29	34	46	6	69	102	62	421	75	74	56	232	73	64	55	278	40	96	87	150	81	22	17	33	29	4	31	17	27	11	23	9	17	34	28	17	72	122	30	104	94	39	32	47	58	35	19	43	43	47	35	36	37	24	14	31	40	5	16	14	40	8	12	20	13	20	38	29	59
70	32	12	29	38	26	9	36	35	32	7	24	61	45	4	54	31	21	8	43	19	14	8	30	15	14	3	23	28	41	4	44	76	41	143	47	66	42	100	59	38	41	100	32	79	57	65	66	16	17	26	31	8	13	17	15	10	10	8	7	14	25	8	56	78	29	57	82	22	25	38	36	34	17	23	20	34	28	23	43	15	13	20	31	9	6	19	32	4	8	17	11	16	28	32	57
57	34	6	31	38	29	6	29	31	15	8	27	47	40	6	58	32	20	9	41	20	23	4	36	8	13	3	21	34	32	5	49	99	44	197	47	59	36	118	58	39	49	114	31	76	58	75	48	18	21	18	19	11	18	17	14	9	15	11	16	19	20	7	45	89	28	74	81	33	28	28	42	22	19	21	29	37	24	24	32	14	12	17	36	10	10	16	26	3	4	16	9	25	24	22	49
87	55	18	38	68	55	13	63	64	33	10	38	91	80	9	94	45	36	5	51	28	26	11	49	24	20	6	25	38	39	7	84	105	63	141	75	75	72	106	89	70	46	79	59	109	92	60	88	18	29	25	38	3	27	18	28	18	15	20	20	21	29	18	71	101	35	64	91	47	40	67	52	22	25	39	31	51	38	28	54	20	29	28	65	12	25	20	52	10	13	18	20	33	32	25	94
68	43	7	30	31	36	3	39	29	23	3	28	45	44	10	57	32	28	8	43	15	20	10	32	16	17	5	20	28	35	3	61	96	47	133	65	69	67	92	68	55	50	83	51	78	64	69	58	24	15	27	34	7	16	13	15	5	9	11	20	20	28	12	32	110	27	79	98	31	31	42	50	36	19	30	20	50	29	36	38	23	13	26	31	8	19	20	29	9	7	15	10	15	25	21	62
51	24	8	26	34	28	12	25	33	22	13	26	58	27	10	60	12	19	4	40	13	17	3	18	8	12	2	24	20	21	2	37	72	35	328	53	46	36	199	59	37	42	180	32	51	57	108	42	12	12	19	19	4	14	8	17	9	8	7	6	17	14	7	38	85	34	54	72	27	25	34	26	18	13	15	24	20	27	23	43	14	9	18	26	8	15	16	17	7	3	12	9	18	18	16	31
117	58	17	76	120	46	12	68	109	42	14	81	108	109	12	163	67	40	14	74	42	47	11	50	28	10	9	34	56	50	7	88	173	68	483	117	101	99	317	94	90	91	294	101	121	136	182	91	40	35	52	40	12	24	21	39	10	11	13	25	46	39	26	100	154	39	148	146	60	54	72	66	40	50	51	55	75	39	40	80	33	26	40	64	14	27	35	56	16	12	26	23	30	42	32	116
58	27	11	30	44	15	9	34	61	24	7	36	48	48	15	72	30	13	5	24	17	21	3	24	12	10	2	12	32	28	6	43	94	38	367	58	37	42	228	45	47	50	215	41	68	58	144	43	12	15	14	25	4	11	10	21	12	5	8	16	27	14	10	46	86	31	64	85	32	27	34	39	22	21	30	25	35	27	23	34	10	9	25	33	13	15	17	24	7	6	8	5	10	20	20	42
79	39	4	41	61	44	18	44	67	29	11	41	77	51	9	92	27	17	3	35	20	23	1	25	10	8	1	18	19	31	5	56	85	39	284	55	47	46	200	54	44	51	189	40	54	54	117	70	15	10	23	25	6	17	17	14	4	5	11	17	31	16	13	37	80	30	43	76	23	28	29	46	20	12	28	27	34	21	26	40	15	17	15	35	5	12	21	32	8	3	16	4	16	23	18	50
76	40	4	54	69	43	16	31	63	30	9	54	85	52	13	79	32	22	6	32	20	29	1	29	13	16	4	24	24	41	3	64	87	42	341	75	50	49	234	77	48	48	196	36	62	70	115	60	20	21	24	21	5	21	12	15	7	11	14	19	27	15	15	45	104	28	100	86	36	39	39	27	36	23	22	31	36	30	30	45	13	20	18	39	10	13	17	28	7	2	20	9	15	23	20	56
59	37	7	29	51	33	13	36	42	28	4	38	59	60	4	75	36	19	4	35	19	38	5	34	14	14	4	15	18	32	3	41	100	44	168	60	55	56	146	58	47	42	120	51	74	66	68	57	16	11	23	21	6	10	13	14	5	6	15	7	28	15	16	40	93	18	68	77	32	30	45	46	24	21	28	35	44	24	26	34	17	15	18	32	7	10	16	25	4	9	11	7	18	23	16	55
69	26	9	40	45	48	11	47	40	22	9	31	63	67	7	68	49	28	2	30	19	18	3	30	19	21	4	18	42	39	7	58	93	57	127	56	57	59	90	69	52	43	78	49	94	95	53	77	17	16	18	29	8	28	12	22	11	13	18	11	13	17	12	50	68	25	65	69	30	26	50	48	28	18	18	31	48	31	27	48	14	17	24	57	9	15	21	38	9	8	7	18	25	47	26	61
64	34	2	30	39	35	7	33	39	25	8	22	56	49	6	56	27	24	3	39	18	27	3	28	12	11	4	18	28	34	6	57	75	54	202	59	58	38	112	61	44	45	131	37	55	59	69	56	21	14	14	22	4	14	11	25	9	13	10	11	21	21	19	39	70	30	65	74	30	31	47	41	25	12	18	33	46	23	21	41	8	17	20	35	4	11	19	41	6	3	8	8	24	25	25	57
57	35	6	29	61	41	17	24	38	25	7	37	64	43	10	57	38	21	10	38	22	34	2	39	11	18	2	20	35	42	9	55	98	42	285	62	53	69	175	66	58	38	177	64	79	84	101	69	14	27	21	28	7	17	9	35	15	9	11	16	27	24	20	52	87	33	84	95	29	36	37	45	30	16	30	36	46	39	32	48	21	24	23	38	15	20	12	32	12	6	21	8	18	39	28	77
56	25	6	23	44	27	7	25	60	15	7	23	46	52	6	61	19	13	4	28	18	19	8	32	6	11	6	12	19	20	5	29	68	35	329	49	39	39	193	54	53	38	196	37	42	44	118	53	13	11	19	20	7	16	8	19	6	7	11	9	22	19	13	31	68	36	55	55	42	20	24	28	20	17	18	18	33	27	17	33	6	6	17	24	7	15	13	18	4	7	12	8	24	18	17	47
