"A[C>A]A"	"A[C>A]C"	"A[C>A]G"	"A[C>A]T"	"C[C>A]A"	"C[C>A]C"	"C[C>A]G"	"C[C>A]T"	"G[C>A]A"	"G[C>A]C"	"G[C>A]G"	"G[C>A]T"	"T[C>A]A"	"T[C>A]C"	"T[C>A]G"	"T[C>A]T"	"A[C>G]A"	"A[C>G]C"	"A[C>G]G"	"A[C>G]T"	"C[C>G]A"	"C[C>G]C"	"C[C>G]G"	"C[C>G]T"	"G[C>G]A"	"G[C>G]C"	"G[C>G]G"	"G[C>G]T"	"T[C>G]A"	"T[C>G]C"	"T[C>G]G"	"T[C>G]T"	"A[C>T]A"	"A[C>T]C"	"A[C>T]G"	"A[C>T]T"	"C[C>T]A"	"C[C>T]C"	"C[C>T]G"	"C[C>T]T"	"G[C>T]A"	"G[C>T]C"	"G[C>T]G"	"G[C>T]T"	"T[C>T]A"	"T[C>T]C"	"T[C>T]G"	"T[C>T]T"	"A[T>A]A"	"A[T>A]C"	"A[T>A]G"	"A[T>A]T"	"C[T>A]A"	"C[T>A]C"	"C[T>A]G"	"C[T>A]T"	"G[T>A]A"	"G[T>A]C"	"G[T>A]G"	"G[T>A]T"	"T[T>A]A"	"T[T>A]C"	"T[T>A]G"	"T[T>A]T"	"A[T>C]A"	"A[T>C]C"	"A[T>C]G"	"A[T>C]T"	"C[T>C]A"	"C[T>C]C"	"C[T>C]G"	"C[T>C]T"	"G[T>C]A"	"G[T>C]C"	"G[T>C]G"	"G[T>C]T"	"T[T>C]A"	"T[T>C]C"	"T[T>C]G"	"T[T>C]T"	"A[T>G]A"	"A[T>G]C"	"A[T>G]G"	"A[T>G]T"	"C[T>G]A"	"C[T>G]C"	"C[T>G]G"	"C[T>G]T"	"G[T>G]A"	"G[T>G]C"	"G[T>G]G"	"G[T>G]T"	"T[T>G]A"	"T[T>G]C"	"T[T>G]G"	"T[T>G]T"
3	1	0	0	0	0	1	1	0	0	0	0	1	0	0	0	0	0	0	0	0	0	0	1	0	0	0	0	1	0	0	1	2	11	1	2	13	16	6	14	0	3	3	1	24	50	32	12	0	0	0	2	0	0	0	0	0	0	0	0	0	0	2	1	0	0	0	0	0	0	1	2	0	0	0	2	0	3	0	0	0	0	0	0	0	0	1	0	0	1	2	1	0	0	1	1
0	1	1	1	0	1	4	7	3	0	0	1	7	10	3	6	0	2	2	0	0	3	6	1	0	1	2	0	0	2	0	2	4	77	7	19	173	242	62	181	4	59	4	47	312	645	274	197	5	0	1	11	0	3	1	6	1	0	1	1	2	1	4	11	5	2	5	1	2	5	3	8	2	1	3	21	3	2	5	1	1	2	2	2	0	4	3	3	0	1	1	5	0	2	1	4
2	0	2	0	4	0	2	2	0	1	1	0	1	6	0	1	0	0	0	0	0	0	0	0	2	3	1	0	2	3	2	2	4	27	5	11	71	110	35	82	2	28	4	21	138	329	119	93	0	0	2	7	0	1	3	0	2	1	1	1	1	2	3	4	2	1	0	3	2	3	0	7	3	1	3	15	4	2	5	1	0	0	1	2	0	1	7	4	1	1	7	1	1	1	5	1
0	1	0	0	4	0	1	0	0	0	1	0	0	0	0	0	0	0	0	0	0	1	0	0	0	0	0	0	0	0	0	0	0	4	2	0	9	13	3	8	0	1	1	1	5	22	14	3	0	0	1	0	0	0	0	0	1	0	1	0	0	0	0	0	1	2	1	0	0	0	0	1	0	0	0	0	0	0	0	0	0	0	0	0	0	0	0	0	0	0	0	0	0	0	0	0
0	0	0	0	2	0	0	0	0	0	0	0	0	0	0	2	0	1	1	0	0	0	1	0	0	0	0	0	1	1	1	0	1	15	2	3	16	34	13	26	0	9	0	3	35	109	50	29	2	1	0	1	0	0	0	0	0	0	0	0	0	0	1	0	0	0	2	3	1	0	1	2	1	0	2	6	0	0	0	1	0	0	0	0	0	0	0	0	1	0	1	0	0	1	1	1
0	2	0	0	1	0	0	0	1	0	0	0	1	0	0	1	0	0	0	0	0	1	0	0	0	0	1	0	1	0	0	0	0	12	2	5	27	57	8	37	0	13	0	8	31	121	44	39	0	0	0	1	0	0	0	1	0	1	0	0	0	1	0	1	0	0	2	1	1	1	1	0	0	0	2	6	2	1	1	0	0	0	0	0	0	0	0	0	0	0	0	0	0	0	0	0
1	0	0	0	5	2	1	1	0	0	0	0	1	0	0	1	0	1	0	0	0	0	0	0	0	0	0	2	0	0	0	0	2	11	0	0	24	32	11	22	0	8	2	5	16	77	32	25	0	0	0	0	0	0	0	1	0	0	0	0	0	0	1	1	1	1	1	1	0	2	2	0	0	1	0	1	2	0	2	0	2	1	0	2	0	0	0	0	0	0	0	1	0	0	2	0
1	1	0	0	4	2	0	0	0	0	0	1	1	6	0	1	3	1	2	1	1	1	0	2	1	0	3	0	0	2	2	3	1	26	5	6	43	88	26	63	1	22	3	17	103	223	110	65	0	0	4	1	2	2	3	0	0	0	0	1	1	0	1	8	0	1	1	0	0	2	1	5	4	1	1	5	0	7	3	0	0	0	2	2	1	0	3	8	0	0	4	4	3	1	1	3
0	0	0	0	2	1	3	1	0	0	0	0	1	1	0	0	0	1	0	1	0	0	0	0	0	0	0	1	0	0	0	0	1	5	1	3	17	16	5	10	0	2	1	1	21	47	28	11	0	0	0	0	1	0	1	0	0	0	1	0	0	1	0	0	0	0	0	0	0	1	0	0	2	0	0	2	1	1	0	1	0	1	0	0	0	0	0	0	0	0	1	0	0	1	0	0
0	0	0	0	2	4	0	0	0	0	0	0	2	1	0	5	1	0	1	0	0	2	0	1	0	0	1	0	2	1	1	1	0	19	5	0	35	54	13	32	2	10	3	12	72	148	74	41	2	1	1	1	0	2	0	2	1	1	0	0	0	0	1	1	1	1	0	1	0	3	1	3	0	0	0	9	0	3	1	0	0	0	1	1	0	1	1	1	0	0	1	0	0	0	0	1
1	0	0	1	0	0	0	1	2	0	0	0	3	2	1	1	0	1	0	0	1	0	1	2	0	0	0	0	0	0	0	1	0	10	5	8	48	71	23	46	3	11	0	6	67	156	76	54	1	1	0	5	0	2	1	0	0	1	0	1	3	2	1	2	3	1	1	0	0	1	1	3	0	0	0	4	2	1	0	1	0	1	0	1	0	1	0	2	0	1	1	0	0	1	0	0
0	0	0	0	2	0	0	1	0	0	0	0	0	0	0	1	1	1	0	0	0	0	0	0	0	0	0	0	0	0	0	0	1	3	0	3	3	10	2	5	1	3	0	3	12	24	12	5	0	1	0	0	0	0	1	1	0	0	1	0	0	0	1	1	0	0	2	0	1	0	1	0	0	1	2	2	1	0	1	0	0	0	0	0	0	0	0	0	0	0	1	0	0	0	0	0
0	0	1	0	5	0	1	0	0	0	0	0	2	2	0	1	0	1	0	1	0	0	1	0	1	1	0	1	1	1	1	0	1	28	2	7	53	58	29	60	1	32	2	4	98	197	98	65	1	0	0	1	1	0	0	3	0	2	0	2	3	2	0	3	2	2	2	1	1	0	2	3	1	0	0	5	1	1	1	3	0	0	1	1	0	0	4	2	2	0	1	1	0	2	1	1
1	1	0	0	1	2	1	2	0	1	0	1	2	1	0	0	0	0	0	0	1	0	1	2	0	1	0	0	0	0	0	2	0	8	3	2	19	18	8	10	1	5	3	4	16	41	15	14	1	0	1	0	0	1	1	1	0	0	0	0	1	0	0	0	0	1	0	1	0	2	1	0	1	1	0	0	1	0	0	0	0	0	0	1	1	0	0	2	0	0	0	0	0	1	0	2
1	0	0	0	2	2	1	2	1	0	0	2	0	5	1	3	0	2	1	1	0	1	1	0	0	1	1	0	2	0	0	2	1	9	4	4	51	90	19	51	1	20	3	13	83	198	94	57	1	1	3	6	0	0	0	1	1	0	0	1	1	0	1	3	1	0	2	1	0	0	2	3	1	0	1	8	3	0	0	2	0	1	2	0	0	0	0	2	0	1	1	1	1	0	1	1
0	2	0	0	6	2	0	0	0	0	1	0	0	1	0	0	1	0	0	0	0	0	0	0	0	0	0	0	0	0	0	0	1	14	0	2	14	30	10	18	1	4	4	4	20	64	31	22	1	0	0	1	0	0	0	0	0	1	0	0	1	0	1	0	0	0	0	1	0	0	0	1	1	0	0	3	0	0	0	2	0	2	0	0	0	0	1	2	0	0	0	0	0	2	0	0
1	2	0	0	1	1	1	5	0	3	1	0	1	1	0	1	1	1	0	1	0	0	1	1	0	0	0	0	1	0	1	2	0	21	7	5	45	72	24	61	1	10	5	13	71	155	77	52	2	0	0	1	1	4	0	2	0	0	0	0	1	1	0	1	0	1	2	0	1	1	2	4	0	1	1	6	1	0	1	3	0	0	1	0	0	0	0	0	0	1	2	0	4	0	0	1
0	0	0	0	1	0	0	0	0	0	0	0	1	0	0	0	0	0	0	0	0	0	0	0	0	0	0	0	0	0	0	0	2	4	2	4	6	16	4	4	2	4	1	4	9	22	8	8	0	0	0	1	0	0	0	0	2	0	1	0	0	0	0	0	0	0	1	1	1	0	0	0	0	0	0	2	0	0	0	0	1	0	0	0	0	0	0	0	0	0	0	0	0	1	2	0
1	0	0	0	8	2	0	1	2	0	0	0	1	1	0	0	0	0	0	0	0	0	0	0	0	2	0	0	2	2	0	0	2	13	3	4	30	40	14	26	1	9	1	14	34	119	58	28	1	1	1	0	1	1	0	0	0	0	1	0	1	1	0	5	0	0	1	0	1	1	0	2	1	0	0	4	2	0	1	0	0	0	0	0	0	0	0	2	0	0	0	1	0	0	0	0
1	1	1	1	3	3	2	2	1	0	0	1	5	2	1	4	0	0	0	1	3	0	1	2	0	1	4	1	2	1	0	2	4	50	2	18	132	138	42	123	2	48	8	19	173	417	223	116	0	1	1	8	1	1	2	5	0	1	0	1	3	3	3	7	2	1	5	4	3	7	1	10	1	1	5	14	7	3	3	3	2	2	1	0	0	1	2	1	1	1	3	2	3	1	2	5
0	0	0	0	0	1	0	2	0	1	0	0	1	1	0	3	0	0	0	0	0	1	0	0	1	0	2	0	0	0	0	2	0	24	0	6	42	56	18	41	0	13	1	14	58	139	83	54	1	1	1	4	1	2	1	3	0	0	1	1	1	1	1	4	0	0	2	0	3	1	0	3	1	1	0	3	4	0	3	6	0	0	0	0	0	0	0	1	0	0	1	1	0	0	1	2
2	1	1	0	1	3	3	8	2	2	0	0	2	3	1	1	0	1	0	1	0	4	1	0	0	1	0	0	0	2	0	1	2	23	4	15	77	87	32	107	0	26	6	23	149	305	169	88	1	0	0	2	2	1	4	6	1	1	1	1	1	2	1	2	2	2	3	0	3	1	1	1	1	2	1	4	3	4	4	3	0	1	0	0	0	1	1	0	1	1	2	2	0	0	1	0
0	0	0	0	4	1	1	1	0	2	0	1	2	4	1	2	0	0	0	0	0	3	1	0	0	0	0	0	0	0	0	1	1	47	3	11	137	213	39	149	3	44	2	36	177	485	214	113	1	1	3	1	1	2	1	0	0	0	1	1	2	2	2	6	2	1	2	1	2	2	2	2	2	5	5	11	0	2	4	2	0	0	4	0	3	3	1	2	0	0	0	0	0	2	1	4
0	1	1	2	1	0	2	3	0	2	1	2	7	0	0	3	0	0	0	1	1	1	0	2	0	0	0	0	2	1	0	1	2	21	1	4	77	107	29	73	2	22	5	14	89	267	116	90	2	2	3	2	0	3	1	2	0	1	0	1	2	3	7	15	1	0	2	3	0	2	3	7	2	1	2	11	5	3	0	4	1	0	3	2	1	0	1	2	0	0	1	0	0	3	0	3
0	0	0	0	2	0	1	0	0	0	0	0	0	0	0	1	1	0	1	0	0	0	0	0	0	0	0	1	0	0	0	0	0	0	4	0	3	7	3	9	0	3	0	2	6	12	14	5	0	0	0	1	0	0	0	1	0	0	1	0	0	0	0	0	0	0	1	0	0	0	0	0	0	0	0	1	0	0	0	0	0	0	0	0	0	0	0	0	0	0	0	0	0	0	0	0
2	0	0	0	0	0	1	2	1	0	0	1	3	3	1	1	0	1	2	0	0	0	2	0	0	0	1	1	0	1	0	1	1	12	3	6	47	40	15	39	0	23	4	12	45	123	75	41	0	0	1	1	1	0	0	4	0	0	2	1	3	0	1	5	0	2	0	2	2	0	1	5	1	0	2	8	1	6	0	1	1	0	0	0	0	2	1	1	2	1	1	1	1	1	1	3
0	0	0	0	0	0	0	0	1	0	1	0	0	0	0	0	0	0	0	0	0	0	0	0	0	0	0	0	0	0	0	1	0	0	2	0	0	0	0	1	1	0	1	1	0	0	0	0	0	0	0	0	0	0	0	0	0	1	0	0	0	0	1	0	0	0	0	0	0	0	0	0	0	0	1	0	0	1	0	0	0	0	0	0	0	0	0	0	0	0	0	0	0	0	1	0
1	0	1	0	1	0	0	0	2	1	0	0	2	2	0	0	2	1	0	0	1	1	0	1	3	2	0	0	0	0	0	1	2	1	4	0	1	3	2	0	5	0	7	0	1	1	3	1	0	0	1	0	0	0	1	0	0	0	0	0	0	1	0	0	0	0	0	0	1	1	2	1	1	2	2	0	0	1	0	0	0	0	0	0	1	0	0	0	0	0	0	0	1	0	0	0
0	0	0	0	4	0	0	0	0	0	0	0	0	0	0	0	0	0	0	0	0	0	0	0	0	0	0	1	2	0	0	1	2	1	1	0	0	1	3	1	0	0	1	0	2	1	2	1	0	1	0	1	0	0	0	0	0	0	0	0	0	1	0	2	0	0	1	0	0	0	4	1	1	0	7	1	0	0	3	0	0	0	1	0	0	0	0	2	0	0	0	0	0	0	1	2
1	0	0	0	4	1	0	3	0	0	0	0	0	1	1	2	2	0	0	0	1	0	1	0	1	0	0	0	2	0	0	0	0	9	2	3	25	25	9	24	1	9	3	4	39	101	35	16	1	1	0	2	0	1	2	0	1	0	1	0	0	0	0	0	0	0	2	2	0	1	1	2	1	0	1	4	0	1	0	0	0	0	1	0	0	1	1	2	0	0	3	1	0	0	0	0
2	1	3	0	5	4	4	2	0	0	0	1	1	1	0	1	1	0	1	0	2	0	0	0	0	0	0	0	1	1	0	0	0	7	3	7	36	65	11	28	1	17	2	6	28	120	55	25	0	0	2	2	1	0	1	0	0	1	1	0	0	0	0	2	0	1	0	2	1	1	0	1	1	2	0	1	0	0	0	0	2	1	2	0	0	0	0	0	0	0	2	0	0	1	2	0
0	1	0	0	0	0	2	1	1	1	0	0	1	4	1	2	1	1	1	1	0	3	0	1	0	0	2	0	1	1	0	3	1	22	6	9	98	108	41	100	5	24	3	19	105	240	112	97	0	0	2	1	0	1	1	0	0	1	1	0	1	3	1	4	3	0	1	4	5	0	0	12	1	0	1	12	2	1	0	2	1	1	1	0	0	0	3	0	0	1	2	0	0	1	1	1
0	0	0	0	0	0	1	0	0	0	0	0	0	2	0	0	0	0	0	0	0	0	0	0	0	0	0	0	0	0	0	0	0	4	1	4	8	11	4	10	0	4	0	0	9	33	15	10	0	0	0	0	0	0	0	1	0	1	1	1	0	0	0	0	0	0	0	0	0	0	0	1	0	0	1	0	0	0	0	1	0	1	0	0	0	0	1	0	0	0	0	0	0	0	1	0
3	0	1	0	0	0	1	1	0	0	0	0	2	0	0	1	0	0	0	0	0	0	0	0	0	0	0	2	1	1	1	3	1	10	2	3	21	27	12	29	1	7	2	4	23	64	30	30	0	0	0	0	0	0	0	1	0	0	0	0	0	0	0	0	0	0	0	1	0	1	1	1	1	1	1	6	1	1	0	0	2	1	1	0	1	1	1	0	0	0	1	0	0	0	0	0
0	0	0	1	1	0	0	0	0	0	0	0	1	0	0	3	0	0	0	0	0	0	0	1	0	0	1	0	0	2	0	2	0	0	2	0	1	2	2	0	0	0	2	1	2	1	2	1	0	0	1	0	0	0	0	0	0	0	1	0	0	0	0	0	1	0	3	0	0	0	1	1	0	2	0	1	0	0	1	0	0	0	0	0	0	0	0	1	0	0	0	1	0	0	1	0
0	0	2	0	3	4	2	3	1	0	0	1	0	1	1	4	0	1	0	0	0	1	0	0	0	0	1	1	0	0	1	3	1	15	5	3	33	48	17	48	1	15	6	14	66	150	78	53	1	1	0	2	0	0	0	0	1	0	1	0	0	1	1	3	0	1	0	2	1	1	0	2	0	1	0	4	1	1	1	0	0	0	3	0	0	0	0	0	0	0	0	0	0	1	0	1
1	2	0	0	1	1	0	1	1	0	0	0	2	3	0	0	2	1	2	0	1	0	0	0	1	1	1	0	0	2	0	1	0	14	3	4	29	55	26	30	0	16	1	5	44	113	57	40	0	1	0	0	0	1	1	1	1	0	1	1	1	2	1	3	1	0	1	1	0	2	2	4	0	0	0	4	1	1	3	1	0	0	1	0	1	1	1	1	0	0	3	2	0	1	1	1
0	0	0	0	1	1	0	0	0	0	0	0	0	1	0	0	0	0	0	0	0	0	0	0	0	0	0	0	0	0	0	0	0	0	2	0	2	0	1	2	0	1	1	0	2	2	3	1	0	0	0	0	0	0	0	0	0	0	0	0	0	0	0	0	0	0	0	0	1	0	0	1	0	1	0	0	2	0	0	0	0	0	0	0	0	0	0	0	0	0	1	0	0	0	0	0
0	0	0	0	2	0	1	0	0	0	0	0	0	1	0	0	0	0	0	0	0	1	2	1	0	1	0	0	0	0	0	0	1	8	2	8	35	40	13	36	1	11	1	5	46	108	55	45	0	2	0	3	0	0	1	0	0	0	2	0	1	1	0	0	0	0	0	2	1	1	0	2	1	0	0	4	1	2	1	0	0	0	0	0	0	0	0	1	0	0	3	0	1	0	0	1
0	0	0	0	0	2	1	0	0	0	0	1	2	1	0	0	0	0	0	1	0	1	0	0	0	0	0	1	1	0	0	2	4	18	1	7	48	68	13	42	1	9	2	13	85	237	100	66	0	0	0	3	0	1	0	0	0	0	1	1	2	1	2	1	0	1	1	0	1	1	1	5	2	0	0	9	2	0	1	1	0	2	0	0	0	0	1	0	0	1	0	0	1	1	1	1
0	0	1	0	1	0	0	0	0	0	0	0	0	1	0	1	0	0	0	1	0	0	0	0	0	0	1	0	0	0	0	0	0	5	0	1	5	7	6	8	0	3	2	1	4	22	8	7	0	0	0	1	0	0	0	0	0	0	0	0	0	0	0	1	1	0	0	0	0	0	0	1	1	0	0	2	0	0	1	0	0	0	0	0	0	0	0	0	0	0	0	0	0	0	0	0
1	0	1	1	2	1	0	0	0	0	1	1	0	2	1	1	0	1	0	1	1	0	1	2	0	2	1	0	0	0	0	1	1	7	2	2	40	39	15	36	0	16	5	10	37	99	50	24	1	0	1	3	0	1	0	1	1	0	3	1	0	0	2	1	2	0	3	1	2	2	0	5	0	0	0	4	1	0	2	0	0	1	0	0	1	1	1	1	0	1	3	0	1	0	1	1
0	1	1	0	0	0	0	0	0	0	0	0	1	1	1	0	1	1	0	0	0	0	0	0	1	0	1	0	0	0	0	1	0	0	1	0	0	0	0	0	1	0	0	0	0	1	1	1	0	0	0	0	0	0	0	0	0	0	0	0	0	0	0	0	0	0	0	0	0	0	0	0	0	1	0	1	0	0	0	0	0	0	0	0	0	0	0	0	0	0	0	0	0	0	0	1
0	0	0	2	2	0	0	3	0	0	0	0	1	1	1	0	0	1	0	1	0	0	1	1	0	0	0	0	0	0	0	0	0	9	2	2	18	25	6	16	2	8	6	4	16	61	40	23	0	0	1	0	0	1	1	0	0	0	0	0	0	1	0	1	1	0	1	1	0	0	0	0	3	1	0	3	0	0	2	0	0	0	0	0	1	0	0	0	0	0	0	1	0	0	0	0
0	0	0	0	6	0	0	2	1	1	0	0	0	1	0	0	0	0	1	0	1	0	1	0	0	1	0	0	1	2	0	0	1	13	4	3	33	78	13	47	0	9	2	1	34	131	53	50	1	1	0	1	0	0	0	3	0	0	1	0	0	0	1	1	0	0	2	1	0	0	2	2	1	0	0	2	2	1	0	2	0	0	0	0	0	1	1	4	0	0	2	0	2	2	0	0
0	1	0	0	2	2	0	0	1	0	0	0	0	0	0	1	2	2	1	1	0	0	1	1	1	0	2	0	0	1	0	2	0	7	3	4	27	53	15	31	3	9	6	6	41	111	49	27	1	0	0	2	0	1	0	3	1	0	2	0	0	1	1	0	1	0	0	1	1	1	2	5	0	1	1	5	1	1	1	1	0	0	1	1	0	1	1	4	0	0	2	0	0	0	0	0
1	4	2	1	7	2	0	3	1	0	0	0	3	2	0	6	1	2	3	2	0	1	5	0	0	2	1	0	1	2	0	0	3	33	1	11	137	205	55	156	2	33	10	38	200	537	229	133	1	2	3	5	1	1	3	4	0	1	3	2	3	4	4	10	2	0	1	6	2	4	2	10	2	0	2	12	6	1	2	4	3	0	4	1	0	1	1	1	0	0	7	0	1	1	2	3
1	1	0	0	2	1	0	1	0	0	0	0	0	2	1	1	1	1	0	0	0	0	0	0	0	0	0	0	0	0	0	0	0	2	0	0	7	16	6	6	1	5	0	6	14	31	14	9	0	0	0	0	0	0	0	1	0	0	1	0	0	0	0	0	0	0	0	1	1	0	0	0	0	0	0	0	0	1	0	2	0	0	0	0	0	0	0	2	0	0	0	0	0	0	0	0
2	1	0	0	2	2	2	2	1	0	0	0	2	1	0	0	0	1	2	0	0	3	1	0	1	1	0	0	1	2	0	1	0	31	7	5	47	90	27	59	2	23	5	17	81	171	104	59	1	2	1	3	0	1	3	1	0	1	1	1	0	1	0	3	1	1	3	1	1	1	0	3	2	0	0	7	2	2	2	0	1	1	3	0	2	1	1	1	0	0	3	1	1	1	2	0
0	1	0	1	3	1	1	4	0	0	0	0	1	0	0	0	0	0	1	0	0	0	0	0	0	0	0	0	1	1	0	1	0	10	1	5	31	37	16	30	0	10	2	8	36	89	37	29	1	0	0	1	1	0	4	0	0	0	2	0	0	0	0	0	2	0	0	1	0	0	2	0	1	0	0	1	1	0	2	0	0	0	1	0	0	0	1	1	1	0	1	0	0	1	0	0
0	0	0	0	1	1	2	2	0	0	0	1	0	0	1	1	0	1	1	0	0	0	1	1	1	0	1	0	0	2	0	0	3	8	2	3	21	36	15	26	0	10	3	7	45	103	43	41	1	1	0	0	0	0	1	1	0	0	0	0	0	0	2	2	0	1	1	0	0	0	2	1	0	1	0	5	3	5	4	3	0	0	0	0	1	0	0	2	0	0	0	1	0	0	0	0
0	0	0	0	3	1	0	1	2	0	0	0	2	0	3	2	1	2	0	0	1	0	1	1	0	1	0	0	2	2	0	1	0	12	1	2	28	45	14	28	1	8	3	11	47	91	41	27	0	0	0	2	1	0	0	1	0	0	1	1	2	1	0	1	1	0	2	2	1	0	0	3	1	1	1	2	1	0	0	2	0	1	0	0	0	2	1	2	0	0	1	0	0	0	0	3
3	2	0	0	5	0	2	3	1	0	0	1	1	6	0	1	1	2	2	2	1	1	3	1	1	3	1	1	1	4	1	6	3	19	4	8	50	55	23	54	2	14	4	7	71	228	90	47	1	0	1	2	2	0	3	2	0	1	1	0	0	1	1	2	3	1	4	3	4	4	2	5	2	1	2	17	4	6	4	1	1	0	2	0	0	0	2	2	0	0	3	2	3	1	0	2
0	0	0	0	5	1	0	0	0	0	0	0	0	0	0	1	0	0	0	1	0	1	0	1	0	0	0	0	1	1	0	1	1	1	2	3	32	41	8	18	0	4	1	7	35	81	52	31	0	0	1	1	1	0	0	0	0	1	1	0	0	0	0	0	0	0	1	1	2	1	1	2	1	0	1	2	0	1	0	2	0	1	0	0	0	0	0	0	0	0	0	0	0	0	0	1
1	0	1	0	0	0	0	1	0	1	0	1	0	0	0	0	2	0	0	3	0	0	0	1	0	3	0	2	1	1	0	4	1	1	4	0	0	1	1	2	0	0	3	0	1	2	2	1	0	0	0	0	1	2	0	3	0	0	0	0	0	0	0	0	1	0	1	1	0	1	1	2	1	2	0	2	1	0	0	0	0	0	1	0	0	1	1	4	0	0	0	2	0	1	0	1
1	0	0	0	2	1	0	1	0	0	0	0	3	0	1	0	0	0	0	1	0	1	1	2	0	1	0	0	0	0	0	1	5	1	2	3	8	16	12	15	1	10	3	6	15	29	19	15	0	0	0	2	0	0	0	1	0	0	1	0	2	0	1	0	2	0	0	0	0	0	0	1	0	0	2	0	0	0	2	0	0	0	2	0	0	0	1	0	0	0	2	0	0	0	0	0
1	1	1	0	6	1	0	1	1	0	0	1	0	2	0	3	2	1	1	1	1	0	1	2	0	1	0	0	3	1	0	4	1	6	8	6	15	41	15	25	0	7	5	2	24	63	24	27	0	0	1	1	0	1	1	1	0	0	2	1	0	2	1	2	0	0	0	1	1	0	3	1	1	2	0	0	3	1	0	0	0	0	1	0	0	0	1	0	1	0	1	2	0	1	0	0
0	0	0	0	7	0	4	2	0	0	0	0	0	0	0	0	0	1	0	0	0	0	0	0	0	0	0	0	0	0	1	0	1	2	3	0	11	17	3	8	0	0	0	1	8	42	16	7	0	0	0	1	1	1	0	0	0	1	1	0	0	0	0	1	1	0	1	0	0	0	1	3	0	0	0	3	0	0	0	0	0	0	0	0	0	1	1	0	0	0	0	0	0	0	0	0
0	0	0	0	1	1	0	0	2	0	0	0	4	2	2	5	0	1	0	2	1	2	1	0	0	0	0	1	1	0	0	3	1	25	3	10	79	129	32	87	3	17	3	14	125	309	137	80	1	1	0	6	0	4	3	13	3	4	1	2	8	5	4	23	2	0	0	6	0	1	4	9	0	2	0	18	3	4	7	8	1	0	2	0	0	0	4	5	1	0	1	1	0	3	1	5
0	2	0	0	4	1	0	1	0	0	0	0	1	0	0	0	0	2	0	1	0	1	0	0	0	0	0	0	1	0	2	1	0	17	0	6	35	63	13	69	1	15	0	12	97	214	78	61	0	0	2	0	0	1	1	0	2	0	0	0	1	2	0	4	0	0	1	2	0	0	1	3	0	0	1	9	4	1	1	0	0	0	1	0	1	2	1	1	0	0	3	0	0	0	1	2
0	0	1	0	1	1	0	1	0	2	0	0	1	1	0	0	0	0	0	0	0	0	0	0	0	1	0	0	0	0	1	1	0	5	2	2	25	30	6	20	0	5	3	3	40	82	38	21	0	0	0	0	0	0	0	0	1	0	1	0	0	0	2	0	0	0	0	1	0	0	0	0	0	0	0	6	0	0	1	0	2	0	1	0	0	0	0	1	0	0	1	0	0	0	0	1
1	0	0	1	0	0	0	0	0	0	0	0	1	3	0	0	1	0	0	1	0	0	0	0	0	0	0	0	3	0	2	5	1	0	1	0	2	0	2	1	0	2	0	4	1	2	0	2	0	1	0	0	1	0	0	0	0	0	0	0	0	0	0	0	0	0	0	1	0	0	0	0	0	1	0	0	0	1	0	0	0	0	0	0	0	0	0	1	0	0	0	0	0	0	0	0
0	0	0	0	1	0	0	1	0	0	0	0	0	0	0	0	3	0	0	1	1	0	1	0	1	0	0	0	0	0	0	0	0	2	4	0	2	3	1	0	0	0	0	0	2	5	2	2	0	1	0	0	0	1	0	0	0	1	1	0	0	0	0	0	3	0	0	0	0	0	0	0	0	0	0	2	0	0	0	1	0	0	0	0	0	0	0	0	0	0	1	1	0	0	0	0
0	0	0	0	2	2	0	0	0	0	0	2	1	0	0	1	0	0	0	1	1	0	0	1	0	1	0	0	1	0	0	3	0	2	4	0	1	2	3	1	0	0	1	0	0	1	2	2	0	0	0	0	0	1	1	0	0	0	0	0	0	0	0	0	0	0	0	0	1	0	0	0	0	0	0	2	0	0	0	0	0	0	0	0	0	0	0	0	0	0	0	0	0	0	1	0
0	0	0	1	0	2	1	1	0	1	0	0	4	3	1	2	0	0	1	1	2	0	1	1	0	1	0	0	0	3	2	1	4	18	3	12	88	106	36	73	0	27	2	17	155	326	156	92	4	0	1	4	0	1	2	1	1	1	1	5	2	2	1	5	2	0	4	5	3	3	1	3	6	1	1	19	5	1	4	1	2	0	2	0	0	1	3	1	2	1	3	1	0	1	2	1
0	0	0	0	2	0	0	1	1	0	0	0	1	0	0	0	0	1	0	0	0	0	0	0	0	0	0	0	1	0	0	2	1	1	5	1	2	6	1	2	1	4	1	1	7	12	6	5	0	0	0	0	0	1	1	0	0	0	1	0	1	0	0	0	0	0	1	0	1	1	0	1	0	0	1	2	0	0	0	0	0	0	0	0	0	0	0	0	1	0	0	0	0	0	0	0
1	1	1	0	2	0	1	3	0	1	0	2	5	2	0	1	0	2	0	1	0	1	2	0	0	0	2	1	1	3	1	3	2	23	5	12	68	104	33	88	1	22	2	12	104	293	125	104	2	0	0	5	0	3	1	2	0	0	1	3	3	3	1	5	2	1	0	3	0	1	0	10	1	1	2	9	2	3	1	9	1	1	0	0	0	1	2	1	1	1	3	0	1	3	0	3
0	0	1	0	6	2	2	1	1	0	0	0	1	2	1	2	3	0	0	0	0	0	2	1	2	0	0	0	0	2	0	3	2	13	2	5	37	50	20	45	1	13	1	11	73	176	53	46	2	1	0	2	1	1	0	1	1	0	2	1	3	2	2	4	1	1	0	2	1	0	0	4	1	0	1	4	0	3	0	0	1	0	2	1	0	2	5	2	0	0	6	0	1	2	0	1
0	1	0	0	1	0	2	2	0	0	0	0	1	0	0	0	0	0	1	0	0	2	1	0	0	0	0	0	1	0	0	1	4	24	1	3	50	64	16	49	0	21	2	9	83	183	87	57	1	0	0	2	1	2	1	2	1	0	1	1	1	1	1	1	3	1	1	2	0	3	1	5	0	0	0	8	1	2	1	2	1	1	0	0	0	0	2	1	0	1	0	1	0	1	0	2
2	1	0	0	3	1	0	0	0	0	0	0	1	3	0	1	0	1	0	0	0	0	0	1	0	0	0	0	0	0	0	0	0	9	3	2	27	36	10	18	2	11	1	9	28	75	48	25	2	0	0	0	1	2	2	1	0	0	1	1	0	0	0	0	1	1	0	2	0	1	0	3	0	3	1	7	4	1	3	1	0	0	1	0	0	0	0	0	0	0	2	2	1	2	0	1
2	0	0	0	2	0	1	2	0	0	0	0	1	0	0	0	0	0	0	0	0	0	0	0	0	0	0	0	0	0	0	2	2	1	0	1	13	15	3	11	1	5	1	1	12	27	9	10	1	0	0	1	0	0	0	0	1	0	1	0	0	0	0	2	0	0	0	0	0	0	1	0	0	0	0	1	0	1	0	1	0	0	0	0	0	0	0	0	0	0	0	1	0	0	0	0
4	2	2	0	2	1	3	4	1	1	1	2	5	4	2	6	0	1	2	0	0	1	2	1	1	2	1	0	1	4	2	2	2	48	6	17	109	176	60	131	1	47	1	25	145	355	203	137	4	1	0	2	1	0	1	1	0	3	2	0	6	3	0	6	3	1	3	2	1	2	3	6	2	0	1	27	3	1	6	5	0	1	1	0	0	1	2	2	0	1	3	1	2	4	1	7
0	0	0	0	0	0	0	0	0	0	0	0	0	0	0	0	0	0	0	0	0	0	0	0	0	0	0	0	0	0	0	0	0	1	1	0	1	1	1	5	0	0	0	0	3	5	1	2	0	0	0	0	0	0	0	0	0	0	0	0	0	0	0	0	1	0	0	0	0	0	0	1	0	0	1	0	0	0	0	0	0	0	0	0	0	0	0	0	0	0	0	0	0	0	0	0
2	1	0	0	1	0	2	0	0	0	0	1	2	2	0	1	0	0	2	0	0	1	0	0	0	0	1	0	0	3	0	2	1	9	3	3	44	57	15	44	2	18	2	12	45	145	61	53	0	1	1	2	1	1	1	0	0	1	3	0	0	0	1	2	1	1	2	1	0	0	2	3	1	0	0	5	0	1	1	0	0	0	1	0	0	1	2	0	0	1	5	1	1	0	2	2
0	0	0	0	0	0	0	3	1	1	0	0	1	1	0	1	0	1	0	0	0	0	0	0	0	0	0	0	2	0	0	1	0	0	0	0	1	1	0	1	0	1	6	0	0	1	0	0	0	0	0	0	0	0	0	0	0	0	0	0	0	0	0	0	0	0	0	0	0	0	1	3	1	1	0	0	0	0	0	0	0	0	1	0	0	0	1	1	0	0	1	0	0	1	0	0
0	0	0	2	0	0	0	0	0	1	0	0	3	0	0	1	0	0	0	2	1	1	0	0	0	2	0	0	0	2	0	0	1	7	1	2	7	11	5	6	0	2	0	1	6	21	7	16	0	0	0	0	0	1	0	0	0	0	1	0	0	1	1	0	0	1	0	0	1	0	1	0	0	0	1	2	0	1	0	0	0	0	2	0	0	0	0	0	0	0	0	0	0	0	0	0
1	0	0	0	2	0	1	0	1	1	0	0	3	6	2	2	1	0	1	0	1	0	2	0	1	1	1	1	0	0	3	1	2	13	2	4	73	74	29	76	0	23	3	18	114	258	114	60	0	1	3	4	1	0	1	3	0	0	1	0	1	0	1	3	1	1	6	2	1	3	3	2	1	0	0	4	0	1	6	2	0	0	3	0	0	0	1	2	0	0	2	0	0	3	4	2
1	1	0	1	6	2	4	4	0	1	0	1	3	6	2	1	1	2	1	2	2	0	2	2	1	0	0	1	1	2	1	1	1	41	3	8	112	161	51	123	1	43	2	24	157	406	174	128	0	1	2	6	2	4	1	5	1	0	0	1	2	4	0	8	2	1	2	1	0	1	2	7	1	0	0	17	2	1	6	5	1	0	1	0	0	1	1	7	0	1	2	1	0	1	2	0
1	0	0	1	1	1	2	1	0	1	0	1	2	4	2	2	0	0	0	1	1	2	1	2	0	0	1	0	1	3	0	0	2	13	2	6	26	54	25	23	1	12	2	7	34	115	54	38	2	3	0	5	0	2	4	5	0	0	0	1	3	2	4	4	2	2	6	2	6	3	2	5	3	1	0	8	1	3	5	0	0	3	3	2	0	0	1	1	0	1	4	6	2	2	0	1
1	0	0	0	8	2	2	1	1	1	0	1	1	3	0	0	0	1	0	1	0	1	0	0	0	0	1	1	0	2	0	1	1	15	2	5	42	67	20	40	0	17	3	9	70	197	66	43	0	1	0	2	0	1	0	0	0	0	2	0	1	1	0	2	0	0	2	2	0	0	0	2	0	1	0	3	1	3	1	2	0	0	1	0	1	0	1	0	1	0	1	0	0	0	0	1
1	2	1	1	2	2	1	2	0	0	1	0	4	3	3	8	0	2	0	0	2	0	2	1	1	1	1	3	1	1	0	2	7	53	4	14	143	186	55	147	1	50	5	52	256	606	250	146	1	5	3	4	0	3	3	2	0	1	0	5	3	2	2	12	1	0	6	3	5	2	2	7	2	1	1	10	5	3	5	7	0	0	1	0	0	2	2	0	1	0	3	1	0	0	3	5
2	1	0	2	1	0	1	0	1	2	0	0	2	4	0	2	0	1	1	0	0	1	1	1	0	0	2	1	0	1	0	1	3	7	0	3	22	26	11	28	4	5	3	6	35	81	31	21	1	1	0	2	0	0	0	1	0	1	1	0	1	0	0	0	0	1	1	1	0	1	1	0	1	0	1	5	1	2	2	2	0	0	0	0	0	2	0	0	0	0	0	0	0	0	0	1
0	1	1	0	2	0	1	0	0	0	0	0	0	1	0	0	2	0	0	0	1	1	0	0	0	1	1	0	0	0	0	0	1	15	1	4	42	60	18	56	0	12	1	8	61	142	47	42	0	0	1	1	0	1	0	0	1	0	3	0	0	0	0	2	1	0	0	0	1	1	2	0	0	0	0	2	3	2	3	0	0	0	0	1	0	0	0	0	0	0	0	0	0	0	2	0
1	0	0	0	1	0	0	1	0	0	1	0	1	0	0	1	0	1	0	0	0	0	0	0	1	0	0	0	0	0	0	0	0	1	4	0	0	1	1	0	2	3	3	0	1	0	2	0	0	1	0	0	0	0	0	0	0	0	1	0	0	0	0	0	0	0	0	1	0	0	2	1	0	0	1	0	0	0	0	1	0	0	0	0	0	0	0	0	0	0	0	0	0	0	0	0
2	2	0	2	5	2	0	2	1	0	0	0	2	4	5	7	1	0	0	0	0	0	4	3	1	3	1	0	1	2	1	4	2	27	3	6	61	92	28	90	2	30	9	11	95	182	82	81	0	0	2	5	1	5	1	1	1	2	1	1	0	4	0	3	1	2	1	3	1	1	1	7	0	1	0	2	3	2	4	5	0	0	0	1	0	0	1	3	0	1	0	0	0	0	1	3
1	0	1	0	4	1	0	6	0	0	0	2	1	7	0	6	1	1	1	1	0	2	0	1	0	0	1	1	3	3	0	2	1	33	0	6	82	161	39	83	0	36	2	16	137	315	157	125	2	1	1	2	2	3	0	2	2	1	2	0	3	0	2	11	0	0	0	0	2	1	0	4	2	2	0	6	1	3	2	6	2	0	1	0	1	0	1	3	0	0	2	1	0	1	0	4
3	2	0	0	3	1	1	4	2	0	2	1	4	3	1	2	1	1	0	1	0	3	1	0	1	4	1	0	0	1	0	0	0	44	4	4	53	126	24	97	0	38	5	12	121	306	119	82	1	0	3	3	1	2	2	1	0	0	1	1	0	3	1	2	4	1	1	3	0	1	2	4	1	0	2	14	2	0	2	2	0	0	1	2	1	0	2	1	0	1	1	1	1	2	1	2
1	3	0	0	4	2	0	0	0	0	0	0	1	1	0	0	0	1	0	1	2	0	0	2	0	0	0	0	0	2	0	0	1	3	5	2	8	9	4	4	1	3	1	3	9	11	12	5	0	0	1	0	0	2	0	0	1	0	2	0	1	0	0	0	1	0	0	1	0	1	0	0	4	1	1	1	1	3	0	0	1	1	0	1	0	0	0	1	0	1	0	0	0	0	0	1
1	0	0	0	0	0	0	0	0	0	0	1	0	1	0	0	0	0	0	0	0	0	0	0	0	0	0	0	0	0	0	1	2	0	0	0	0	0	0	0	0	0	0	0	0	0	0	0	0	0	0	0	0	0	0	0	0	0	0	0	0	0	0	0	0	0	1	0	0	0	0	0	0	0	0	0	0	0	0	0	0	0	0	0	0	0	0	0	0	0	1	0	0	0	0	0
4	5	1	1	16	5	5	8	2	3	0	5	7	16	2	10	3	4	2	3	6	2	3	6	2	2	1	3	1	8	2	3	2	175	6	41	449	614	221	482	4	169	2	145	1031	1991	891	501	9	4	10	17	1	8	7	18	7	4	1	4	1	6	4	39	3	3	7	12	5	6	7	26	3	3	6	33	17	7	7	15	5	2	3	1	2	4	5	18	4	3	7	5	2	4	4	9
0	0	0	0	0	0	0	0	1	0	2	1	0	1	1	1	0	0	0	0	0	0	2	0	1	1	0	0	1	1	1	0	0	9	2	4	22	19	7	22	1	6	3	1	23	76	30	13	0	0	2	1	0	0	0	0	0	0	2	0	0	2	1	0	1	0	1	0	1	0	0	0	3	0	0	3	1	1	0	1	1	0	0	2	0	0	0	0	0	0	0	0	0	0	0	0
1	2	0	2	3	3	1	0	1	1	0	0	3	6	0	1	0	0	0	0	1	0	0	0	0	1	1	1	1	3	2	1	4	17	1	5	50	68	17	51	3	13	5	5	78	190	69	60	2	3	1	3	0	3	2	1	0	0	0	3	4	0	1	9	1	1	0	1	2	1	2	4	0	1	2	12	4	3	7	6	0	0	0	0	0	0	0	1	1	0	0	1	0	0	1	1
5	3	1	1	7	2	1	5	0	0	0	0	3	18	1	3	0	1	3	3	1	2	2	0	1	0	2	0	1	4	1	2	4	57	3	22	189	254	54	170	5	52	9	37	283	680	295	196	7	4	3	9	1	1	1	0	3	0	3	4	7	4	1	10	3	1	1	3	4	1	4	10	1	0	1	27	7	4	10	3	1	0	2	4	0	2	1	0	0	0	4	1	1	1	1	2
4	4	4	10	27	18	7	72	2	8	2	13	4	11	4	11	4	1	3	1	3	3	9	1	1	2	1	4	4	9	2	1	15	88	133	32	283	356	180	320	25	122	155	70	476	1204	429	303	9	4	13	16	3	6	5	8	2	9	8	5	4	17	7	26	17	12	30	14	23	15	50	30	33	25	41	65	34	14	18	22	2	3	10	7	4	9	9	13	3	3	10	5	3	9	4	10
1	0	0	1	0	1	1	0	0	0	0	0	2	1	0	1	0	0	0	0	0	0	1	0	0	0	0	0	0	1	0	0	2	6	4	3	19	39	12	26	0	10	2	4	29	84	41	28	0	1	0	0	0	0	1	0	0	0	1	0	0	0	1	0	0	0	0	1	0	0	0	2	0	0	0	1	2	1	0	1	1	1	1	0	0	0	0	0	0	0	0	1	0	0	0	0
0	2	0	1	2	0	1	2	0	1	0	1	2	4	1	1	3	2	1	1	0	0	0	0	0	0	0	0	0	1	0	1	5	23	4	7	47	78	19	59	0	15	3	11	79	197	85	49	0	4	1	3	0	0	0	1	0	0	0	1	1	0	3	1	1	0	3	2	2	0	2	4	1	2	2	15	3	1	1	1	0	0	1	2	0	1	0	0	0	0	1	0	0	1	1	0
2	0	0	0	1	1	0	2	2	0	0	2	4	5	1	6	0	2	0	0	2	1	2	1	0	1	1	0	1	5	2	3	3	22	2	6	41	61	20	41	3	20	6	12	70	179	88	40	0	2	4	1	1	0	2	0	3	2	4	0	1	1	2	3	3	0	2	3	1	2	1	4	1	1	3	11	4	3	3	5	1	1	0	1	0	1	3	3	0	0	3	0	2	0	0	3
3	1	2	0	3	4	2	4	0	2	0	0	2	12	1	1	1	1	1	0	0	0	3	1	0	2	0	0	0	3	2	0	0	37	4	10	115	162	29	116	1	44	1	31	287	523	259	159	1	0	1	4	1	1	3	1	1	1	2	3	2	2	4	5	1	1	3	3	2	2	2	11	2	1	0	17	11	6	2	6	1	2	3	0	1	1	2	3	0	2	4	1	2	0	1	4
3	1	0	0	3	1	0	1	0	1	0	0	1	4	0	1	3	2	1	0	3	1	0	0	0	0	0	0	1	1	0	2	2	20	0	5	17	49	16	41	0	14	3	10	33	114	48	26	1	1	0	1	0	1	0	3	0	0	3	1	4	2	1	4	0	0	3	0	1	2	3	3	1	0	1	7	2	1	3	1	0	1	2	0	2	0	0	2	1	1	2	1	1	2	1	1
1	3	0	0	2	0	4	2	1	0	0	0	0	0	1	0	0	0	0	0	0	0	0	1	1	0	0	0	0	0	0	0	1	5	6	2	17	30	7	22	1	0	6	6	23	58	22	20	2	0	1	2	0	0	1	2	0	0	1	1	2	1	1	0	0	0	0	3	0	0	0	0	0	0	0	1	1	0	0	0	0	0	1	1	0	0	1	2	0	0	2	0	0	1	2	0
0	0	0	0	4	0	1	4	0	0	1	0	2	2	1	1	0	1	1	1	0	1	0	0	0	0	1	0	0	0	1	1	2	12	1	6	40	45	18	27	0	11	3	10	61	134	74	39	1	0	0	2	1	1	0	0	0	1	1	1	2	2	0	1	0	1	1	2	1	2	2	1	1	0	1	4	3	1	2	1	0	2	1	0	0	1	1	3	0	0	0	0	0	0	0	0
0	0	0	1	0	0	1	0	0	1	0	1	2	1	0	2	1	2	0	1	1	0	1	0	0	1	1	0	1	4	0	2	2	4	4	3	23	31	12	26	1	7	2	6	34	68	32	37	1	0	4	2	1	0	0	2	0	0	1	1	1	0	0	1	0	1	3	2	0	0	2	3	3	0	2	2	2	0	1	0	3	1	0	1	0	2	1	0	0	1	1	1	2	1	0	0
0	1	1	0	0	1	1	1	0	0	0	1	3	0	0	1	0	1	0	0	0	0	0	0	1	0	0	0	0	2	0	1	0	5	1	4	22	33	20	18	0	5	0	2	25	64	35	23	2	0	2	1	0	0	0	1	1	0	0	0	0	1	1	2	0	0	1	1	1	1	3	4	0	1	0	1	0	2	1	0	0	0	3	1	0	0	1	0	0	0	0	0	0	1	1	2
0	1	1	2	2	5	0	2	2	1	0	0	4	9	1	1	2	0	0	0	1	0	0	2	0	0	0	1	0	2	2	3	8	37	4	4	66	133	33	91	2	36	5	14	92	327	114	83	3	2	5	7	1	2	2	4	1	2	3	1	0	3	1	5	2	0	3	6	3	1	2	4	2	1	3	24	3	1	2	3	0	3	1	1	0	2	3	1	0	2	5	5	0	0	3	1
0	1	4	0	0	1	0	0	1	0	0	0	0	0	1	0	0	1	0	0	1	0	0	2	0	1	1	0	3	0	1	0	1	5	3	1	12	21	5	13	0	7	2	1	22	51	37	17	0	0	1	2	1	0	0	1	1	1	1	0	1	0	0	1	0	1	1	0	2	2	0	0	1	0	0	7	1	0	1	0	0	0	1	0	0	0	2	0	0	1	1	0	0	0	0	1
0	0	0	0	3	0	0	0	1	1	0	0	1	1	0	0	1	0	0	0	0	0	0	1	0	0	0	0	0	0	0	0	0	0	6	0	6	2	4	1	0	1	5	0	0	4	1	2	0	0	0	0	0	0	0	0	0	0	0	0	0	0	0	0	1	0	0	2	0	0	1	0	0	0	1	0	0	0	0	0	0	0	0	1	0	0	1	0	1	0	0	0	0	0	0	1
1	0	1	0	0	0	1	1	1	1	0	1	0	5	0	1	1	1	0	0	2	0	1	0	0	1	0	0	0	0	2	1	1	28	4	3	53	60	19	52	1	16	3	4	59	169	70	52	1	0	0	1	0	0	0	2	0	0	0	1	2	2	0	1	1	1	3	0	2	0	1	5	0	0	0	7	3	0	3	1	1	1	2	1	0	0	0	1	1	0	2	1	1	0	1	0
0	1	0	0	1	1	0	0	0	0	0	0	0	0	0	1	0	0	0	1	0	0	1	0	0	0	0	0	0	0	0	0	1	4	1	2	12	14	6	7	0	5	2	6	20	44	15	12	0	0	0	1	1	0	0	0	0	0	1	1	2	1	0	0	0	0	0	2	0	0	1	1	1	1	1	0	1	2	0	0	0	0	0	1	0	0	1	1	0	0	0	0	1	0	1	1
0	0	0	0	2	0	0	2	0	1	0	0	0	0	0	1	1	0	0	1	0	1	0	1	0	0	0	0	1	1	0	0	0	4	3	2	16	20	12	12	1	6	1	5	6	37	17	19	0	0	1	1	1	0	1	0	0	0	0	0	1	1	0	0	0	1	2	0	0	0	1	1	0	2	0	3	0	2	2	0	0	1	2	1	0	0	1	0	0	0	3	1	0	0	0	1
1	0	1	1	1	0	0	0	0	0	0	1	0	0	0	0	0	0	0	0	0	0	1	0	0	0	1	0	0	0	0	0	0	0	2	1	0	1	1	2	0	1	2	0	0	0	2	0	0	0	0	0	0	2	0	0	0	0	1	0	0	0	0	0	0	0	0	0	0	0	1	0	0	2	0	1	0	0	0	1	0	0	0	1	1	0	0	2	0	0	1	1	0	0	0	0
2	2	0	2	4	2	1	3	2	2	1	1	3	3	0	2	1	2	2	0	0	2	0	5	1	4	1	3	2	3	3	9	3	40	7	12	59	94	36	63	1	44	6	14	43	276	80	56	0	0	2	3	1	0	0	0	0	2	1	0	0	1	1	0	0	1	1	2	5	4	1	4	1	3	0	4	2	3	6	2	1	1	0	1	0	0	2	0	0	0	4	0	2	0	3	0
1	2	0	0	13	2	4	5	1	0	0	0	2	0	1	0	1	0	0	0	2	1	0	0	1	1	0	0	1	0	1	3	1	1	4	0	1	3	4	1	2	4	4	1	2	4	4	5	0	0	0	0	0	0	0	0	0	0	1	0	0	0	1	0	0	0	0	1	0	1	0	0	0	0	1	0	0	1	0	1	0	0	1	0	1	0	0	0	0	0	0	0	0	0	0	0
1	0	0	1	3	1	0	1	0	0	0	1	1	2	0	0	0	1	0	0	0	1	0	1	1	0	0	0	1	3	0	0	1	14	3	5	26	26	9	25	0	6	0	2	35	105	36	21	0	0	0	1	1	1	0	1	0	2	0	0	0	1	0	3	1	0	0	1	0	1	0	1	0	1	0	2	0	1	2	0	0	1	2	1	0	1	0	1	0	0	2	1	0	1	0	0
0	0	0	0	5	1	0	1	1	0	1	0	1	1	0	0	0	0	0	0	0	0	1	0	0	1	0	0	0	1	0	2	1	7	5	2	9	21	3	11	2	7	3	8	21	55	21	17	0	0	0	0	0	0	0	0	1	0	2	0	1	2	0	0	0	1	0	2	1	0	0	0	2	0	2	3	1	1	0	1	0	0	3	0	0	0	0	0	1	0	0	0	0	0	0	0
2	1	0	0	0	1	0	3	0	0	1	1	0	6	2	0	0	1	1	2	1	0	0	1	0	1	1	0	0	3	0	1	2	14	1	4	53	81	25	73	0	17	2	12	96	220	82	64	2	0	1	3	0	3	2	5	0	0	2	6	4	3	1	13	0	0	1	1	0	1	2	6	0	1	3	4	2	4	8	7	0	0	0	1	0	0	2	3	0	0	3	2	2	4	1	5
2	3	1	0	10	4	3	9	4	0	0	2	4	6	1	7	0	2	1	3	3	2	3	5	1	1	0	1	1	7	2	5	6	76	7	25	262	398	116	321	7	94	4	87	477	1012	467	366	4	4	3	22	10	43	39	51	0	11	10	14	3	7	2	38	8	18	10	6	52	144	151	146	13	31	53	39	13	34	19	25	4	29	8	96	17	53	49	366	2	17	20	89	4	36	13	197
0	0	0	0	1	0	0	0	0	0	0	0	0	1	0	0	0	0	0	1	1	0	0	1	0	1	0	0	0	1	0	1	3	2	2	1	6	6	4	4	2	1	3	2	7	12	7	8	0	1	1	1	0	0	0	0	0	0	1	0	0	0	0	0	1	0	0	1	1	1	0	0	1	0	0	1	0	1	0	0	0	0	1	0	0	0	0	0	0	0	6	0	0	0	1	0
1	4	1	0	2	1	1	3	0	1	0	0	3	8	0	1	0	3	1	2	0	1	3	1	0	2	0	0	2	2	1	5	4	35	5	15	133	170	43	130	2	33	3	33	245	482	215	144	2	1	4	6	1	7	4	4	1	1	0	0	1	3	1	10	1	0	1	2	1	2	3	6	3	1	1	7	4	1	5	6	0	0	2	0	0	2	4	7	1	0	3	3	4	2	3	0
0	2	0	0	2	1	0	1	0	0	0	0	0	2	0	0	0	0	0	1	0	0	0	0	0	0	1	0	1	0	0	1	0	9	3	3	28	39	17	39	0	14	3	8	48	98	54	35	0	0	0	0	0	0	0	2	0	0	2	0	0	0	1	2	1	0	1	2	0	1	0	1	1	1	0	3	4	1	2	0	0	1	0	0	0	1	2	2	0	0	1	0	0	0	0	0
1	1	1	0	1	2	1	2	0	2	1	0	2	1	1	2	1	2	1	0	1	0	5	1	1	0	0	0	0	1	2	2	0	35	1	4	81	116	21	72	2	31	3	13	76	259	99	60	1	1	1	2	0	1	2	1	0	0	1	1	0	3	1	0	1	2	2	2	2	1	2	9	1	0	0	10	8	3	1	1	0	1	2	0	0	2	1	1	0	0	2	0	1	2	2	1
0	0	0	1	2	0	2	1	0	1	0	0	1	5	0	1	0	0	1	0	0	1	1	0	1	0	1	0	0	0	0	0	2	21	2	3	53	73	24	54	1	18	1	17	62	158	63	47	3	2	3	3	0	1	1	0	0	0	0	1	0	1	1	3	2	0	0	1	0	2	2	1	1	0	0	11	2	2	2	1	0	0	1	1	0	2	1	1	0	0	1	2	0	0	1	0
1	0	0	2	0	1	0	0	1	0	0	1	0	1	1	0	1	0	0	1	2	1	2	0	0	1	0	1	0	1	2	0	3	12	5	5	42	39	17	40	0	13	1	9	53	126	64	39	1	0	2	2	0	0	0	0	1	0	0	0	0	1	3	2	1	1	1	1	1	3	0	2	0	2	0	2	2	2	1	3	0	1	1	0	0	0	0	0	0	0	3	0	0	0	0	0
0	1	0	1	2	0	0	1	0	0	0	0	0	1	0	1	1	0	0	0	0	0	0	0	0	0	0	0	0	0	0	1	0	4	2	0	15	16	6	6	0	4	0	1	14	31	14	16	0	0	0	0	1	1	0	0	0	0	1	0	0	0	1	1	1	1	2	1	0	0	0	0	0	1	0	3	0	0	0	2	0	1	0	0	0	1	1	1	0	0	0	1	1	0	0	0
0	0	0	0	1	1	0	0	0	2	0	0	0	0	0	2	0	0	0	0	1	0	0	0	0	0	0	0	1	0	0	4	1	9	1	3	35	24	13	18	0	8	4	4	31	84	43	20	0	1	0	0	0	1	1	1	0	0	2	0	3	0	0	1	1	0	0	1	0	1	0	0	1	0	1	1	1	1	0	1	0	0	0	0	0	0	1	1	0	0	2	0	0	0	1	0
0	0	0	0	2	0	0	2	1	0	0	0	2	3	0	2	0	0	0	0	1	1	3	0	0	1	0	0	1	0	0	1	1	12	1	3	41	54	14	25	0	10	1	6	53	162	62	43	0	0	0	3	2	0	1	2	0	0	2	0	1	0	2	4	1	1	3	1	1	1	1	3	0	0	2	10	1	3	0	2	2	0	1	1	0	0	3	0	0	1	6	0	0	0	1	1
0	1	0	0	2	2	1	2	0	1	0	1	0	0	0	2	0	1	0	0	1	0	3	0	0	1	0	1	1	2	1	3	0	18	4	3	47	47	20	35	2	12	4	12	60	127	95	56	0	1	2	0	0	2	1	2	0	0	2	0	2	1	1	3	1	0	2	2	0	1	1	3	0	0	0	3	1	0	2	1	0	0	0	0	0	0	1	1	0	0	2	2	0	0	1	0
1	0	0	1	1	0	0	0	1	1	1	0	1	0	0	1	1	1	2	0	0	0	1	0	0	0	1	0	1	1	0	2	2	6	1	1	17	21	10	22	1	6	2	3	19	40	17	21	1	0	0	0	0	0	0	0	0	0	1	0	0	1	0	2	3	0	0	1	2	0	2	1	0	0	0	4	2	0	1	2	2	1	0	0	0	1	1	0	1	0	0	0	0	0	0	0
1	1	0	0	4	0	1	0	0	0	0	0	2	3	1	1	0	0	0	0	1	1	1	0	0	0	1	0	0	1	1	3	0	7	2	3	28	40	19	24	0	12	1	11	41	81	32	53	0	2	1	1	1	1	0	0	0	0	0	0	0	1	1	2	0	2	3	1	1	1	1	0	0	0	2	3	1	2	1	1	0	2	1	0	0	0	1	0	0	0	0	2	1	4	0	1
0	0	0	0	1	0	0	2	0	0	0	0	0	0	0	1	0	0	0	0	0	0	1	0	0	0	0	0	0	2	0	1	0	0	0	0	0	0	1	0	1	1	0	0	0	0	0	0	0	0	0	0	0	0	1	0	0	0	0	0	0	0	0	0	0	0	1	0	0	0	0	0	0	0	0	0	0	0	0	0	0	0	1	0	0	0	0	0	0	0	0	0	0	0	0	0
1	0	1	0	9	0	3	2	1	1	0	1	4	3	1	3	0	0	3	1	1	0	1	1	0	2	1	1	2	5	0	1	4	40	6	8	105	105	55	102	2	39	5	18	101	290	144	96	2	2	0	5	2	2	0	0	3	0	3	1	1	7	1	6	1	5	2	4	1	1	4	5	2	2	4	23	5	4	3	6	1	1	0	1	0	0	1	3	0	0	1	0	0	1	1	1
1	1	0	0	2	1	1	0	0	0	0	2	1	0	0	1	1	0	0	1	4	2	0	0	0	0	0	0	0	2	0	0	1	11	5	0	19	25	11	27	1	10	1	5	39	88	51	35	0	1	1	0	1	0	0	1	0	2	0	2	1	0	2	1	1	0	0	0	2	0	1	2	1	1	0	1	0	0	3	1	1	0	1	0	0	0	0	0	1	1	2	1	0	0	0	1
0	1	0	2	4	2	2	3	2	1	1	0	1	1	0	2	2	0	0	1	0	1	1	0	1	1	1	0	0	2	0	2	0	9	10	3	29	36	18	36	2	10	4	6	32	81	40	36	2	1	0	1	2	1	2	1	0	0	1	0	1	1	0	1	3	2	1	2	1	1	2	1	5	1	0	5	1	2	1	2	1	1	1	1	2	1	0	0	1	0	0	0	0	1	1	0
2	0	1	2	2	3	0	1	1	0	1	0	0	3	0	3	1	1	2	0	1	0	1	0	0	0	1	0	0	1	1	1	2	41	2	9	94	156	46	119	3	35	5	24	166	451	184	147	0	2	3	3	1	0	0	2	0	0	0	1	1	1	1	0	2	1	2	0	1	1	3	4	0	0	1	20	4	0	6	3	2	0	3	0	0	0	1	0	0	0	6	2	0	0	0	0
0	0	0	2	3	4	0	1	1	1	1	0	0	1	0	1	0	1	0	2	0	2	0	0	0	1	1	0	0	2	0	2	0	14	4	6	17	28	12	24	1	9	6	3	30	78	26	31	0	0	1	1	1	1	0	0	0	0	0	0	0	0	0	3	0	0	1	1	2	1	0	2	0	0	1	2	0	1	0	0	0	0	1	0	0	0	0	2	0	1	1	0	1	1	0	0
0	0	0	0	1	0	0	1	0	0	0	0	0	2	0	1	0	0	0	0	0	1	0	0	0	0	0	0	0	0	0	0	0	8	3	2	19	19	6	14	0	7	4	3	15	49	22	12	0	1	1	0	0	0	1	0	0	0	1	0	0	0	1	1	0	0	1	1	0	0	0	1	0	2	1	1	0	0	1	0	0	0	0	0	1	0	0	0	0	0	3	0	0	0	1	2
1	1	1	0	5	1	1	0	0	2	0	1	5	4	0	1	1	0	0	0	2	0	0	1	0	1	2	0	0	1	0	2	1	18	4	1	52	56	16	37	0	16	1	13	65	154	86	55	1	2	1	6	0	0	1	2	1	1	1	1	1	3	1	5	0	0	2	3	3	1	2	4	1	0	1	3	2	6	2	0	1	1	0	0	0	2	0	1	0	1	1	2	0	0	1	1
3	1	1	0	1	1	1	0	0	1	0	0	2	2	2	2	1	0	3	1	1	3	0	0	1	0	0	0	0	1	2	1	2	12	5	3	30	44	14	32	1	7	3	11	48	142	58	31	0	0	2	1	3	0	0	2	0	1	1	0	4	0	1	4	1	2	1	1	2	1	5	1	1	0	7	8	5	2	2	1	0	1	1	0	0	0	1	2	0	1	3	5	1	0	1	2
4	3	4	0	8	6	5	3	5	2	1	3	5	21	2	10	1	3	0	2	1	2	4	1	1	0	4	3	6	8	0	8	5	53	10	20	194	207	61	149	9	73	13	32	283	667	345	197	1	3	4	6	5	3	6	4	2	0	3	2	6	1	3	11	5	3	10	4	7	2	5	3	2	1	2	25	3	4	5	6	0	1	4	2	0	3	3	3	1	0	1	4	1	4	1	6
1	0	0	1	8	3	1	5	0	0	1	0	4	6	1	3	0	1	0	1	0	2	2	0	0	0	1	0	0	2	1	2	2	23	7	9	86	118	33	70	1	28	1	17	124	294	154	104	1	2	1	5	2	0	0	2	0	0	0	2	0	2	3	2	1	2	1	5	1	1	1	1	0	0	2	5	0	1	3	2	0	0	0	0	0	1	3	3	0	0	3	0	0	0	1	4
0	0	0	0	2	0	1	1	0	0	0	0	0	0	0	0	0	0	0	1	0	1	1	0	0	0	1	1	1	1	1	0	1	2	0	0	16	14	8	10	0	4	2	3	14	41	20	16	1	0	0	0	0	1	0	0	0	0	1	0	0	0	0	1	0	0	0	1	0	0	0	1	1	2	1	1	0	0	1	0	0	0	0	0	1	0	0	1	0	0	2	0	1	1	0	0
1	0	0	0	4	1	1	1	0	0	0	0	0	0	0	0	0	0	0	0	0	0	0	0	0	0	0	1	0	0	0	0	0	1	2	0	0	1	4	0	2	1	3	0	1	1	2	1	0	0	0	0	1	0	0	0	0	0	1	0	0	0	0	0	0	0	0	0	0	0	0	0	2	0	0	0	0	0	0	1	0	0	0	0	0	0	0	1	0	0	0	0	0	1	1	0
3	0	0	1	7	2	1	0	0	0	0	2	1	1	1	1	1	0	0	2	1	0	2	0	1	1	0	2	2	3	3	0	1	23	0	7	49	57	27	51	1	15	2	11	61	167	76	73	1	1	2	2	1	1	2	2	1	0	1	1	1	0	1	2	1	2	2	1	3	0	2	9	1	1	3	9	1	6	0	1	0	2	3	1	2	0	0	1	0	1	1	2	0	0	0	2
1	0	0	0	0	0	0	1	0	0	0	0	0	3	0	0	0	0	0	0	0	0	1	0	0	0	0	0	0	0	0	2	0	6	2	0	10	27	7	17	0	2	1	0	20	53	22	10	0	1	0	0	0	1	0	0	0	0	1	1	0	0	0	0	1	0	1	1	0	0	0	1	1	0	0	0	1	1	1	0	0	0	1	1	0	0	1	0	0	0	2	1	0	0	0	0
1	0	0	0	4	0	1	1	0	0	0	0	0	0	0	2	0	0	0	0	0	0	0	0	0	0	0	0	0	1	0	0	0	0	0	0	4	5	0	5	0	2	3	2	6	10	6	4	1	0	0	0	0	0	0	0	0	0	1	0	0	0	0	0	0	0	0	0	1	0	1	0	0	0	0	0	0	0	0	0	0	0	0	0	0	0	0	0	0	1	0	0	0	0	0	0
0	0	2	1	2	0	0	0	1	0	0	0	0	5	3	0	2	1	3	0	1	3	1	0	0	0	1	0	0	1	0	0	0	30	2	6	49	63	17	44	4	20	1	9	67	155	84	46	0	0	1	3	0	3	2	0	0	0	1	0	0	1	1	1	0	2	2	4	1	0	3	5	1	2	4	10	1	2	3	1	0	0	2	1	0	0	1	0	0	0	2	2	1	1	0	1
1	4	1	1	6	2	0	2	2	0	0	0	0	2	0	1	0	1	0	0	0	3	0	2	0	1	0	0	1	3	0	3	2	10	1	2	28	47	20	39	3	11	0	11	40	124	55	43	2	0	0	2	0	2	1	0	2	2	0	2	2	0	0	1	2	2	0	3	2	3	0	3	0	0	1	6	0	1	1	1	1	1	1	1	0	0	2	4	0	0	0	6	0	0	0	4
0	0	0	0	1	0	1	0	0	0	0	0	2	0	1	0	0	0	0	0	0	0	1	0	0	0	0	0	1	1	1	0	0	15	1	3	32	48	16	44	2	7	1	2	45	101	71	36	0	0	1	0	0	1	1	0	0	0	1	1	0	0	0	1	1	0	0	0	0	1	0	3	1	0	0	9	0	4	1	1	0	0	0	0	0	0	0	0	0	0	1	0	0	1	0	1
0	0	0	1	1	0	0	1	0	0	0	0	0	1	1	0	0	0	0	0	0	0	0	0	0	1	0	0	0	0	0	0	1	0	0	0	2	0	0	0	0	1	2	0	0	5	0	1	0	0	0	0	0	0	0	0	0	0	1	0	0	0	1	0	0	0	0	0	0	0	0	0	0	0	1	1	0	0	0	1	0	0	0	0	0	0	0	0	0	0	0	0	0	0	0	1
1	0	1	3	4	1	0	2	0	2	1	0	0	3	0	1	0	0	0	1	0	0	1	0	2	0	1	2	1	0	0	4	2	13	1	5	34	56	10	25	0	11	2	6	53	137	66	44	1	0	0	4	0	1	0	1	0	0	2	1	0	5	1	2	2	0	1	1	0	1	0	1	3	1	1	9	0	0	3	1	0	1	1	0	0	1	1	0	1	1	0	2	0	2	0	0
2	0	0	1	9	3	3	2	1	1	0	0	2	2	2	1	0	0	2	0	2	0	3	0	0	0	0	0	2	1	0	1	2	23	2	6	52	76	31	60	2	20	5	19	78	173	94	67	1	0	0	7	1	0	1	1	0	0	4	3	3	2	1	4	0	2	2	1	0	1	1	6	0	2	3	6	0	2	2	3	0	0	0	1	1	4	0	3	0	0	2	1	1	2	1	1
0	3	0	0	4	1	1	2	2	2	0	2	7	3	0	4	1	0	1	2	2	1	4	0	2	0	1	1	1	4	2	4	5	31	1	10	75	134	46	93	0	31	6	26	164	352	162	111	3	4	1	8	1	0	3	0	1	1	4	3	3	3	3	13	5	1	2	5	5	5	6	6	1	1	3	24	7	4	4	6	5	0	4	1	0	3	9	8	0	2	11	2	1	0	2	4
3	2	3	3	4	2	2	5	1	1	1	0	5	12	2	4	0	0	1	1	3	1	2	1	1	1	0	1	1	5	2	4	7	71	1	19	184	214	62	164	3	59	5	50	296	702	310	223	5	1	3	7	4	1	3	4	1	3	5	0	3	5	0	8	5	1	5	2	1	0	7	8	3	0	5	41	10	5	7	2	2	0	2	2	2	3	3	2	0	0	8	1	1	0	0	0
1	0	0	0	1	0	0	1	0	0	0	1	0	1	0	0	1	0	1	1	0	1	1	0	0	0	0	0	0	0	0	1	0	7	1	2	29	51	15	33	0	10	4	9	78	150	82	41	0	1	0	0	0	1	0	1	0	0	1	1	1	0	1	1	0	0	0	1	0	1	0	2	1	0	1	1	0	0	1	0	0	0	2	0	1	2	0	0	0	0	2	0	0	0	0	0
1	2	0	0	2	0	1	0	0	1	0	0	1	0	0	1	0	1	0	0	1	1	0	0	0	2	0	1	0	0	0	1	0	0	3	0	1	3	5	1	2	1	4	2	5	9	3	2	1	0	0	0	0	0	0	0	0	1	1	1	0	0	0	0	0	0	0	1	0	1	0	1	0	0	1	1	0	0	2	0	0	0	6	0	0	0	1	3	2	0	5	0	0	0	1	1
1	0	1	0	4	0	1	1	0	0	0	0	1	2	1	1	1	1	0	0	0	1	1	0	0	0	0	0	0	0	1	1	0	2	4	1	16	15	2	7	0	5	3	2	8	29	22	9	0	1	0	1	0	0	1	1	0	0	2	0	0	0	0	0	1	0	0	0	1	0	0	2	1	0	0	0	0	0	0	0	0	0	0	0	1	0	1	0	0	0	1	0	1	0	0	0
1	0	0	1	0	0	2	0	2	0	0	1	1	3	0	2	0	0	0	0	1	1	1	0	1	0	0	0	1	0	1	0	0	11	4	3	29	50	15	49	1	11	2	7	39	118	62	29	0	0	0	2	1	1	0	1	0	1	2	1	0	1	1	4	0	2	5	3	1	0	5	1	0	0	0	6	2	2	3	2	0	2	5	1	0	1	2	1	1	0	3	1	1	1	3	1
0	2	0	0	4	6	1	17	0	1	1	1	4	7	0	9	0	0	0	0	0	1	2	2	0	0	0	1	4	3	0	6	2	60	3	9	159	277	79	196	0	46	2	26	224	563	230	182	2	1	2	8	2	10	0	4	2	0	2	1	6	5	4	27	0	3	2	1	1	3	1	7	1	1	0	4	2	7	7	5	0	1	2	3	1	5	2	10	2	1	1	1	0	3	1	9
0	0	0	0	3	1	0	1	0	0	0	0	0	0	0	0	0	0	0	0	2	0	0	0	0	0	1	0	0	0	0	0	1	7	0	0	18	21	7	15	0	4	3	1	14	46	27	20	1	0	1	0	0	0	1	2	1	1	1	0	1	0	0	1	0	0	0	1	0	0	0	2	0	1	0	4	0	1	0	2	0	0	1	0	0	0	1	0	0	0	1	0	0	0	0	0
1	0	1	1	2	1	2	0	1	0	1	1	2	3	0	1	1	0	0	1	0	2	0	0	0	0	0	1	0	0	0	1	1	11	5	5	47	61	20	60	0	20	2	15	46	148	78	51	2	0	3	1	1	1	1	1	1	2	1	0	0	2	1	3	1	0	4	0	0	2	1	7	0	1	0	5	4	2	3	4	0	2	1	1	0	1	2	1	0	0	1	3	1	2	0	0
0	2	0	1	1	1	0	0	1	0	0	0	0	0	1	1	1	0	2	0	0	0	2	1	0	1	0	0	1	1	0	1	1	13	2	3	25	53	6	39	1	7	3	7	39	99	53	28	2	0	0	2	0	0	0	1	0	1	3	1	1	1	1	1	3	0	2	1	2	0	3	2	0	0	1	7	1	1	5	0	1	0	0	1	0	1	1	0	0	0	1	0	0	1	0	0
2	0	1	2	0	1	0	0	0	1	0	0	1	2	0	0	1	1	0	2	1	0	0	1	0	0	0	0	1	0	0	0	0	1	4	0	2	0	2	1	0	4	3	1	2	5	1	2	0	0	0	0	0	0	1	0	0	0	0	1	0	0	1	0	0	0	0	0	0	1	1	0	1	0	1	0	1	1	0	0	0	0	1	0	0	0	1	0	0	0	0	0	0	0	0	1
0	0	0	0	3	0	3	3	1	0	0	0	0	0	0	0	1	2	1	2	1	0	1	0	0	0	0	0	0	0	1	1	0	1	7	2	2	0	4	0	1	1	6	0	1	1	5	1	1	0	0	0	0	0	1	0	0	0	0	0	0	0	0	0	0	0	1	0	0	0	1	2	3	0	1	4	0	0	0	0	0	0	0	0	0	0	2	2	0	0	0	0	1	0	0	0
0	0	0	0	1	0	0	1	0	0	0	0	0	1	1	1	1	0	0	0	0	0	0	0	0	0	0	0	0	0	0	0	0	0	0	0	0	0	2	2	1	1	2	0	0	2	2	0	0	0	0	0	0	0	0	0	0	0	0	0	0	0	0	0	0	0	0	0	0	0	1	0	1	0	1	0	0	0	0	1	0	0	0	0	0	0	0	0	0	0	0	0	0	0	1	0
2	1	0	1	3	3	0	3	3	2	1	0	3	2	1	1	0	1	0	0	1	0	3	1	1	1	0	0	0	0	0	2	2	19	3	8	56	62	15	61	3	18	2	12	57	170	58	60	2	4	0	1	1	2	0	0	1	0	1	2	0	4	0	6	0	1	0	1	1	1	5	3	0	1	0	7	1	3	0	4	2	0	4	0	0	0	0	1	2	0	1	4	1	1	0	3
1	0	0	1	1	1	0	0	0	0	1	1	0	1	0	0	0	0	0	3	0	0	0	0	0	0	0	2	2	0	0	1	2	1	3	0	0	2	5	1	4	0	4	0	0	2	1	2	3	0	0	0	0	0	0	0	0	0	0	0	0	0	1	0	0	5	1	0	0	2	0	0	1	4	1	1	0	0	1	0	0	1	0	0	0	2	0	0	0	0	0	0	0	0	0	5
0	0	0	0	1	1	0	0	0	0	0	0	0	1	0	1	0	0	0	0	0	0	0	0	0	0	0	0	1	0	0	0	0	0	0	1	0	1	1	0	0	0	0	0	0	0	0	0	0	0	0	0	0	0	0	1	0	0	0	0	0	0	0	0	1	0	1	0	0	1	1	0	0	0	0	0	1	0	0	0	0	1	0	0	0	0	0	0	0	0	0	1	0	0	0	0
0	1	0	0	3	0	2	1	0	1	0	0	0	0	0	1	0	1	0	1	0	2	0	0	0	0	0	0	1	0	0	0	0	7	3	3	9	28	9	16	0	10	2	9	22	48	16	20	0	0	2	2	1	0	2	0	1	0	1	0	0	1	0	0	1	0	0	1	1	0	0	1	2	0	0	3	1	0	2	0	0	0	5	0	0	2	0	0	0	1	0	1	1	0	0	1
2	2	2	2	1	0	0	0	0	0	0	0	1	2	0	1	0	0	0	0	1	0	0	0	1	1	0	1	0	2	0	1	1	16	1	8	47	62	19	41	0	13	4	11	59	154	53	49	1	1	1	4	0	1	0	4	0	0	0	0	0	1	2	5	0	0	0	1	0	1	2	2	1	0	0	5	1	4	0	0	0	0	2	1	0	0	1	3	0	1	2	1	1	1	3	0
1	1	1	1	1	4	0	1	0	0	0	0	1	2	0	4	1	0	1	0	2	0	0	0	2	2	0	0	0	3	0	0	0	12	3	1	27	46	18	34	1	9	3	10	48	134	40	36	1	0	0	2	0	1	1	0	0	0	1	0	0	0	2	3	2	1	1	2	0	1	0	3	0	2	1	5	0	4	0	1	0	0	1	0	0	1	0	0	1	0	1	0	1	0	1	2
1	0	0	0	2	1	1	0	0	0	0	1	1	1	0	0	0	2	1	0	0	0	0	0	0	0	0	0	1	0	0	0	0	5	2	2	6	21	6	21	0	5	4	2	14	46	27	13	0	0	1	0	0	0	1	0	1	1	1	0	0	0	0	0	0	2	0	0	2	0	0	1	1	0	0	0	0	0	1	0	0	0	1	0	0	0	1	0	0	0	0	0	0	0	1	0
1	1	0	0	0	0	1	0	1	1	1	0	0	1	0	1	1	0	0	0	0	0	0	1	0	1	1	0	1	1	0	1	3	9	2	5	27	30	15	33	2	12	1	6	47	92	62	38	2	1	0	1	1	2	0	0	2	0	1	0	1	0	0	1	1	0	1	0	1	1	0	4	5	0	2	11	1	0	1	1	0	0	1	0	1	0	0	3	0	2	1	0	0	3	0	0
0	2	0	1	5	4	3	2	1	1	0	0	5	4	1	1	3	1	1	2	4	2	0	0	0	1	1	0	2	1	1	3	1	14	8	5	20	44	14	31	1	9	3	4	25	72	35	27	1	0	1	1	0	2	2	2	0	0	1	0	2	0	0	1	4	1	0	0	0	5	1	2	0	4	4	2	0	0	0	2	0	0	5	1	0	1	4	2	2	2	5	2	1	1	2	1
1	1	0	0	1	0	1	0	0	0	1	1	1	1	1	0	0	1	1	0	0	0	0	0	0	0	0	1	2	1	0	0	0	0	5	2	0	1	1	0	3	2	4	1	4	0	1	2	0	0	0	0	0	1	1	0	0	1	0	0	0	0	1	0	0	0	1	1	0	0	0	1	0	1	0	0	0	0	1	0	0	1	0	0	0	0	1	0	0	0	1	0	0	0	0	0
2	0	0	0	1	0	0	0	0	0	0	0	0	2	0	0	0	1	0	0	1	3	0	0	0	0	0	0	0	0	0	2	1	21	0	6	29	71	21	42	2	11	5	9	66	123	56	51	0	0	1	2	0	1	0	0	0	0	0	0	1	0	0	1	0	1	1	1	1	0	2	3	0	1	0	6	1	1	1	1	0	1	1	0	0	0	0	1	1	1	2	0	0	2	0	0
0	0	0	0	1	2	1	1	0	1	0	0	0	1	0	1	1	0	0	0	0	0	0	1	0	1	0	1	2	1	0	0	1	0	5	1	3	0	2	3	2	0	4	2	0	1	2	1	0	0	0	1	0	0	0	0	0	0	0	0	0	0	0	1	0	0	1	2	0	0	0	0	0	0	0	0	0	0	1	0	0	0	1	0	0	0	0	1	0	0	0	1	0	0	0	0
0	0	0	0	0	1	1	2	1	0	0	1	0	1	0	0	0	0	0	1	0	0	0	2	0	0	0	1	2	2	0	1	0	10	2	4	28	40	13	31	1	15	0	11	31	88	41	37	0	2	0	1	0	0	0	0	1	1	1	0	0	0	0	1	1	0	0	2	0	1	1	2	0	1	1	1	1	1	1	0	1	0	0	0	0	0	0	1	0	0	0	1	0	0	0	0
0	0	0	0	2	0	0	0	0	1	1	0	0	0	0	2	0	2	0	0	1	0	0	1	0	0	1	0	1	0	0	0	0	1	0	1	0	2	1	1	1	0	0	1	4	4	2	4	0	1	0	0	0	0	0	1	0	0	0	0	0	0	0	0	0	0	2	1	0	0	0	0	1	0	0	2	0	0	0	1	0	0	0	0	0	1	1	0	0	0	0	0	0	0	0	0
0	1	0	2	1	1	0	0	1	0	0	0	2	1	1	0	1	0	0	0	1	0	0	0	0	0	0	0	1	0	0	0	1	5	1	4	24	24	5	26	0	10	0	5	32	81	29	24	0	1	0	1	0	0	0	1	0	0	0	1	2	0	1	4	0	0	0	3	1	2	2	1	0	0	2	3	2	2	1	0	0	0	1	1	0	1	1	1	1	0	0	1	0	1	0	1
1	1	0	2	10	4	3	5	2	0	0	1	1	2	0	5	2	0	1	3	0	0	1	0	0	0	2	1	2	0	0	3	2	2	3	2	0	2	2	2	3	0	5	0	3	7	2	1	1	1	0	0	0	0	4	1	0	0	0	1	0	0	0	0	1	0	2	0	0	1	1	1	1	1	3	2	0	2	0	0	0	0	1	0	1	0	1	0	0	0	1	1	0	0	0	1
1	1	1	0	1	3	2	8	0	0	0	0	4	4	0	5	1	2	0	0	2	1	1	3	0	0	0	5	0	4	0	0	3	15	5	5	43	57	16	40	2	15	2	9	45	122	60	41	0	2	3	1	0	3	3	3	0	1	0	1	0	0	0	4	0	1	1	0	1	4	3	3	1	1	0	3	1	0	4	5	1	2	1	0	0	3	2	4	1	1	1	2	0	2	1	0
1	0	0	5	5	3	0	1	1	0	0	0	3	1	0	4	0	0	0	0	0	0	1	0	0	2	0	0	1	0	0	2	2	21	2	5	42	76	27	59	1	29	4	9	53	185	89	57	1	2	0	2	1	0	1	2	1	1	0	1	4	3	1	2	0	0	1	1	0	3	0	3	3	0	1	5	2	1	2	1	0	0	0	1	0	0	0	1	0	0	2	0	0	0	1	2
1	2	0	0	2	1	1	1	2	1	0	0	2	5	0	2	1	1	2	0	0	2	3	1	0	0	0	1	1	4	5	2	1	40	3	18	68	88	36	73	0	22	0	15	79	217	92	66	3	3	0	3	0	1	1	0	1	1	1	1	2	2	0	7	2	1	2	3	1	4	3	3	0	0	2	12	2	3	6	1	0	1	2	1	0	0	1	0	1	2	1	1	0	0	0	2
0	0	0	0	1	1	1	1	1	0	1	0	0	2	0	1	0	0	1	0	1	1	0	0	0	1	0	0	1	0	0	2	1	1	2	0	5	2	8	3	3	0	2	1	0	4	2	1	0	0	0	0	0	0	1	1	0	0	1	0	0	0	0	0	0	0	0	0	0	0	1	0	0	1	0	0	1	0	1	0	0	0	0	0	0	0	0	0	0	0	0	0	0	0	0	0
0	0	0	0	0	0	0	0	0	0	0	0	0	0	0	0	0	0	0	0	0	0	0	0	0	0	0	0	0	0	0	0	0	0	1	0	0	0	0	0	0	0	0	0	0	0	0	0	0	0	0	0	0	0	0	0	0	0	0	0	0	0	0	0	0	0	0	0	0	0	0	0	0	0	0	0	0	0	0	0	0	0	0	0	0	0	0	0	0	0	0	1	0	0	0	0
0	0	0	0	1	0	0	0	0	0	0	0	0	3	0	1	0	0	0	0	0	0	0	0	0	0	0	0	0	0	0	2	2	2	3	0	0	1	1	0	2	0	4	0	1	1	2	0	0	0	0	0	0	0	0	0	0	0	0	0	0	0	0	0	0	0	0	1	1	0	0	0	1	0	2	0	0	0	0	0	0	0	0	0	0	0	0	0	0	0	0	0	0	0	0	0
0	2	1	0	3	1	0	3	0	0	1	0	1	4	4	0	0	0	0	0	0	0	2	2	0	0	0	1	0	1	1	0	1	18	1	10	49	82	28	73	2	16	3	13	90	198	104	58	3	3	1	6	2	2	7	1	3	4	1	3	2	2	0	6	4	1	0	1	0	0	2	5	1	1	2	4	1	5	0	0	1	0	1	0	0	0	2	3	2	0	2	2	2	0	0	1
0	0	0	0	1	1	0	2	0	0	1	0	4	3	0	0	0	1	0	0	0	1	1	0	0	0	0	0	3	4	0	0	0	14	4	3	32	34	9	26	0	8	3	3	25	80	36	21	0	0	1	1	2	1	4	1	0	0	1	0	0	0	0	3	2	1	2	5	0	1	3	3	0	2	0	2	3	0	1	2	0	1	1	0	0	0	0	1	0	0	3	0	0	0	1	1
0	0	0	0	1	0	1	4	1	2	0	0	2	1	0	0	0	0	0	0	0	0	0	1	0	2	0	0	1	1	0	4	0	18	3	2	44	58	19	33	1	12	4	5	49	95	54	37	1	1	0	0	0	1	0	1	1	1	1	1	0	0	1	3	1	0	3	1	0	1	0	1	0	0	0	4	3	1	2	0	1	0	0	0	0	1	2	2	0	1	0	0	0	1	0	1
1	0	0	0	0	3	0	1	1	0	0	0	0	0	0	1	1	0	0	1	0	0	0	0	0	0	0	1	0	0	0	1	2	1	8	1	0	2	12	4	2	0	1	2	2	1	2	1	0	1	0	0	0	0	0	0	0	0	0	0	0	0	0	0	1	0	0	1	0	2	1	0	0	0	0	1	0	0	0	0	0	0	0	0	0	1	3	0	0	0	0	0	0	0	0	0
1	0	0	0	1	0	0	1	1	1	0	0	0	1	0	0	0	0	0	0	0	0	0	0	0	0	0	0	0	1	0	0	0	3	1	1	0	1	2	0	1	1	1	1	3	5	7	2	0	0	0	0	0	0	0	1	0	1	0	0	0	0	0	0	2	1	0	1	0	0	0	0	0	0	0	2	0	1	0	0	0	0	1	0	0	0	1	0	1	0	0	0	0	0	0	0
0	0	1	1	9	1	1	2	0	0	0	0	0	3	0	0	0	1	0	0	0	0	1	0	0	0	0	0	0	1	0	0	1	6	4	2	23	25	5	24	1	7	5	4	23	62	36	25	0	2	0	0	0	1	1	0	0	1	1	0	0	0	1	0	0	1	1	0	0	1	1	2	0	0	0	3	1	1	1	1	0	0	1	0	0	0	1	0	0	0	0	0	0	1	0	1
1	1	0	0	1	1	0	0	0	1	0	0	1	0	0	0	0	0	2	1	0	1	1	1	0	0	0	0	1	0	0	0	2	14	0	3	31	44	15	37	1	11	5	13	50	155	81	45	2	0	0	2	0	1	0	0	0	0	0	1	0	0	1	0	0	0	0	1	0	0	1	2	1	0	1	3	2	2	3	1	0	0	1	0	0	1	3	0	0	0	1	1	1	0	0	0
0	1	0	0	2	0	0	0	1	1	0	0	0	0	0	0	0	1	0	1	0	1	1	2	0	1	0	0	1	0	1	3	2	10	5	0	26	35	18	33	2	11	2	4	34	103	53	33	1	0	1	2	0	1	0	1	0	1	1	1	0	0	0	0	0	0	0	1	0	1	0	4	0	2	0	0	1	0	0	1	0	2	0	0	0	1	0	0	0	0	2	1	0	1	0	0
2	0	0	0	9	3	2	5	1	1	0	5	1	3	0	2	1	0	1	0	1	0	0	1	0	1	1	0	0	3	0	1	1	33	4	8	63	105	35	67	0	22	2	18	125	263	112	78	0	3	2	8	3	1	2	1	0	2	0	1	2	1	1	1	0	1	0	3	0	3	4	1	1	1	0	10	2	2	0	2	0	0	0	0	0	0	0	2	1	1	0	4	1	1	1	2
0	0	0	0	0	0	0	2	2	1	0	0	0	3	0	1	0	0	0	0	0	0	0	1	0	0	0	0	0	1	0	2	0	4	4	1	18	24	7	8	0	9	2	4	26	48	15	18	0	0	2	0	0	0	0	1	0	0	1	0	0	0	0	0	1	1	0	2	1	1	1	1	1	1	0	3	0	0	1	1	1	0	0	0	0	0	1	0	0	0	0	1	1	0	1	0
0	2	1	0	2	1	1	0	0	0	1	0	0	0	0	0	0	0	2	1	0	0	1	0	0	0	0	1	0	0	2	0	1	0	1	0	0	0	2	2	1	0	2	0	0	0	1	0	0	1	0	0	0	1	0	0	0	0	0	0	0	0	1	0	1	1	1	0	1	0	1	0	0	0	0	1	0	0	0	1	0	0	0	0	0	0	0	0	0	0	0	0	0	0	0	0
1	1	0	0	4	2	2	3	2	1	0	0	1	1	0	2	0	2	1	0	2	0	1	0	1	0	1	0	0	0	0	2	1	20	9	4	44	73	17	54	5	17	6	8	73	158	90	38	0	1	0	6	0	0	1	0	1	0	0	0	0	0	2	5	2	1	1	4	1	1	2	3	1	2	0	4	2	4	2	2	1	1	2	0	0	2	3	1	0	0	1	0	0	0	1	1
3	4	0	3	3	4	4	6	3	1	0	1	4	12	1	5	1	0	3	2	1	5	12	3	0	3	1	3	5	6	6	8	2	69	8	25	262	381	78	305	1	100	6	65	407	1016	428	309	5	5	3	11	4	4	8	13	0	5	3	5	3	5	4	18	9	4	7	4	1	7	5	18	4	7	7	64	9	11	4	13	2	3	7	1	1	5	21	8	1	0	15	5	5	5	9	12
0	0	0	2	6	2	3	1	0	1	1	0	5	8	1	6	0	0	1	1	0	0	3	0	2	1	1	2	0	1	1	2	4	40	8	21	115	165	35	134	4	39	10	31	234	473	247	169	2	2	3	7	0	5	2	1	2	0	0	3	3	5	1	16	4	0	4	6	6	5	3	12	4	3	5	32	10	7	6	7	0	1	0	2	0	2	1	0	1	1	2	2	1	1	1	2
0	0	0	0	7	2	4	1	1	1	1	0	1	2	1	1	1	0	0	0	1	2	0	0	1	2	1	1	0	0	1	0	2	35	2	10	60	86	25	59	2	27	3	19	105	252	130	70	2	3	2	1	0	1	2	2	1	0	1	0	1	2	1	5	0	1	2	2	0	1	1	6	2	3	0	10	3	2	2	0	1	0	0	0	0	1	2	1	0	0	3	2	0	4	0	2
0	0	2	3	140	18	35	99	6	0	0	6	11	11	4	12	0	0	0	0	0	0	0	1	0	0	0	0	1	0	0	1	2	1	7	1	4	3	3	8	3	4	3	4	4	11	9	7	0	0	0	0	0	0	0	1	0	0	0	0	1	0	0	0	0	0	0	0	0	0	0	0	0	0	0	3	1	2	0	1	0	0	5	0	0	0	1	5	0	0	2	0	0	1	0	1
1	0	0	1	1	1	0	0	0	0	0	0	2	2	0	2	0	0	2	0	2	0	0	0	0	0	1	0	2	1	0	1	1	8	4	0	26	28	9	21	1	2	1	5	29	56	26	13	2	0	0	1	0	1	0	0	1	0	0	0	0	0	0	1	0	2	0	0	0	0	1	1	1	3	0	1	0	0	1	0	0	1	0	0	0	0	0	0	1	1	0	0	1	0	0	0
0	2	0	1	1	0	0	2	1	0	0	1	0	3	0	0	1	0	0	0	0	0	1	0	0	1	1	0	0	0	0	0	1	2	1	1	11	25	4	19	2	2	3	3	19	54	24	15	0	1	0	0	0	0	0	0	0	0	3	0	0	0	0	0	1	0	4	2	0	0	0	1	1	1	0	5	1	1	1	0	0	0	0	0	0	0	0	0	0	0	2	0	0	1	1	1
1	4	2	2	7	5	2	5	1	1	0	1	8	16	1	9	2	0	4	2	4	1	5	5	2	0	1	2	4	3	3	3	7	52	4	28	164	298	84	197	2	46	11	34	239	626	270	238	0	5	6	15	2	1	6	10	3	1	3	9	7	7	2	31	5	3	3	4	4	3	2	20	6	4	1	62	7	13	10	14	2	2	5	3	1	2	5	6	1	7	2	7	4	7	2	6
1	3	0	0	2	1	1	5	2	1	0	0	3	0	0	1	0	0	0	2	1	0	1	1	1	0	0	1	1	2	1	0	0	7	0	6	39	65	15	51	3	16	2	10	71	165	73	64	2	0	0	3	0	1	1	1	1	1	2	0	0	1	2	6	1	0	2	0	0	1	1	1	1	2	1	2	3	0	4	1	0	1	0	0	0	0	2	1	0	0	2	1	0	0	1	1
3	0	2	1	1	1	2	1	0	1	1	3	1	4	2	3	0	0	0	3	0	0	2	1	0	1	1	0	0	1	0	0	4	27	7	4	52	66	19	49	3	11	4	12	66	186	84	54	1	1	1	4	0	1	0	1	0	0	0	2	3	3	1	12	0	1	3	2	2	5	4	7	0	2	2	25	1	2	1	0	0	0	3	0	0	0	6	3	0	0	4	0	2	3	1	1
0	0	0	0	0	2	0	1	0	0	0	0	0	0	0	1	1	0	0	0	0	0	1	0	0	1	0	0	1	0	0	1	0	0	3	0	0	1	2	2	0	0	1	1	1	0	2	0	0	0	0	0	0	0	3	0	0	0	0	0	0	0	0	0	0	0	0	0	1	0	0	0	0	1	0	1	0	0	0	0	0	0	0	0	0	0	0	0	0	0	0	0	0	0	0	0
0	1	0	0	3	2	0	0	1	0	0	0	0	0	0	1	1	0	0	2	2	0	1	0	0	0	0	0	0	0	0	4	0	7	2	0	18	30	6	34	4	7	2	3	28	74	29	35	1	2	0	1	0	0	0	0	1	0	2	2	1	0	0	1	0	1	0	2	0	0	0	2	0	0	0	0	0	0	0	1	0	1	1	0	0	0	0	1	0	0	0	0	0	0	0	0
1	0	0	1	2	1	1	1	1	0	0	0	1	3	0	0	0	0	0	0	0	0	1	1	0	0	0	1	1	2	0	0	1	25	0	3	34	68	22	50	4	18	2	8	88	178	69	60	6	1	1	4	1	1	0	3	0	2	0	1	1	0	0	4	1	0	0	4	3	2	5	4	1	0	1	6	2	6	2	1	0	0	0	1	1	0	2	0	0	0	7	0	0	1	0	3
0	0	0	1	0	0	0	0	1	0	0	0	1	0	0	0	1	2	0	0	0	0	0	0	0	0	1	1	0	2	0	1	0	12	2	8	38	57	18	42	1	14	3	8	41	119	69	43	0	1	1	4	0	1	2	1	0	0	2	1	0	0	1	4	0	0	0	1	1	1	1	2	0	2	1	5	0	2	1	2	0	0	1	1	0	1	1	0	0	0	0	0	0	0	1	0
4	3	0	4	13	8	3	3	3	3	2	1	11	11	2	4	1	3	2	3	1	0	4	2	2	4	3	1	3	11	4	3	6	113	14	50	352	606	143	398	9	100	11	79	474	1388	602	436	4	4	4	14	3	4	6	7	3	0	5	4	7	1	0	11	2	3	9	12	7	5	9	22	5	6	6	55	16	10	15	10	0	2	8	1	2	4	9	3	1	0	11	3	1	1	5	5
3	3	0	0	7	4	2	15	0	3	1	1	5	15	2	8	0	1	0	3	0	3	1	3	0	1	1	2	1	5	0	11	3	121	3	33	307	439	129	424	5	72	2	91	655	1273	566	386	1	6	4	15	0	17	2	12	10	3	2	4	4	22	5	37	2	2	5	2	5	3	3	16	3	1	6	18	2	8	4	6	0	3	4	0	0	3	3	10	0	0	3	2	4	8	1	7
3	0	0	0	1	1	1	0	0	0	0	1	1	0	1	1	2	0	2	1	2	1	0	1	0	0	0	0	0	3	2	0	3	13	1	4	30	39	7	27	1	15	0	9	50	112	52	37	1	1	0	5	0	1	0	2	1	0	1	1	2	0	1	0	0	1	3	1	3	1	4	3	1	0	1	10	0	3	1	5	1	0	2	0	0	0	2	2	0	0	2	0	0	0	0	0
0	1	0	1	7	0	0	2	0	0	0	0	0	1	0	1	0	1	0	1	1	1	0	1	1	0	0	0	0	1	0	0	1	5	1	2	27	28	9	23	1	9	3	4	33	107	48	42	0	0	0	2	0	0	1	0	0	0	1	0	0	0	4	2	1	1	0	1	0	1	0	4	0	2	1	9	1	1	1	0	0	0	0	0	0	0	0	1	0	0	0	0	0	0	0	0
2	1	1	1	3	6	1	5	1	0	0	0	3	8	1	1	1	1	1	0	1	2	5	1	0	2	0	0	1	2	4	2	3	75	7	15	190	280	78	211	2	72	8	39	329	675	301	178	3	3	2	10	0	6	4	3	2	1	1	3	2	5	4	17	2	1	3	6	4	3	3	19	2	0	2	7	7	7	4	2	2	3	1	1	0	5	7	11	1	1	4	4	0	3	3	7
3	2	0	0	3	2	4	5	1	0	0	0	4	8	1	9	0	1	1	1	3	2	4	2	1	1	2	1	1	4	1	6	3	102	0	18	217	269	77	275	7	66	2	40	367	896	347	277	4	2	5	10	4	6	4	3	0	3	1	2	3	4	1	11	2	1	4	5	2	3	3	10	1	1	1	21	9	2	7	4	3	1	3	2	0	3	2	4	0	1	2	4	2	0	1	3
1	1	1	0	1	1	0	1	0	2	0	0	0	1	0	2	1	1	1	2	1	3	0	1	1	2	1	0	2	2	0	2	1	15	5	7	53	77	31	66	5	20	1	10	60	154	81	66	1	3	0	1	1	0	1	3	1	0	0	1	2	5	3	3	3	0	1	3	0	2	1	2	0	1	2	7	2	5	4	4	0	1	0	2	0	1	0	5	0	1	0	0	0	1	0	2
0	1	0	1	0	1	1	0	0	1	0	0	0	0	0	0	1	0	0	0	0	1	0	0	0	0	1	0	1	0	1	1	0	10	3	3	36	39	12	23	0	15	3	7	33	104	34	23	1	0	1	0	0	0	0	1	0	0	3	1	1	0	0	1	1	0	1	2	0	1	1	2	0	1	0	4	0	4	0	2	0	0	1	1	2	0	0	1	0	0	0	0	0	1	1	0
1	0	0	0	1	3	0	0	1	0	0	0	2	1	1	0	0	0	0	1	0	0	1	0	0	1	0	0	2	1	0	1	1	14	2	2	24	36	12	24	1	11	1	13	37	82	45	36	1	1	0	2	1	1	1	0	2	0	1	0	0	0	1	2	1	2	1	0	1	2	1	2	1	1	0	3	2	2	0	6	0	0	0	0	0	0	2	0	0	0	2	0	0	0	0	0
0	0	0	2	1	1	0	1	1	0	0	0	1	6	0	3	0	0	1	0	1	0	1	0	0	0	0	1	1	3	1	0	3	19	0	6	74	83	27	74	0	19	6	14	96	233	102	74	2	1	1	3	0	1	1	0	2	0	1	3	3	0	1	4	1	0	1	3	2	2	1	4	0	1	2	10	4	2	4	1	1	0	1	0	0	0	2	1	1	1	6	0	0	0	1	1
0	2	0	0	2	2	0	2	0	2	0	1	0	4	3	0	0	0	1	0	0	0	4	1	1	0	3	1	2	3	1	2	1	39	4	10	94	143	35	113	2	23	2	25	142	371	160	88	2	0	3	1	3	3	4	2	1	0	2	0	1	3	3	3	4	3	5	8	5	5	4	9	3	2	3	28	5	0	5	2	0	1	3	2	0	2	1	2	0	0	4	1	1	1	4	2
1	3	0	2	10	1	4	4	4	4	1	1	4	2	2	2	0	2	3	0	0	0	1	1	0	0	0	0	2	1	0	2	1	6	14	2	27	37	12	22	3	7	14	9	53	114	61	27	0	3	2	3	1	2	3	0	0	1	1	0	1	2	3	2	2	1	2	3	0	0	3	1	0	2	2	3	0	0	4	0	0	0	3	0	0	0	0	0	0	0	1	0	1	1	0	1
2	1	0	1	2	0	1	3	1	1	0	0	2	5	0	2	1	1	1	1	1	0	3	2	1	1	1	1	3	1	5	2	2	43	6	20	95	134	55	99	1	36	5	25	100	300	108	111	3	1	1	5	2	1	2	4	1	0	3	1	0	1	2	1	0	1	2	2	2	1	5	7	2	3	3	17	8	4	0	5	0	2	2	0	0	1	0	1	1	1	3	3	2	3	4	3
0	0	0	0	2	0	1	0	0	0	0	0	0	1	0	1	0	0	0	0	0	1	1	1	0	0	0	0	0	0	0	0	1	2	2	0	9	9	5	6	0	1	2	0	8	14	9	9	0	0	0	0	0	0	1	1	0	0	1	0	0	0	0	1	0	0	0	0	0	0	0	0	0	0	1	1	0	0	0	0	0	0	1	0	0	0	0	1	0	0	0	1	0	0	0	0
0	0	0	0	1	0	2	0	1	0	0	1	0	0	0	0	0	1	0	0	0	1	1	0	1	0	0	0	0	0	1	0	0	6	0	1	10	20	4	14	0	6	2	2	20	48	17	19	1	0	0	1	0	0	1	0	0	0	0	0	0	0	1	0	0	0	0	2	0	0	2	1	0	0	0	3	0	0	2	2	0	0	1	0	0	0	0	2	0	0	0	0	0	0	0	1
0	0	0	0	0	1	0	1	1	0	0	0	1	3	0	0	2	0	0	0	0	0	0	1	0	0	0	1	1	0	0	2	2	14	3	8	34	35	12	26	0	17	3	9	51	151	55	40	0	2	1	0	3	0	2	2	0	0	1	1	0	1	1	0	2	0	2	6	1	1	0	1	0	1	0	4	2	2	1	2	1	0	0	0	0	1	5	1	0	0	1	0	1	2	0	2
0	1	0	0	1	0	0	0	0	1	0	1	1	5	0	0	0	1	0	0	1	0	0	1	1	0	0	0	1	1	0	0	0	10	1	7	36	40	16	45	0	9	1	12	44	133	63	41	0	0	0	2	0	0	0	2	0	0	1	0	0	0	0	1	1	1	1	1	0	3	0	0	2	0	1	5	2	2	1	4	1	1	0	1	0	0	0	0	0	0	2	1	1	0	0	1
1	3	1	1	6	7	2	2	3	2	0	3	6	6	0	7	2	2	3	3	2	3	1	2	0	1	1	0	0	3	5	0	7	44	5	28	129	199	75	151	4	42	4	26	156	485	154	147	3	1	2	12	4	4	1	3	3	1	2	1	4	5	5	19	2	2	4	4	7	1	3	11	1	0	0	21	9	4	3	12	0	1	2	1	1	1	3	10	1	2	6	1	4	7	7	0
0	1	0	0	1	0	1	1	0	0	0	0	1	4	2	0	0	0	0	0	0	0	1	0	0	0	0	0	0	2	1	0	0	5	5	4	43	45	11	36	2	10	1	9	46	79	39	25	0	2	0	0	0	2	0	1	0	0	0	1	0	0	0	7	0	0	0	1	0	1	3	2	1	1	0	7	3	0	3	0	0	0	0	0	0	0	0	0	0	0	3	0	0	0	0	3
0	0	0	0	2	1	0	0	0	0	0	0	0	1	0	0	0	1	0	0	0	0	0	0	0	0	0	1	0	1	0	0	1	10	1	3	33	38	8	29	0	9	2	5	48	84	61	33	1	2	0	3	0	0	0	0	1	1	1	0	0	1	1	1	0	0	0	0	0	0	2	4	0	0	0	4	0	2	1	2	0	0	0	0	0	0	0	0	0	0	2	0	1	2	0	0
0	0	0	0	3	2	1	3	0	0	0	0	2	2	2	2	0	0	1	1	0	1	2	1	0	2	1	0	0	1	2	0	1	21	2	7	56	99	18	55	1	20	2	14	83	222	100	72	1	0	1	2	0	1	1	3	2	0	1	0	0	0	0	5	1	2	4	1	1	1	2	2	0	1	1	10	6	5	2	1	0	0	1	0	0	0	0	3	1	0	1	2	1	0	1	1
2	2	2	4	10	2	3	5	2	0	0	0	6	9	1	10	2	1	2	0	0	2	2	2	0	6	0	2	1	6	2	3	4	76	4	19	237	339	101	226	5	67	4	47	325	783	365	246	5	2	0	11	0	2	3	5	3	1	3	1	6	6	3	10	3	4	2	5	2	1	4	15	1	1	3	41	2	6	0	13	1	1	4	1	0	1	5	3	0	3	4	5	2	2	8	6
2	1	0	1	4	1	0	0	3	0	0	1	3	6	2	1	0	0	0	0	0	0	0	1	0	0	0	2	2	1	0	1	1	24	2	7	38	65	16	42	2	17	2	7	82	194	85	45	2	2	1	3	1	2	1	1	0	0	0	1	1	0	0	3	1	0	1	2	0	1	3	5	1	0	0	11	1	2	2	2	0	1	1	0	0	1	0	0	0	0	4	0	0	2	0	3
0	1	0	0	0	0	0	2	0	0	0	0	2	1	1	0	0	0	0	1	0	1	2	0	0	0	0	1	0	0	0	1	0	8	1	4	22	32	7	25	2	8	2	3	24	68	22	29	0	1	0	2	0	0	0	0	0	1	1	0	0	0	1	2	0	0	1	0	0	0	0	2	1	0	0	5	2	0	0	1	0	0	1	1	0	0	1	0	0	0	0	1	0	1	1	0
0	0	0	1	4	1	1	0	0	1	0	0	0	0	0	2	1	0	0	0	1	0	0	1	0	0	0	0	2	0	0	0	1	8	0	3	28	42	13	26	1	10	2	9	45	106	44	34	0	2	1	0	0	0	1	0	0	0	1	1	1	1	1	0	1	0	1	0	0	0	1	2	1	0	0	3	1	0	1	0	0	1	0	1	0	0	0	0	0	0	1	1	0	0	0	2
4	1	0	4	3	5	2	5	1	1	1	0	2	6	2	3	0	0	3	0	1	2	1	3	0	0	2	0	1	3	0	1	5	39	5	18	172	212	72	187	2	46	7	34	227	521	235	154	3	3	2	2	0	5	4	3	2	0	3	2	5	3	0	11	0	3	4	4	4	4	5	10	7	3	2	28	12	5	5	5	2	1	2	1	0	1	3	1	1	0	1	3	2	1	1	4
2	0	0	0	1	0	1	4	1	0	0	0	2	5	0	1	1	4	0	4	1	1	2	0	0	2	0	0	0	2	0	4	2	33	4	20	102	128	39	128	3	49	1	26	148	383	176	106	2	2	1	6	2	1	1	1	1	2	0	0	3	1	3	7	3	3	0	4	4	1	3	5	0	3	1	26	5	5	7	2	0	1	7	2	1	3	14	6	1	2	16	6	3	4	8	3
0	0	0	0	1	0	0	0	0	0	0	0	0	0	0	0	0	0	0	1	0	0	0	0	0	0	0	0	0	0	0	0	0	0	0	0	0	0	0	0	0	0	0	0	0	0	0	0	0	0	0	0	0	0	0	0	0	0	0	0	0	0	0	0	0	0	0	0	0	0	1	0	0	0	0	0	0	0	0	0	0	0	0	0	0	0	0	0	0	0	0	0	0	0	0	0
2	1	2	1	1	0	0	1	2	1	0	0	0	2	0	1	1	0	0	0	0	1	3	1	0	1	0	0	3	1	0	0	0	8	0	3	28	53	14	28	0	12	0	5	32	107	53	36	0	0	0	2	1	0	3	0	0	1	0	0	0	0	2	0	0	0	2	0	0	1	2	5	0	0	1	7	2	0	0	3	1	0	0	0	0	0	2	3	0	0	3	0	0	2	0	0
1	3	0	0	2	0	0	1	1	0	0	0	4	6	0	3	1	0	0	1	0	3	1	0	0	0	0	0	0	1	0	1	0	29	3	6	64	85	28	70	3	22	4	15	90	226	97	81	3	3	2	3	2	1	1	2	1	0	2	1	0	0	1	1	0	0	1	2	1	0	0	1	2	0	2	6	2	2	2	2	1	0	0	0	1	1	1	2	0	0	2	2	0	2	1	0
1	1	1	0	1	1	4	2	1	0	1	1	0	2	0	1	1	1	1	0	0	1	2	0	0	1	0	0	1	1	0	2	2	12	1	4	45	43	11	33	2	12	3	14	52	120	46	47	1	1	1	3	0	1	1	1	0	0	0	1	3	0	0	1	1	0	0	3	0	0	2	2	0	0	0	3	0	1	0	1	0	0	1	0	0	2	0	1	0	0	2	1	1	2	0	0
5	1	0	0	3	3	2	8	2	3	2	0	5	15	1	4	1	1	5	1	1	0	4	4	0	2	4	2	2	6	1	3	2	71	6	27	168	320	92	201	5	62	7	43	226	675	296	202	6	2	5	16	1	10	8	9	3	0	1	3	2	6	0	13	0	5	5	7	5	1	8	22	1	2	2	26	5	16	4	10	2	3	4	2	1	3	4	6	0	0	1	4	3	4	2	6
0	2	1	1	2	1	0	2	0	0	0	2	0	5	0	1	0	1	0	0	0	0	3	1	0	0	2	0	0	0	1	1	0	24	2	7	48	83	28	66	0	18	2	12	93	232	102	55	1	0	0	1	0	2	2	0	0	0	0	2	1	3	1	3	2	1	0	1	3	0	1	1	1	2	3	6	2	0	1	2	0	0	3	0	0	2	1	1	0	0	1	2	0	0	1	2
3	3	1	3	3	0	5	3	0	1	0	0	5	7	1	5	1	1	1	2	0	1	2	2	0	0	2	2	0	2	2	3	1	46	9	11	162	234	69	177	4	44	6	29	191	485	207	193	4	1	2	7	4	1	4	3	1	0	0	2	7	3	4	7	1	2	2	5	5	3	2	8	6	1	3	23	5	6	4	2	2	3	2	4	2	3	5	6	0	1	5	2	3	4	1	3
0	0	0	0	0	1	0	2	1	0	0	0	1	2	2	0	0	0	0	1	0	0	1	2	0	0	2	0	0	0	0	0	0	17	3	3	41	42	14	33	2	4	1	8	55	108	49	24	2	0	0	1	0	1	0	0	1	1	2	1	0	1	4	1	1	0	1	1	0	1	0	3	1	0	0	8	0	2	1	0	0	0	2	0	0	1	1	0	0	1	3	2	0	1	0	0
2	0	0	0	3	1	1	0	0	0	0	0	2	0	1	1	0	1	0	0	0	3	0	3	1	0	1	0	2	1	1	3	0	10	9	4	28	33	20	31	0	7	2	10	38	130	50	26	0	0	0	0	0	1	1	1	1	0	0	1	1	1	0	0	1	0	1	1	1	2	1	3	1	1	2	1	2	2	0	1	0	0	2	0	0	0	2	0	0	0	1	1	2	0	0	3
1	2	0	1	1	0	0	0	1	2	0	1	0	2	0	1	0	1	0	0	2	1	0	0	0	0	0	1	0	2	0	1	1	14	2	11	62	88	23	45	5	16	6	13	91	226	86	54	0	0	1	4	0	0	1	1	0	1	1	0	0	5	1	1	1	1	0	1	1	1	2	4	0	2	0	11	1	1	1	0	0	0	1	1	0	2	2	2	0	0	2	0	0	1	0	0
8	2	1	3	5	1	4	7	0	1	0	0	4	9	2	5	4	2	0	1	1	2	4	2	2	3	1	1	3	3	2	4	4	64	4	21	181	290	77	223	5	50	3	31	203	578	271	257	4	2	6	20	1	5	2	14	0	2	1	4	5	7	3	30	5	2	4	4	2	5	2	15	0	0	2	44	9	6	7	14	2	0	6	2	0	5	3	13	3	4	10	2	3	6	4	12
2	4	1	0	3	0	2	1	0	1	0	2	1	4	0	3	2	0	0	1	0	0	2	1	0	1	1	0	1	2	0	2	3	25	4	4	51	69	14	51	1	14	5	17	66	185	70	55	1	0	3	1	1	0	0	1	1	1	2	0	2	0	0	0	1	0	0	1	1	3	0	7	3	1	3	10	4	2	1	2	0	0	1	1	1	0	3	2	0	1	3	2	0	1	0	2
0	0	0	0	7	2	2	2	2	0	1	0	0	0	1	1	0	0	0	0	1	2	0	0	0	0	0	0	1	0	0	2	1	2	4	1	3	6	2	2	3	3	2	0	7	10	9	2	0	0	1	1	0	0	0	0	0	0	1	0	0	0	0	1	1	1	1	0	0	1	1	2	0	0	0	0	1	0	0	0	0	0	0	0	0	0	0	0	0	0	0	0	0	2	0	1
0	2	0	0	0	1	0	0	0	0	0	0	0	0	0	0	0	0	1	0	0	0	1	1	0	0	0	0	1	0	0	1	0	1	0	1	8	10	7	6	0	3	0	5	18	33	21	13	2	0	1	1	0	0	0	1	0	0	1	0	2	0	0	0	0	1	0	0	1	0	0	0	0	0	2	2	1	0	0	0	0	0	0	0	0	0	0	0	0	0	1	0	0	0	0	0
1	2	0	0	4	1	0	0	1	0	0	0	2	4	2	1	0	0	2	0	0	2	0	1	0	0	1	1	1	2	0	4	2	27	3	14	83	82	24	61	3	21	2	15	83	237	146	73	2	1	0	4	1	0	1	1	1	0	2	3	0	0	3	4	0	3	2	7	1	1	5	7	3	2	2	14	3	2	6	3	0	2	3	2	0	0	4	1	0	1	4	3	0	1	1	3
2	0	0	0	3	2	1	6	1	0	0	0	0	1	4	6	0	1	3	1	1	1	1	2	0	0	0	0	2	2	2	4	2	55	6	11	145	225	57	182	2	52	1	36	257	581	315	197	3	2	2	10	1	2	2	6	0	0	5	6	4	3	2	6	1	0	5	1	4	4	5	7	2	1	5	21	5	8	4	4	0	1	1	2	1	0	1	0	1	0	2	0	1	2	0	2
0	0	0	0	0	0	0	0	0	0	0	0	0	0	1	1	0	0	0	0	0	0	0	0	0	0	0	1	0	0	0	0	1	2	0	0	3	4	2	2	0	4	0	2	3	10	5	2	0	0	0	0	0	0	0	0	0	0	0	0	0	0	0	0	0	0	0	0	0	0	0	0	0	0	0	0	1	0	0	0	0	0	1	0	0	0	0	0	1	0	0	0	0	0	0	0
2	1	0	1	2	2	0	0	0	0	1	0	3	3	0	0	0	2	1	4	1	1	0	2	0	1	1	0	2	1	0	2	0	14	3	4	74	83	22	47	3	23	5	14	113	266	111	63	3	0	1	5	0	0	0	8	0	1	0	1	3	5	1	12	1	0	1	2	2	3	2	6	1	1	2	28	3	5	6	4	3	1	7	1	0	3	4	6	0	0	8	1	0	4	4	7
1	0	0	0	6	0	0	1	0	0	0	0	0	0	0	0	0	0	1	0	1	0	0	0	0	1	0	0	1	0	0	0	0	9	2	2	21	25	9	24	0	5	2	4	29	73	24	15	0	0	0	0	1	0	0	2	1	0	1	0	0	0	0	0	0	1	1	1	2	2	0	1	0	0	0	3	2	1	0	1	0	0	0	0	1	0	0	0	0	0	0	1	1	0	1	0
1	0	0	0	3	0	0	0	0	0	0	0	0	0	0	0	0	0	0	0	0	0	0	1	0	0	0	0	0	2	0	0	1	6	2	1	13	24	6	11	0	9	2	4	13	37	20	14	0	0	0	1	0	0	0	0	0	0	2	0	1	1	1	0	1	0	0	1	0	2	1	0	0	0	0	0	0	0	0	1	0	0	1	0	0	1	1	1	0	1	0	0	1	0	1	1
0	2	0	0	2	2	1	1	1	1	0	2	2	8	1	1	0	1	0	2	3	1	1	1	0	1	1	0	0	2	1	3	2	28	5	11	119	122	42	97	2	31	1	26	160	401	159	107	1	2	3	5	2	3	0	2	2	2	3	1	0	2	1	2	2	4	4	5	3	3	7	4	2	1	1	23	5	1	3	4	0	0	1	0	0	0	1	2	0	1	4	1	0	1	0	2
2	1	1	1	2	5	0	3	0	2	0	0	2	2	0	5	2	1	1	2	0	5	5	1	0	2	0	3	2	5	1	6	0	55	3	20	171	234	54	210	2	42	0	31	303	735	341	231	2	2	3	8	1	3	0	7	0	2	1	3	3	1	2	18	3	5	2	2	1	5	3	15	2	0	2	8	6	12	6	6	1	0	3	1	0	5	2	2	1	3	5	2	1	5	7	12
0	1	0	0	0	0	1	0	0	0	0	0	0	1	1	1	0	0	1	1	0	1	2	1	0	0	0	0	1	0	0	0	1	14	2	5	30	32	6	23	0	11	1	7	53	94	41	33	1	0	1	2	1	1	0	2	0	1	2	1	0	1	0	0	0	1	1	0	0	0	0	3	0	0	1	11	0	2	2	0	0	0	0	0	0	1	0	1	0	0	1	0	0	0	1	1
1	1	0	0	0	0	2	1	0	0	0	2	2	5	0	2	0	1	0	0	0	0	2	1	0	4	0	0	1	3	2	0	1	18	2	4	72	76	27	61	1	13	2	11	68	145	78	56	1	0	1	3	0	1	1	1	0	0	1	1	0	1	2	3	0	0	1	2	3	2	1	5	0	0	0	11	1	0	2	3	0	2	1	0	0	1	1	0	1	0	2	0	0	0	1	1
0	0	0	0	2	3	1	0	3	0	0	0	0	3	3	4	0	1	0	1	0	1	2	0	0	1	0	0	0	1	0	1	0	13	5	1	63	77	19	47	1	24	5	10	70	206	104	52	2	2	2	1	0	1	0	1	0	0	1	0	0	1	1	0	1	1	0	1	2	0	0	2	0	0	1	4	2	0	3	0	0	0	1	0	0	0	1	2	0	1	2	0	1	0	1	0
1	0	0	0	1	0	1	0	0	0	0	0	0	1	0	0	1	1	0	0	0	1	1	0	0	0	0	0	0	1	0	2	0	8	4	2	11	18	3	25	1	5	2	1	25	40	20	12	0	0	1	1	0	0	0	0	0	0	0	0	0	0	1	0	0	1	0	1	0	2	1	0	1	0	0	3	0	0	0	1	1	0	1	0	0	0	0	0	0	0	0	0	0	0	0	0
0	0	0	0	1	1	1	0	2	0	0	0	0	0	0	1	0	0	0	0	1	0	3	0	0	0	0	0	0	1	3	0	3	7	0	3	18	25	16	31	0	10	3	7	26	65	42	30	3	1	0	1	0	0	0	1	0	0	1	0	0	1	0	1	3	0	2	1	1	0	1	4	1	0	0	1	4	3	2	3	0	0	1	1	1	0	0	0	0	0	1	0	0	0	0	1
1	0	0	0	4	1	4	1	0	1	0	0	1	2	0	0	0	1	1	1	1	0	2	1	0	2	1	0	0	1	0	4	0	9	3	1	16	36	11	24	2	8	2	2	22	71	42	34	0	0	1	0	1	0	0	0	1	0	1	0	0	1	1	0	3	0	3	1	0	1	2	1	0	2	1	1	1	3	1	3	0	0	1	1	0	0	0	2	0	0	0	1	0	1	1	1
1	3	0	3	5	3	4	7	1	1	1	0	3	6	1	7	0	2	0	1	0	1	2	2	1	1	2	2	1	6	3	4	3	128	3	36	310	436	131	521	2	120	3	158	750	1311	922	412	3	5	2	12	4	11	2	9	2	3	1	3	0	11	4	22	1	2	2	6	8	7	6	11	4	1	1	17	6	8	11	15	1	3	3	1	1	4	3	7	0	1	4	7	2	5	2	10
3	3	2	0	6	7	3	6	2	0	0	2	7	12	3	5	0	1	1	0	1	1	3	2	1	0	0	0	2	0	4	6	8	93	5	18	312	447	119	359	2	81	5	59	402	932	434	331	2	2	1	14	2	2	4	3	1	2	3	2	2	6	2	9	7	2	3	3	2	3	3	8	3	1	0	19	4	3	7	5	3	0	5	5	1	2	1	3	0	0	4	5	0	4	0	3
0	3	1	0	1	1	0	0	1	1	0	1	1	3	2	1	0	2	0	2	1	2	1	1	0	1	0	0	2	3	1	1	3	34	3	6	86	119	36	81	2	27	1	13	105	298	125	97	1	2	1	3	1	2	1	3	0	1	1	2	3	2	1	6	1	0	2	2	0	4	2	4	3	1	2	14	3	2	3	7	0	1	1	1	0	2	3	1	0	3	3	0	2	3	0	4
5	2	1	0	1	0	0	3	2	0	0	0	1	4	0	1	0	0	0	0	0	1	1	0	0	0	0	0	1	1	0	2	0	23	4	1	62	90	24	66	2	19	1	14	97	212	105	71	0	1	2	0	0	3	0	0	0	1	1	1	2	2	0	0	1	1	0	2	3	2	1	5	1	0	0	9	1	2	0	1	0	2	1	0	0	1	1	15	0	1	2	0	0	0	0	4
3	1	0	1	4	0	2	3	0	1	0	0	3	4	0	3	1	0	2	1	1	4	0	1	0	3	0	1	0	2	1	0	4	64	3	13	102	183	48	173	1	44	2	42	233	499	241	210	2	2	1	6	3	3	1	2	1	1	0	0	2	1	3	7	1	1	2	4	2	2	3	12	0	1	1	13	3	7	0	2	0	2	0	0	2	3	5	3	0	0	5	1	0	2	4	5
1	0	0	2	5	2	2	2	0	6	0	0	2	0	1	0	4	0	2	1	1	2	8	3	0	1	0	3	1	4	0	6	5	10	1	5	28	51	18	37	1	8	1	4	31	119	36	46	1	3	1	5	0	2	2	1	4	1	2	0	3	0	0	1	11	20	24	18	13	17	15	22	32	41	44	45	8	7	3	5	1	2	2	1	1	2	2	4	0	1	1	2	0	3	2	1
2	1	0	0	2	2	1	1	0	0	0	1	1	3	1	4	1	1	1	3	0	0	0	2	0	2	1	0	1	4	1	1	2	35	7	12	81	131	41	105	1	33	0	27	143	324	142	110	0	2	2	5	2	4	1	0	0	0	1	1	1	4	1	5	1	2	2	4	1	1	1	7	3	2	2	12	4	3	5	4	1	1	0	0	0	3	2	4	0	0	7	2	0	1	1	2
0	0	1	1	2	0	2	2	2	0	0	0	0	1	0	2	1	0	0	1	0	0	1	0	1	0	0	1	1	1	0	1	3	14	2	5	60	62	16	46	0	15	2	10	55	127	66	33	0	0	0	1	1	1	1	3	1	0	1	0	1	1	0	2	1	0	3	0	0	1	2	3	2	0	3	6	2	2	1	4	0	2	0	0	0	1	1	0	1	0	0	0	1	1	1	1
1	0	0	2	6	7	2	2	2	0	2	2	0	2	0	1	0	1	1	0	1	1	1	2	1	1	0	0	1	1	0	2	3	32	4	15	142	208	56	147	0	26	3	33	279	541	233	149	0	3	1	7	0	3	0	6	0	2	0	1	1	5	3	7	2	1	1	3	1	4	3	5	0	1	2	15	7	3	0	7	1	0	1	3	0	2	2	3	0	0	5	0	1	3	2	3
2	4	1	0	7	1	0	4	0	1	0	0	2	3	0	2	0	1	0	1	1	0	0	1	1	1	1	1	3	1	1	4	5	38	2	13	86	123	47	99	1	35	5	20	86	287	108	95	4	2	2	4	1	1	0	2	1	0	3	1	3	0	4	7	2	0	2	3	0	1	0	4	1	4	1	13	5	3	4	4	0	1	0	3	0	4	4	3	0	0	6	3	1	1	2	0
3	0	1	2	7	2	3	4	2	2	1	1	3	5	4	3	0	1	3	1	3	2	6	4	0	0	0	2	1	0	2	4	5	62	2	27	163	245	71	198	1	67	3	34	208	562	239	178	1	1	6	6	0	1	2	8	1	1	2	0	3	1	1	6	2	0	4	5	4	2	1	6	0	2	1	16	3	3	5	5	0	1	1	2	0	5	3	2	0	0	0	1	0	2	1	3
0	0	1	0	3	0	1	0	1	1	0	1	2	1	1	0	0	1	0	0	0	0	0	0	0	0	0	0	0	1	0	0	0	14	1	1	43	49	10	41	1	6	5	9	46	120	55	38	2	0	1	2	0	1	0	0	0	0	1	0	0	1	0	0	0	1	1	3	0	1	0	5	0	0	0	4	1	0	0	1	0	0	1	0	0	0	1	0	0	1	2	1	0	1	0	2
1	1	0	0	0	1	0	1	1	0	0	2	2	1	0	0	0	0	0	1	0	1	1	1	0	0	0	0	3	2	0	2	2	5	6	3	13	23	7	18	2	5	6	3	14	37	26	15	0	0	1	0	0	1	0	0	1	0	1	0	1	1	0	0	0	0	1	0	0	0	2	1	0	3	0	2	0	0	0	0	1	1	2	0	0	0	2	0	1	0	1	0	0	0	0	0
0	0	0	0	2	0	0	1	1	0	0	1	3	1	0	2	0	1	0	0	0	2	1	2	1	0	0	0	0	0	0	1	1	8	7	4	17	26	17	25	2	12	6	5	39	80	31	30	0	1	1	0	1	0	0	1	0	0	2	1	0	3	0	8	0	0	1	0	2	0	1	3	0	1	0	3	4	3	0	4	1	1	1	1	0	6	1	4	0	0	1	2	1	4	1	4
7	2	0	3	12	3	4	4	1	2	0	1	8	10	7	8	0	4	5	4	0	3	3	3	0	0	0	1	3	6	1	3	2	60	5	23	155	268	83	178	8	52	5	33	240	748	289	223	1	3	4	15	2	5	3	9	2	1	1	5	4	5	2	16	3	3	5	9	3	6	7	22	6	2	4	65	9	13	14	23	0	1	4	1	2	1	3	2	1	0	6	2	4	7	2	9
3	0	1	1	6	3	7	10	1	1	0	0	3	5	0	4	1	2	0	0	1	1	1	6	0	3	0	0	0	0	1	1	1	22	11	18	88	150	55	108	4	24	16	22	97	242	117	117	1	1	1	5	1	4	2	3	0	2	0	1	2	0	5	3	1	2	2	2	1	3	9	6	3	3	4	7	7	5	9	8	0	1	3	1	0	6	4	6	0	1	1	1	1	2	4	5
0	1	0	0	0	0	0	1	1	0	1	0	1	0	0	2	0	0	0	0	0	1	0	0	0	0	0	0	0	0	1	2	1	9	1	1	18	28	9	18	5	10	1	7	44	97	38	25	1	1	0	1	0	1	1	1	0	0	0	0	1	0	0	4	0	0	0	1	0	0	1	0	0	0	0	5	2	1	1	0	0	0	0	0	0	1	2	0	0	1	4	0	0	0	1	2
1	0	0	0	1	0	0	3	1	2	3	0	0	4	1	3	0	0	0	1	1	0	2	1	0	2	0	0	0	2	0	3	3	29	1	5	91	121	50	107	2	21	0	22	161	404	169	117	1	1	1	5	1	0	3	1	1	0	2	3	2	2	1	6	2	1	1	0	0	0	3	6	0	2	0	4	2	0	6	2	1	0	1	2	0	1	6	1	1	0	0	1	2	1	1	0
2	0	0	0	4	2	1	2	1	2	0	1	3	3	0	6	0	1	0	0	1	2	1	0	0	0	0	0	3	0	2	1	3	20	4	6	45	93	30	60	5	20	7	9	69	166	62	70	3	2	1	10	3	1	1	2	2	0	5	0	0	0	2	4	4	2	1	2	2	3	4	3	0	2	0	14	0	2	3	4	1	0	0	0	2	0	2	4	1	0	2	1	1	4	1	4
2	3	0	2	5	4	3	3	0	2	1	0	9	3	0	4	3	2	1	0	1	4	4	3	2	1	2	2	1	3	1	5	5	79	3	17	246	319	60	268	6	78	3	52	345	781	443	233	3	1	3	12	3	5	2	6	0	3	4	4	6	7	2	17	3	0	4	7	9	4	5	20	3	3	3	56	12	9	18	9	0	0	4	1	1	3	5	3	0	0	5	3	1	3	3	5
1	0	1	0	1	1	0	1	0	0	0	0	3	0	0	0	1	0	0	0	0	0	2	2	0	1	0	0	0	0	1	1	1	11	0	6	16	28	5	21	0	7	1	5	22	61	37	32	0	0	0	0	0	1	0	0	0	0	1	0	0	1	2	2	1	0	2	0	1	0	0	2	1	0	0	1	0	1	2	0	0	0	1	0	0	2	0	1	0	1	0	1	0	1	1	0
0	0	0	0	0	0	1	1	0	0	0	2	0	0	2	0	1	0	0	1	0	1	1	0	0	0	0	0	0	2	0	1	1	9	6	3	14	19	12	16	1	5	3	4	25	38	24	15	0	0	0	0	0	1	0	0	0	0	0	2	0	0	0	1	0	0	0	1	0	0	0	0	1	0	0	1	0	2	2	0	0	0	0	0	0	0	0	1	0	0	1	0	1	0	0	0
4	3	2	2	8	4	2	1	1	0	0	2	5	8	0	3	1	4	1	2	1	2	3	1	1	2	2	0	3	6	1	3	4	36	6	18	89	123	55	117	0	31	6	26	129	300	119	134	0	1	0	7	0	2	1	4	1	2	4	1	4	4	1	4	2	4	4	4	1	5	8	2	2	2	3	11	3	6	1	8	3	1	1	0	1	1	1	4	0	1	3	3	3	1	4	0
2	1	1	2	5	1	2	6	1	1	0	1	5	11	2	4	2	3	2	2	0	2	6	1	1	4	1	0	2	3	0	4	2	68	4	16	165	228	88	193	5	56	2	31	241	653	293	202	5	7	6	13	2	2	2	7	4	0	1	3	8	8	3	10	2	2	9	4	3	6	11	11	7	4	5	12	12	9	10	10	5	3	3	3	2	3	1	8	2	2	5	1	1	5	3	7
1	2	1	0	8	1	1	4	2	0	0	1	2	6	0	3	2	1	0	2	0	0	1	1	0	0	1	2	2	4	0	2	6	33	2	15	114	207	64	143	7	30	5	36	162	458	194	137	2	1	4	3	1	5	2	4	0	1	1	2	5	0	1	8	0	1	2	0	4	1	5	8	2	2	2	17	11	4	2	3	3	1	2	5	0	0	1	1	0	2	3	1	0	2	1	2
1	0	0	0	0	0	0	0	0	0	0	1	0	0	0	1	0	0	0	0	1	0	0	0	1	2	0	1	0	0	0	0	0	7	2	2	20	39	10	24	1	5	2	5	35	91	44	27	0	1	0	3	0	0	0	0	0	2	0	0	0	1	0	0	1	1	0	0	0	2	0	0	1	0	1	5	2	0	1	2	1	0	0	0	0	0	0	0	0	0	0	0	0	1	0	0
0	0	0	0	0	1	1	0	0	0	0	0	0	0	0	0	0	1	0	0	0	0	0	0	2	0	0	0	0	0	0	0	0	0	1	0	0	1	0	0	3	1	4	0	1	0	2	0	0	0	0	0	0	0	0	0	0	0	0	0	0	0	0	0	0	0	1	1	1	0	1	0	0	0	0	0	0	0	0	0	1	0	0	0	0	0	0	0	0	0	1	0	0	0	0	0
0	0	0	0	2	1	0	0	0	1	0	1	1	1	0	0	2	0	0	0	0	0	0	0	0	0	0	1	2	0	1	0	3	2	8	0	1	0	1	1	0	1	0	2	1	1	0	0	0	0	1	0	0	1	0	0	0	0	1	0	1	0	0	0	1	0	1	1	0	1	0	1	2	1	1	2	0	1	0	2	0	0	1	0	0	0	0	0	0	0	0	1	0	0	0	0
1	0	0	1	5	2	0	1	0	0	0	0	0	0	1	0	1	0	0	0	0	0	0	2	1	0	0	0	0	3	0	2	2	18	4	4	52	68	31	51	1	18	3	7	61	143	62	33	1	3	1	3	0	0	2	1	0	0	2	1	0	0	2	1	2	1	1	1	1	0	1	3	0	2	1	4	0	0	1	1	0	1	0	0	0	1	1	1	1	0	3	1	0	2	2	1
0	1	0	1	0	0	0	0	0	1	0	0	0	2	0	0	0	0	0	1	0	0	1	0	0	1	1	0	0	0	0	1	1	7	2	4	28	33	6	36	0	8	1	6	36	85	43	18	2	1	1	1	0	1	1	2	0	1	1	0	0	0	1	1	0	1	0	1	1	1	0	1	1	0	0	2	1	0	1	1	0	0	1	0	0	0	0	1	0	0	1	0	0	2	0	0
0	1	0	0	0	0	0	0	0	0	0	0	0	1	0	0	0	0	1	0	1	1	0	0	0	0	0	0	0	0	0	0	0	5	0	3	14	13	5	29	0	5	1	4	29	78	43	25	0	0	0	0	0	0	0	1	0	0	1	0	0	0	0	0	0	0	0	0	1	0	1	1	0	0	0	0	0	1	0	0	0	0	0	0	0	0	0	0	0	0	1	1	2	1	0	0
0	1	0	0	3	0	1	0	0	0	0	0	1	0	0	0	0	0	1	0	0	1	0	0	1	0	0	2	0	2	1	1	0	2	1	1	3	5	4	6	1	0	3	2	8	12	10	5	1	0	0	0	0	0	0	1	1	0	2	0	0	0	0	0	4	3	4	7	2	2	2	3	8	7	4	2	0	2	2	1	0	0	0	0	0	0	0	0	0	1	1	0	0	0	0	0
0	0	0	0	4	0	1	0	0	0	0	0	0	0	0	0	0	0	0	1	0	0	0	1	0	0	1	0	0	1	0	0	0	1	1	1	10	11	1	9	0	1	3	3	15	27	8	13	0	0	0	0	0	0	0	1	0	0	1	0	0	0	0	0	0	0	0	1	0	0	0	0	1	1	0	2	0	0	1	0	0	0	1	0	0	0	0	1	0	0	0	0	0	0	0	0
1	0	0	2	2	0	0	1	1	1	1	0	1	0	0	1	0	1	2	0	0	0	1	1	0	0	1	0	2	1	1	2	2	15	4	10	42	49	25	58	1	15	2	9	50	139	75	49	0	0	0	2	2	3	0	1	1	0	1	3	0	2	1	7	0	4	0	1	0	0	1	1	1	0	1	2	2	2	3	2	0	1	0	0	0	0	1	1	0	0	2	0	0	0	1	1
4	3	1	3	2	2	1	3	0	3	0	0	3	2	1	2	2	1	2	0	3	3	1	2	0	2	0	2	3	1	0	3	1	18	5	7	36	46	19	27	0	23	3	7	52	116	71	43	1	1	1	2	0	1	1	3	1	0	1	0	0	0	1	3	4	0	1	4	0	2	0	1	1	1	4	5	3	4	1	2	1	0	1	2	1	1	1	1	1	2	3	0	0	1	1	0
4	1	2	1	2	1	3	2	0	2	1	0	2	8	0	4	0	1	1	0	0	2	2	2	0	2	1	0	1	1	1	0	0	35	3	3	105	122	28	92	0	30	0	19	119	327	144	101	0	0	2	8	4	0	1	1	1	0	4	2	2	2	1	4	3	2	3	7	1	3	2	7	4	1	1	16	5	7	6	2	1	2	1	2	0	0	0	2	2	1	3	1	2	1	1	0
0	0	0	1	2	2	0	3	0	0	1	0	1	2	3	1	0	0	1	0	2	2	2	0	0	2	1	0	1	0	0	1	0	22	6	9	46	79	21	47	2	11	7	8	58	149	69	44	1	1	0	1	0	1	0	1	1	1	1	1	2	0	0	2	1	1	1	1	3	3	2	1	4	3	1	9	4	3	0	1	0	0	1	1	0	4	2	4	1	0	4	1	1	0	0	5
1	0	0	0	1	1	3	3	1	0	0	0	1	1	1	0	0	0	0	0	2	0	0	0	0	0	0	0	0	0	0	1	0	7	2	3	35	34	11	16	2	8	4	4	18	76	44	35	1	1	0	2	0	0	1	0	2	1	1	0	0	1	1	1	1	1	0	1	1	1	1	4	0	1	0	6	1	2	3	0	0	0	1	0	0	0	0	0	0	0	0	0	0	0	1	0
0	1	0	0	0	0	0	0	0	0	0	0	1	0	1	0	0	1	1	0	1	0	1	1	0	0	0	0	2	1	1	0	0	7	6	2	20	21	8	17	0	7	1	0	28	80	34	16	0	0	0	1	0	0	1	0	0	0	0	0	0	0	0	1	0	0	1	0	0	0	3	2	1	1	0	1	1	1	0	5	0	0	0	0	0	1	2	0	0	1	4	1	0	2	0	0
0	1	0	0	3	2	0	0	1	1	1	1	0	1	0	0	2	0	0	0	0	0	1	0	0	0	0	0	2	0	1	1	1	9	4	6	22	40	21	24	0	10	7	4	42	152	43	36	1	1	0	0	0	1	0	2	0	1	0	0	2	0	0	0	0	1	1	0	0	4	1	2	1	1	1	2	1	1	0	1	0	0	3	0	0	2	1	1	0	1	1	0	1	0	0	2
1	0	0	0	0	1	0	0	0	0	0	0	0	0	0	0	0	1	0	0	0	0	1	0	0	1	0	0	0	0	0	2	0	3	0	1	3	5	3	7	0	1	0	1	6	15	6	1	0	0	1	0	0	0	0	0	0	0	1	0	1	1	0	0	1	0	1	0	0	0	0	1	0	0	0	0	1	0	0	0	0	1	0	0	0	0	0	1	0	0	0	0	0	0	0	0
1	0	0	0	4	2	0	1	0	0	1	0	1	0	0	0	1	2	2	0	0	2	2	0	1	0	0	0	0	0	3	1	0	20	2	4	42	67	24	62	2	19	4	8	61	167	69	53	1	1	0	0	0	1	1	1	1	0	1	0	3	3	1	3	1	0	2	1	1	0	1	1	0	2	0	5	1	1	1	1	0	0	1	1	0	2	0	1	0	1	2	1	1	1	1	1
0	0	0	1	2	0	1	1	0	0	0	0	2	1	1	1	0	0	1	0	1	1	0	0	1	0	1	0	0	2	0	1	0	11	1	1	59	62	10	49	2	10	1	13	64	149	63	55	0	2	2	0	0	0	0	1	1	0	1	1	1	0	0	1	0	1	1	0	0	0	2	7	1	0	2	4	3	0	0	2	1	0	3	0	0	0	2	2	1	0	1	0	1	1	0	1
0	0	0	0	2	2	1	0	0	0	0	0	0	0	0	0	0	1	0	0	1	0	0	0	0	2	0	0	0	0	0	0	2	5	2	2	14	25	4	14	0	9	2	5	24	61	34	14	2	1	0	1	0	0	0	0	1	1	1	0	0	0	1	0	0	1	0	0	1	1	1	0	3	0	2	3	0	0	0	0	0	2	2	0	0	0	0	0	0	0	2	0	0	0	0	0
9	0	1	1	120	13	20	27	8	1	3	1	34	5	6	15	1	0	0	0	1	6	5	2	1	0	2	0	1	1	3	2	1	11	1	2	20	22	6	28	2	8	3	5	24	73	36	21	0	3	1	0	0	1	2	0	0	0	1	0	0	0	1	1	0	0	3	2	0	2	2	4	0	1	0	3	0	1	1	2	0	1	0	1	0	0	0	1	0	1	1	0	0	1	1	0
1	0	0	0	0	0	2	0	0	0	0	0	0	0	0	0	1	0	0	0	0	0	1	0	0	0	0	1	1	0	0	0	1	2	3	2	10	15	2	13	0	2	2	3	13	33	29	9	1	0	0	0	1	0	0	1	0	0	1	0	0	0	0	0	1	1	0	0	0	0	0	0	0	0	0	0	1	0	0	0	0	0	0	0	0	0	0	0	0	0	0	0	0	0	0	1
1	2	0	1	2	0	0	0	0	1	0	0	0	1	0	1	0	2	1	0	0	0	0	0	0	0	1	0	0	1	0	1	0	7	4	2	15	23	7	19	4	5	3	3	24	67	15	14	1	0	1	0	1	0	1	0	0	0	2	0	0	0	1	0	0	0	2	0	0	0	2	5	2	1	3	2	2	0	0	0	0	0	0	2	1	0	1	0	1	0	3	0	0	0	2	1
0	0	0	0	0	1	0	2	0	1	0	0	0	0	0	3	1	0	0	2	1	1	0	1	1	1	1	2	1	0	0	2	3	0	2	0	1	5	4	3	1	2	4	0	3	2	0	2	1	0	2	0	0	1	2	0	0	2	0	0	0	0	1	0	0	1	0	1	0	1	1	1	0	0	0	2	0	0	0	1	0	0	0	0	1	1	0	1	0	0	0	0	0	0	1	1
2	0	1	0	1	0	1	1	1	0	0	0	0	2	1	1	0	0	1	0	2	2	0	1	1	1	0	1	0	0	0	3	0	8	3	3	20	40	13	38	0	18	7	12	49	86	44	34	0	0	0	4	0	1	0	2	0	1	3	0	0	1	0	0	0	0	1	2	0	0	0	3	2	3	1	4	3	1	1	4	0	1	3	2	0	1	1	0	0	0	0	0	0	1	1	0
0	0	0	0	1	0	0	1	0	0	0	0	0	0	0	0	0	0	0	0	0	0	0	0	0	0	0	0	0	0	0	0	0	7	0	2	5	12	0	17	0	2	0	0	5	29	5	11	0	0	0	0	0	0	0	1	1	0	0	1	0	0	0	0	0	0	1	0	0	0	0	2	0	0	0	2	0	0	1	0	0	0	0	0	0	1	0	0	0	0	1	0	0	0	0	0
1	0	0	1	3	0	2	2	0	1	0	1	1	2	0	0	0	0	0	1	1	2	0	0	1	1	0	0	2	4	0	0	0	0	4	2	0	5	7	1	3	2	4	1	1	2	4	0	0	1	0	0	0	0	0	0	0	0	1	0	0	1	0	0	1	0	0	1	0	0	0	1	1	2	1	0	1	0	1	0	0	0	0	0	0	1	1	1	2	0	0	0	0	0	0	0
0	0	0	1	1	2	1	3	0	0	0	0	1	3	1	0	0	0	0	0	1	0	2	0	0	1	0	1	4	1	0	1	0	15	3	8	44	48	16	38	1	10	1	6	50	129	60	36	2	0	0	1	0	1	0	0	0	1	0	0	1	0	0	1	0	0	0	1	0	1	2	3	2	0	1	1	4	0	1	2	1	2	1	0	0	1	0	1	0	0	0	0	1	0	0	0
1	0	0	0	1	1	2	0	1	0	0	0	1	3	0	0	0	0	0	0	0	0	0	1	0	0	0	0	0	1	0	0	0	3	5	2	4	3	7	9	1	4	5	4	9	23	13	4	0	0	1	1	0	2	2	0	0	0	1	0	0	0	0	0	0	0	0	2	0	2	1	1	0	3	4	6	2	2	0	1	0	1	4	0	0	0	3	1	0	0	1	0	0	0	1	0
2	0	0	0	2	0	0	3	0	0	0	0	1	1	0	0	1	0	1	0	0	1	0	0	0	0	0	0	1	1	1	3	0	7	0	1	11	19	3	12	0	7	0	4	21	31	20	10	1	1	0	1	0	0	0	1	0	0	0	0	0	0	0	0	1	1	1	0	1	1	0	1	1	2	0	2	0	0	0	0	1	0	0	0	0	0	1	0	0	0	1	0	0	0	0	0
0	0	0	0	0	0	0	0	0	0	1	0	0	1	0	0	0	0	0	0	0	0	0	0	0	0	0	0	0	0	0	0	0	1	3	0	2	3	1	1	0	2	2	2	1	8	3	2	0	0	0	0	0	0	0	0	0	0	0	0	0	0	0	0	1	0	0	0	0	0	0	0	0	0	0	0	0	0	0	0	0	0	0	0	0	0	1	0	0	1	0	0	0	0	1	0
0	0	0	1	1	1	0	1	0	0	0	0	0	0	0	0	1	3	0	3	2	0	0	3	0	4	0	4	4	0	3	11	1	10	1	1	11	39	10	14	2	7	0	3	30	73	26	20	1	3	2	2	1	0	2	1	0	0	2	1	0	0	0	0	0	0	0	1	0	1	0	0	0	1	0	3	0	3	0	0	0	2	1	0	0	2	1	4	0	1	2	0	2	1	0	4
0	2	0	0	1	0	0	0	0	0	0	0	1	0	1	0	0	0	0	0	0	2	1	0	2	1	0	0	0	1	0	1	1	9	3	2	24	43	6	25	1	9	0	7	47	110	55	31	0	0	0	2	0	0	0	0	0	0	1	0	0	0	0	2	1	0	1	1	0	1	0	0	0	1	0	6	2	0	2	2	0	0	1	0	0	0	0	1	0	0	3	0	0	0	0	1
0	0	0	0	0	0	0	0	1	0	0	0	1	1	0	0	0	0	0	1	0	0	1	0	0	0	0	0	0	0	0	1	0	0	3	0	1	0	1	0	0	0	4	0	0	1	3	0	0	0	0	0	0	0	2	1	0	0	0	0	0	0	0	0	0	0	0	0	0	0	0	0	0	0	0	0	0	0	0	0	0	0	1	0	1	0	1	1	0	0	0	0	0	0	0	0
1	1	0	0	1	4	0	2	0	2	0	1	2	2	2	2	0	1	1	0	1	0	1	0	1	1	0	4	2	3	1	4	2	1	7	2	1	2	4	3	2	1	5	0	4	9	1	3	0	2	1	0	0	1	0	3	0	0	0	1	0	0	0	0	2	1	1	1	1	0	2	1	1	0	0	2	1	1	1	1	0	0	0	0	1	0	0	1	0	0	0	2	0	0	1	0
1	0	1	1	1	5	1	2	0	0	1	0	2	0	1	1	2	1	2	0	1	2	0	4	1	1	1	0	4	0	1	4	2	1	5	0	1	2	5	4	0	1	6	1	1	4	1	4	0	0	0	0	0	0	0	0	1	0	0	0	0	0	0	0	1	0	0	1	0	0	2	2	0	1	0	0	0	1	1	1	0	0	0	1	0	0	1	1	0	0	0	0	0	1	0	1
0	0	0	0	1	0	0	1	1	1	0	0	0	4	0	1	0	0	1	0	0	0	0	0	0	0	0	0	0	1	0	0	2	14	2	1	55	78	19	39	1	9	3	8	36	115	43	44	1	2	0	0	0	0	0	0	0	0	0	0	0	0	0	1	0	0	2	2	0	0	0	1	0	1	1	5	0	0	0	1	0	1	1	1	0	0	0	0	0	0	1	1	1	0	0	1
0	2	0	0	3	1	1	2	0	2	1	1	0	0	0	1	0	1	0	0	0	0	0	1	0	0	1	1	2	1	0	0	2	2	12	0	1	1	6	1	2	1	7	0	2	2	3	1	0	4	0	0	0	0	1	0	0	0	0	0	0	0	0	1	0	0	1	0	1	0	1	0	0	1	1	0	0	0	1	2	0	0	0	0	0	0	0	1	0	0	0	0	0	0	1	0
1	0	0	0	0	1	0	1	0	1	0	1	2	1	0	0	0	1	0	0	0	1	2	0	0	0	0	0	0	3	0	0	0	11	2	1	21	29	6	21	1	6	2	1	26	47	24	22	2	1	3	2	0	1	0	2	0	2	1	0	1	0	0	1	2	2	0	0	0	0	1	1	1	1	0	4	0	2	0	1	0	0	2	0	0	0	0	1	0	1	1	0	0	0	0	0
0	2	1	0	6	2	0	1	1	1	0	1	4	2	2	3	0	1	2	2	0	1	2	0	0	0	0	1	0	1	0	1	6	34	8	10	91	131	19	71	7	26	1	24	145	394	99	94	2	1	0	10	3	1	2	1	1	1	0	1	1	2	4	1	2	3	3	3	4	4	0	4	0	2	3	14	3	1	2	1	2	0	3	1	0	1	0	0	2	0	2	2	0	2	2	0
0	0	0	0	0	0	0	0	0	0	0	0	1	0	0	1	0	1	0	0	0	0	0	0	0	0	0	0	0	0	0	0	0	0	2	0	0	0	3	1	0	0	1	0	0	0	2	0	0	0	0	0	0	0	0	1	0	0	0	0	0	0	0	0	0	0	0	0	0	0	0	0	0	0	1	2	0	0	0	0	0	0	0	0	0	0	1	0	0	0	1	0	0	0	0	0
2	1	0	1	3	1	2	1	0	1	0	0	1	2	0	1	0	0	1	0	0	0	0	1	0	0	0	0	0	2	0	0	0	14	2	5	57	64	21	53	2	11	4	8	35	137	72	37	1	0	0	0	1	0	0	2	1	2	0	0	0	1	0	2	1	0	2	0	1	0	1	3	1	1	0	3	0	0	0	1	0	0	1	0	0	0	0	1	0	0	5	0	0	1	0	1
1	2	0	1	2	0	1	3	0	0	0	0	4	4	1	3	0	2	1	0	1	0	1	1	1	1	0	2	0	4	1	0	3	24	1	5	64	68	23	46	2	13	3	8	64	185	97	59	0	1	0	4	0	0	0	1	2	0	1	0	2	2	1	0	1	2	2	2	1	2	3	4	1	1	3	8	5	5	3	5	0	1	1	0	0	1	0	0	0	0	1	2	0	2	1	1
1	0	0	1	0	2	0	3	1	1	0	0	1	2	0	3	1	1	3	0	0	0	0	0	2	0	1	0	2	1	0	2	1	33	2	3	81	115	34	78	0	30	6	18	109	297	152	91	2	0	3	0	1	4	2	0	3	0	0	4	3	1	1	2	1	1	3	2	3	0	5	2	2	1	3	9	4	2	2	3	0	1	1	0	1	1	0	0	0	2	0	1	1	0	0	0
1	0	0	0	2	2	0	2	1	0	0	1	3	5	1	0	0	0	0	3	0	1	1	1	0	0	0	0	1	2	0	2	1	12	2	4	32	31	18	32	0	15	4	7	35	75	37	34	1	0	0	2	0	0	0	0	0	0	1	1	0	2	1	0	3	0	0	1	1	1	0	1	0	0	0	4	0	0	2	1	0	1	0	1	0	0	1	1	0	1	1	0	0	0	0	2
3	0	0	0	1	0	1	1	0	0	0	0	0	1	0	1	0	0	0	0	0	1	0	0	1	0	0	0	0	0	0	0	0	10	1	5	23	30	11	9	1	8	3	2	25	74	40	30	0	0	0	0	0	0	0	0	0	1	0	0	0	0	0	0	0	0	1	1	1	0	0	1	0	0	0	6	1	0	4	1	0	3	0	0	0	1	0	1	1	0	3	0	0	0	0	1
10	3	0	7	13	5	7	20	3	2	2	4	10	10	2	10	2	2	1	6	9	11	9	15	2	4	2	5	4	10	2	12	8	217	8	73	761	1199	307	1004	8	227	5	180	1058	2492	959	925	13	10	10	17	4	11	11	17	2	4	6	13	4	15	6	57	4	4	10	3	9	5	7	26	3	4	8	44	17	15	16	27	4	3	2	3	1	11	15	16	0	4	17	2	5	13	10	25
0	1	0	0	1	2	3	0	0	0	0	0	2	1	0	1	1	1	3	0	0	1	1	0	2	1	0	0	1	1	0	0	1	13	2	4	37	42	14	42	3	11	2	7	56	122	52	40	3	0	1	2	1	0	1	1	0	1	2	1	1	1	1	0	2	1	1	0	0	1	1	1	1	1	0	6	2	2	1	3	0	0	5	1	1	1	1	1	1	1	5	0	1	0	1	1
2	0	0	0	2	0	2	0	1	1	0	0	2	2	0	2	1	0	1	0	0	0	1	1	1	1	0	0	0	3	0	1	0	26	2	10	63	118	28	97	2	26	1	20	139	293	144	95	2	1	1	6	0	4	2	6	0	1	1	2	1	1	1	5	1	1	4	2	0	3	0	8	2	1	2	4	6	2	0	3	3	0	3	2	1	0	2	4	0	0	8	0	1	3	3	6
0	0	0	1	2	0	0	0	0	0	0	0	0	2	0	0	1	0	0	0	1	0	0	1	0	0	0	0	0	1	0	2	2	1	4	0	0	3	3	0	0	3	8	1	1	0	2	0	2	0	0	0	0	0	0	0	1	0	0	1	0	0	0	0	0	1	0	0	0	0	0	0	0	0	0	0	0	0	3	0	0	0	0	0	0	0	0	0	0	0	1	0	0	0	0	0
3	1	1	2	5	3	2	7	1	3	0	0	4	6	4	4	0	1	1	1	1	2	2	2	0	1	0	2	0	5	0	4	1	45	4	15	163	239	71	165	3	49	4	46	273	617	299	192	3	0	5	9	2	5	1	8	0	0	0	3	6	6	1	22	3	1	2	2	5	1	3	14	1	0	3	20	9	5	6	9	1	1	2	0	0	2	0	7	1	1	3	4	2	4	2	6
0	0	0	0	1	1	1	0	0	0	0	1	0	1	0	0	0	0	1	2	0	0	0	0	1	0	0	0	1	0	0	0	0	5	0	0	11	22	6	15	1	2	1	1	32	63	21	18	1	0	1	1	0	0	0	2	1	0	0	0	0	0	0	1	0	1	1	0	0	0	1	0	0	0	0	1	1	0	0	2	1	0	0	0	0	0	0	0	1	0	2	0	0	0	0	1
5	5	2	3	9	6	1	3	2	2	2	2	5	21	3	4	1	3	7	2	1	3	3	1	0	1	2	2	0	2	2	11	9	104	10	28	245	384	105	283	5	84	3	61	439	971	457	323	10	7	4	14	6	13	17	16	1	3	5	7	11	6	7	27	5	4	16	9	12	8	9	17	3	3	9	51	17	8	13	7	1	0	4	3	2	1	4	6	2	5	4	3	0	5	1	7
0	1	0	2	3	2	2	2	2	0	0	1	1	1	0	2	3	4	2	0	0	0	1	1	0	1	1	1	2	2	0	5	2	2	2	3	4	5	5	2	3	1	1	2	5	10	3	1	1	0	0	1	0	1	0	1	0	1	0	0	0	0	1	0	1	0	2	2	0	0	0	0	1	2	2	0	0	3	1	1	1	0	0	1	0	1	1	2	0	0	0	0	1	0	3	0
0	0	0	0	1	1	0	0	1	0	1	0	0	4	0	2	0	0	0	1	1	0	4	1	1	0	0	0	0	0	0	0	1	14	0	4	26	45	6	28	1	11	0	3	49	113	47	29	0	0	1	1	0	1	0	1	2	0	1	1	0	1	0	1	0	0	0	0	1	1	0	2	0	0	1	4	3	4	2	0	0	0	0	0	1	0	1	1	0	0	2	0	2	0	0	1
2	0	0	1	0	0	1	0	0	0	0	0	0	1	1	2	0	0	0	1	1	0	0	0	1	0	1	0	0	1	0	0	0	3	5	1	13	19	10	15	0	6	2	3	23	51	24	14	0	1	0	1	0	0	0	1	0	0	1	0	1	1	1	0	0	0	0	1	1	0	0	1	0	0	0	1	1	0	0	0	0	1	1	0	0	0	0	0	0	0	1	0	1	0	0	2
1	0	0	0	2	1	0	0	0	0	0	0	1	1	0	0	0	0	1	0	0	0	0	0	0	0	0	0	1	1	0	0	0	0	0	1	1	1	0	1	0	1	4	0	1	1	2	1	0	0	0	0	0	0	0	0	0	0	1	0	0	1	0	0	0	0	0	0	1	0	0	0	0	0	0	0	0	0	0	0	0	0	0	0	0	0	1	0	0	0	0	1	0	1	0	0
1	1	0	0	0	0	0	2	0	0	0	0	3	2	1	1	0	0	0	0	0	0	0	0	0	0	0	1	0	2	0	1	0	8	4	3	24	22	13	19	0	8	3	3	22	76	24	18	1	0	0	0	0	2	0	0	0	0	1	0	1	0	0	0	1	0	0	0	1	0	0	2	1	0	2	2	0	1	1	0	0	0	0	0	0	2	0	0	0	0	1	0	0	0	0	0
0	1	0	2	0	1	0	1	0	1	0	0	1	1	0	1	1	0	1	0	2	0	1	0	0	1	0	0	0	1	0	0	1	9	4	3	20	31	11	21	3	4	4	10	34	62	35	31	1	0	0	0	0	1	1	3	0	0	0	1	1	2	0	3	1	0	1	1	1	0	1	4	0	0	1	7	0	2	3	2	1	0	0	2	0	1	0	0	0	0	1	2	0	0	0	0
0	0	0	0	5	2	2	3	1	0	0	0	2	6	0	4	1	0	1	0	0	0	1	0	0	0	1	1	0	0	1	1	3	28	2	9	81	131	36	108	1	26	1	15	140	331	179	109	2	2	7	3	0	4	3	4	2	1	3	2	2	3	0	14	4	1	5	1	3	1	3	10	2	3	2	18	2	1	4	6	1	0	3	3	0	1	2	2	0	1	5	0	2	2	1	4
0	0	0	0	0	0	0	1	1	0	0	0	0	0	0	0	0	0	0	0	0	0	0	0	0	0	0	0	0	0	0	0	1	2	1	0	3	4	0	4	0	1	1	2	4	14	2	1	0	0	1	0	0	0	0	0	0	0	1	0	0	0	0	0	0	0	0	0	0	1	1	2	1	0	0	1	0	0	0	0	0	0	1	0	0	0	0	0	0	0	0	0	0	0	0	0
0	0	0	0	0	0	0	0	0	0	0	0	0	1	0	0	0	0	1	0	0	0	0	0	0	1	0	0	0	0	1	0	0	11	3	0	14	23	12	16	0	10	0	6	25	60	20	18	0	0	0	1	0	0	0	0	0	0	1	1	0	0	0	1	1	0	0	1	1	0	0	0	0	0	0	1	2	0	1	1	0	0	1	0	1	0	0	0	0	0	3	0	0	1	1	0
0	1	1	0	2	0	0	3	0	1	1	1	2	6	2	5	0	1	3	0	1	0	2	2	1	0	1	0	1	3	3	2	2	32	4	8	113	134	35	115	1	26	5	29	185	375	208	123	4	1	2	9	1	2	3	5	0	1	2	3	4	4	2	12	2	0	4	0	3	1	1	14	1	2	0	25	7	4	5	7	1	2	0	0	1	2	3	1	0	1	0	2	1	0	2	4
1	0	0	1	5	0	0	0	0	0	0	0	1	0	0	1	0	0	0	0	1	0	0	0	0	0	0	0	0	0	0	1	0	7	3	0	27	30	4	26	2	5	2	4	28	83	42	27	0	0	0	1	1	1	1	0	0	0	0	0	0	1	0	0	2	1	1	1	0	0	0	1	0	1	0	3	0	2	2	1	0	0	0	0	0	0	1	0	0	0	0	0	0	1	0	1
2	1	0	1	1	0	0	0	0	1	0	1	1	0	2	0	0	1	1	0	4	2	2	2	0	2	0	0	2	2	0	1	3	27	6	10	67	76	19	89	2	13	3	19	94	234	112	65	1	0	0	2	1	1	2	2	0	0	1	0	3	2	0	5	0	3	1	3	3	1	5	3	1	2	1	7	1	2	2	3	0	0	4	1	1	3	4	3	0	0	3	2	0	0	0	1
0	1	0	1	3	2	0	0	0	0	0	0	2	1	0	2	0	0	0	0	0	1	0	0	0	0	0	0	0	0	2	0	0	13	2	2	19	27	15	27	1	8	3	2	27	70	31	27	0	1	0	1	1	0	0	0	0	1	2	1	0	0	1	0	1	2	0	3	1	0	0	1	2	0	2	8	1	2	2	0	0	0	3	1	0	0	0	2	0	1	3	0	1	1	0	1
1	0	0	1	0	0	0	0	1	2	0	0	0	2	0	2	0	0	0	0	0	0	1	1	0	0	0	0	0	1	1	1	1	8	3	2	16	6	7	12	1	5	1	1	19	33	21	15	1	0	0	0	0	0	1	0	0	0	0	0	1	0	0	0	0	1	2	1	1	2	0	1	0	1	0	1	2	2	0	3	0	0	0	0	0	1	2	0	0	0	0	0	0	0	0	0
1	0	1	0	0	0	0	0	1	0	0	0	1	3	0	1	0	0	0	1	0	1	0	0	1	0	0	0	0	1	0	0	0	7	3	4	12	19	6	14	2	6	4	2	20	48	28	27	2	0	3	1	0	1	1	1	0	2	2	0	1	2	1	1	2	0	2	1	2	0	2	1	0	0	1	5	0	0	0	2	1	0	0	0	0	1	1	0	0	0	3	1	0	0	0	1
1	0	1	0	1	0	0	1	0	0	1	0	2	0	0	1	0	0	0	0	0	1	1	0	0	0	0	0	1	0	0	2	0	1	4	0	0	0	2	2	2	1	5	0	1	1	0	1	0	0	0	0	0	0	0	0	0	0	0	0	1	1	0	0	0	0	0	0	0	1	0	1	0	3	1	1	0	1	2	0	0	1	0	0	0	1	0	0	1	0	0	0	0	0	0	1
0	0	0	0	0	2	0	0	1	1	0	0	0	0	0	0	0	0	0	0	0	1	0	0	0	0	0	0	2	0	0	0	0	0	1	2	0	4	3	1	1	0	3	1	0	1	5	5	0	0	0	0	0	1	1	0	0	0	1	0	0	0	0	0	0	0	0	0	1	0	0	0	0	1	0	1	0	1	0	0	0	0	0	0	1	0	0	0	0	0	0	0	0	1	0	0
1	1	0	0	0	0	1	1	0	0	0	1	0	2	0	0	0	1	0	1	1	2	1	2	2	0	0	1	1	0	2	0	0	2	8	0	2	2	1	0	0	0	6	1	4	4	2	5	1	0	1	1	1	2	1	0	1	0	0	0	0	0	2	0	0	0	1	2	1	0	1	0	1	2	0	0	0	0	0	0	0	0	1	0	0	0	0	0	0	0	0	0	0	0	0	1
1	0	0	1	6	1	2	8	2	1	1	0	2	6	0	4	1	1	1	2	0	4	2	5	0	2	2	1	7	6	0	7	1	52	8	17	142	246	64	214	3	38	3	41	149	443	191	195	6	2	2	9	0	3	2	4	1	1	2	2	6	3	2	9	4	1	9	1	2	2	2	9	0	2	4	21	7	5	2	6	0	2	6	1	0	3	8	5	2	1	19	2	0	3	4	6
1	1	0	1	6	2	1	1	0	0	0	1	1	2	0	2	0	0	0	1	1	1	1	2	0	0	0	0	1	1	0	2	2	5	2	2	19	36	10	17	1	5	1	4	22	61	31	24	0	0	0	2	0	1	1	0	0	0	2	0	1	0	0	1	1	0	1	1	0	1	1	2	0	2	1	4	1	0	4	1	0	0	1	0	0	0	1	1	0	1	0	0	1	0	3	2
0	0	0	0	3	1	1	0	0	0	0	0	0	1	0	0	0	0	1	0	0	0	0	0	0	0	1	0	0	1	0	0	0	3	2	1	9	12	7	12	0	6	2	4	14	36	9	7	0	0	0	0	0	0	1	0	0	0	1	0	0	1	0	0	0	0	1	0	0	0	0	0	0	1	1	1	0	0	0	0	0	0	0	0	0	0	0	1	0	0	1	0	0	0	0	1
1	0	0	0	4	1	2	1	1	0	0	0	0	1	1	1	0	0	0	0	1	1	1	0	0	1	0	0	1	0	1	2	0	18	0	1	43	42	16	39	2	14	3	6	74	141	88	41	0	2	2	0	0	2	1	3	0	0	1	0	1	0	3	1	0	0	0	1	1	0	4	0	0	0	0	9	1	1	2	2	0	0	1	0	0	0	0	0	0	0	6	1	0	0	0	0
0	0	0	0	3	0	1	3	0	0	1	0	1	2	0	0	1	0	0	0	0	1	0	0	0	0	0	0	1	1	1	0	0	20	2	2	44	49	22	45	0	10	3	21	68	186	71	59	0	3	0	1	0	0	0	2	0	2	0	0	1	2	1	3	0	0	1	0	2	2	0	7	0	1	0	4	0	1	3	4	0	0	1	2	0	2	0	6	0	0	0	3	0	0	0	0
1	0	0	0	3	1	1	0	0	0	2	0	0	0	0	1	0	0	0	0	0	0	0	0	0	0	0	0	0	0	0	0	3	7	2	0	15	18	2	15	0	9	1	2	16	49	25	9	0	0	0	1	0	0	0	1	0	0	1	0	0	0	0	0	1	1	0	1	0	0	0	0	0	0	1	0	0	1	1	0	0	0	0	0	0	0	0	0	0	1	0	0	0	0	0	0
1	0	0	0	1	0	0	1	0	0	0	1	1	4	0	0	0	0	0	1	1	1	1	0	0	0	0	1	0	2	1	2	1	15	5	9	18	29	11	25	0	7	7	3	37	78	33	21	0	0	0	2	0	0	1	0	0	0	2	0	1	1	0	0	2	1	1	1	1	1	2	2	0	1	0	3	0	2	3	2	1	0	0	0	0	2	0	0	1	0	0	0	0	1	1	0
1	0	0	0	0	0	0	0	1	0	0	0	1	2	0	1	0	0	0	1	1	2	0	1	0	0	0	0	0	1	1	1	0	4	4	0	15	25	7	12	3	5	2	1	19	67	24	16	0	0	1	0	0	0	0	3	1	2	0	1	0	1	1	1	1	0	1	2	0	1	0	0	1	0	1	1	0	1	1	1	1	0	1	0	0	0	1	0	0	0	0	1	1	0	0	1
0	0	0	0	1	1	0	0	0	1	0	0	1	1	0	0	1	0	0	0	0	0	0	0	0	1	0	0	0	0	0	1	2	0	2	0	0	0	4	1	0	1	7	0	1	3	6	2	0	0	1	0	0	0	0	1	0	0	0	0	0	0	1	1	0	0	0	1	0	0	0	1	1	2	0	0	1	0	0	0	0	0	1	0	0	0	0	0	0	0	2	0	0	0	0	1
2	3	0	1	3	2	0	5	1	2	1	0	1	1	1	0	0	0	0	1	0	1	0	1	0	1	0	0	0	2	0	1	1	21	3	5	50	65	27	75	2	21	2	14	87	189	112	97	0	1	0	3	1	1	1	3	0	2	0	1	0	0	4	3	2	0	1	2	1	1	2	6	0	0	1	7	2	1	0	2	0	0	2	1	0	1	1	2	0	1	7	0	0	1	2	0
0	0	0	0	2	1	0	1	0	0	0	0	0	0	0	1	0	0	0	0	0	0	1	0	1	0	0	0	1	0	0	0	0	1	1	0	1	5	3	3	1	0	3	0	2	1	2	1	0	0	0	0	0	0	0	0	0	0	0	0	0	0	0	0	0	0	0	1	0	0	0	0	0	1	0	0	0	0	1	0	0	1	0	0	0	0	0	1	0	0	1	0	0	0	1	0
0	0	1	1	4	1	1	2	2	1	0	2	4	2	0	2	2	0	0	0	1	3	5	3	0	2	0	0	1	2	0	3	3	46	1	9	150	177	48	127	2	42	6	43	245	563	315	161	3	1	5	5	0	5	2	2	0	1	0	1	3	4	1	15	3	2	2	5	0	0	6	10	3	0	1	18	7	4	2	1	1	0	2	1	0	2	2	4	2	1	5	7	0	6	2	1
3	0	1	1	0	1	0	1	2	0	0	0	3	4	0	1	0	0	0	0	1	0	2	2	0	0	1	2	0	1	3	2	0	25	6	9	43	70	16	69	2	9	2	8	62	163	66	52	0	0	2	5	2	2	0	1	1	1	1	1	0	2	1	4	0	2	1	1	1	1	1	4	2	2	2	8	4	3	5	3	1	0	4	0	0	0	3	0	0	1	2	1	1	2	2	2
0	0	0	0	1	1	0	1	0	0	1	0	1	1	0	1	2	0	0	0	0	2	0	1	1	0	1	0	1	0	0	1	0	1	2	0	2	1	3	1	1	2	2	2	4	3	4	5	2	0	0	1	1	0	0	0	0	0	0	0	1	0	0	0	0	0	0	0	0	0	1	0	0	1	0	1	0	0	0	0	0	0	0	0	0	0	1	1	0	0	0	0	0	0	0	0
1	1	0	0	2	1	4	1	0	1	1	0	2	6	1	1	0	1	0	0	0	0	0	1	0	2	0	1	0	0	0	1	0	28	2	11	60	98	19	74	1	18	1	15	94	279	145	70	0	4	2	3	4	0	1	1	0	1	0	1	4	2	0	2	0	3	0	0	1	3	2	0	0	1	1	16	0	3	5	3	1	0	2	0	0	1	3	1	0	0	5	0	0	0	0	0
0	1	0	0	1	1	1	1	1	0	0	0	1	0	0	0	0	0	0	0	0	0	0	0	1	0	0	0	0	0	0	0	2	10	3	3	10	15	6	18	0	0	2	5	17	56	24	19	0	1	0	0	0	1	1	0	0	0	1	0	2	1	0	2	0	1	1	0	2	0	1	3	0	0	0	2	2	0	1	1	0	0	0	0	0	0	0	1	0	0	1	1	0	1	0	1
2	0	0	0	3	1	0	0	2	0	0	1	1	2	0	1	0	1	1	2	1	0	1	0	0	0	2	0	0	0	1	0	1	12	3	7	42	71	13	32	1	20	2	10	58	155	59	48	0	2	1	2	0	0	0	0	2	0	1	1	1	1	0	0	1	0	1	1	3	2	0	3	0	1	1	5	2	3	2	2	1	1	0	0	0	1	1	1	0	0	0	1	1	0	0	0
0	0	1	0	0	1	1	1	0	0	0	0	0	1	0	1	0	0	1	1	1	0	0	0	0	0	0	0	2	0	0	1	1	6	1	3	18	28	9	12	0	6	1	4	28	51	30	11	0	0	0	0	0	1	1	2	0	0	1	0	0	1	0	1	0	0	1	0	0	0	1	1	0	0	2	3	2	1	0	0	0	1	0	0	0	0	2	0	0	0	0	0	0	0	0	1
3	2	0	1	1	0	1	2	0	2	1	2	1	2	1	2	0	0	3	1	1	0	0	0	1	2	0	0	0	2	1	1	4	35	7	9	77	97	23	81	3	23	1	13	108	254	128	62	0	1	2	6	0	0	2	0	0	0	1	1	0	0	0	9	0	2	1	3	0	1	0	2	1	2	0	4	3	0	2	0	1	1	1	1	0	1	0	2	1	1	2	2	0	0	0	0
2	0	1	1	0	3	0	2	0	0	0	0	1	2	0	3	1	1	0	0	0	0	0	1	0	1	1	1	0	1	0	1	0	8	3	0	28	57	12	29	2	17	3	5	73	162	69	57	1	3	1	3	1	0	0	1	0	1	0	1	0	1	1	5	0	1	0	0	1	1	1	1	0	1	0	9	1	1	1	1	0	0	4	0	1	0	0	1	0	3	1	0	0	0	3	2
0	1	0	0	2	0	0	3	0	0	0	0	0	1	0	2	0	0	0	0	0	0	1	0	0	1	1	0	1	0	0	2	0	3	9	0	0	0	4	0	2	1	7	1	2	4	3	2	0	1	1	0	0	0	0	0	0	0	0	0	2	1	0	1	0	0	3	0	0	2	0	1	0	2	1	0	0	0	0	0	0	0	0	0	0	0	0	2	0	0	0	0	0	0	0	0
9	10	1	6	12	14	13	33	6	5	1	4	9	30	0	18	5	3	2	6	4	7	6	12	0	5	1	4	6	8	1	11	4	571	6	238	1833	3329	844	2877	3	654	4	664	3504	5693	4137	2331	10	15	11	15	2	26	3	29	5	8	7	6	7	13	4	39	3	4	6	9	10	8	12	58	2	1	0	29	17	16	9	17	4	8	6	2	1	13	9	15	3	5	6	8	3	7	5	12
1	0	3	1	3	0	0	3	1	1	0	1	5	9	1	1	1	3	0	1	1	2	2	4	0	1	0	0	2	3	3	1	3	16	4	13	64	91	31	86	3	20	4	17	85	191	104	82	1	1	2	6	1	2	2	3	0	1	0	0	2	3	0	3	0	0	1	1	1	1	2	3	2	1	1	9	2	5	2	1	0	1	2	0	1	1	0	2	0	0	3	1	0	5	0	1
0	0	0	0	1	1	0	0	0	2	0	2	0	1	1	2	0	0	1	0	0	0	0	0	0	0	0	0	0	1	1	1	0	11	0	5	33	44	14	29	0	10	2	8	52	95	56	42	0	1	0	2	1	1	0	3	0	0	2	0	0	1	0	7	0	0	1	2	1	1	0	4	0	0	0	5	1	0	2	2	1	1	0	0	0	0	1	0	0	0	0	1	1	0	1	4
1	1	0	0	2	1	0	0	0	0	1	0	2	3	0	1	0	1	0	0	0	0	2	0	0	1	0	0	0	0	0	1	1	3	1	0	15	19	5	17	0	7	3	4	21	56	23	19	0	0	0	1	1	0	0	0	0	0	1	1	0	1	0	0	0	0	0	1	1	3	0	4	0	1	0	1	1	2	2	2	0	1	0	1	0	0	0	1	0	0	0	0	0	0	0	0
0	0	0	0	0	2	0	1	0	0	0	0	0	0	0	0	0	0	1	1	0	0	0	0	0	0	0	0	0	0	0	1	0	8	2	0	14	24	10	13	0	8	1	3	28	70	25	13	0	1	0	0	0	1	0	0	0	0	3	0	0	0	0	0	0	0	0	0	1	0	0	0	0	1	0	4	0	0	1	0	0	0	0	1	0	0	0	0	0	0	0	0	0	1	0	0
1	0	0	0	2	1	0	0	0	0	0	0	0	0	1	1	0	0	0	0	0	0	0	1	0	0	0	0	0	0	0	0	1	4	0	3	3	11	4	6	0	3	1	0	8	24	6	5	0	0	2	0	0	0	0	0	1	0	1	1	0	0	0	0	2	0	0	0	0	0	0	0	0	1	0	2	0	0	0	0	0	0	0	0	0	0	0	0	0	0	1	0	0	0	0	0
4	0	0	0	4	2	0	2	0	0	0	0	1	5	1	0	1	1	0	2	0	1	0	0	0	0	0	0	1	2	1	1	3	21	1	2	58	81	27	66	2	17	5	7	70	147	88	55	2	2	1	2	1	0	2	0	0	2	1	1	2	0	0	3	0	0	0	2	0	0	2	2	0	1	1	7	3	3	3	3	0	1	2	0	0	0	4	1	0	1	2	0	2	1	2	1
0	1	0	0	2	0	1	3	1	0	0	1	2	1	0	0	0	0	0	0	0	0	0	1	0	0	1	0	0	0	1	0	1	5	1	3	39	32	6	17	1	7	2	5	29	70	31	25	0	1	0	1	0	0	0	1	0	0	1	0	1	2	0	0	0	0	2	0	1	0	0	2	0	1	0	3	0	3	1	1	1	0	0	1	1	2	0	0	1	1	0	0	2	1	0	1
2	2	1	0	2	1	0	0	1	0	1	0	3	2	0	0	0	0	1	0	0	0	2	1	0	0	0	0	0	1	1	0	1	16	3	8	36	49	16	26	1	9	1	11	44	116	57	35	1	1	1	2	1	1	0	1	0	0	1	1	1	2	0	2	0	0	0	0	1	3	1	4	1	2	2	8	3	0	4	1	1	0	0	0	0	0	2	0	1	0	1	0	1	0	1	2
0	6	0	4	9	2	4	6	2	1	0	1	5	5	2	7	0	2	4	3	0	4	5	2	1	0	0	1	4	2	2	2	6	82	3	27	273	339	91	300	3	88	12	66	507	1140	513	300	2	3	4	11	2	4	1	13	3	2	2	5	5	3	0	19	7	1	2	5	9	5	4	13	5	3	4	40	18	4	6	11	5	4	8	4	0	3	8	4	0	0	5	3	0	7	2	10
2	2	0	1	0	2	1	0	1	0	0	2	0	1	0	0	0	1	0	0	1	0	0	0	0	0	0	0	0	1	0	2	1	2	3	2	21	22	10	12	2	2	1	8	15	39	23	16	0	0	0	0	0	0	1	0	0	0	2	0	2	0	0	1	0	0	0	0	0	0	0	1	0	0	1	1	0	2	0	0	0	0	0	0	0	1	1	1	0	0	0	1	0	0	0	1
0	0	0	0	4	1	5	1	2	0	0	1	2	2	1	0	0	0	0	0	0	1	4	3	0	1	1	0	0	0	0	1	2	12	1	2	28	59	18	40	2	12	2	5	26	98	43	38	1	0	0	0	1	0	1	0	0	0	2	0	0	0	1	3	0	0	1	2	0	2	0	2	0	0	1	5	1	1	2	0	0	0	1	1	0	0	1	0	0	0	0	1	0	0	1	0
1	0	0	0	1	0	0	3	0	0	0	0	2	1	0	0	1	0	0	0	1	1	0	0	0	0	1	0	1	1	0	1	0	9	3	7	30	64	15	52	1	8	0	8	64	136	65	43	1	1	1	2	0	0	0	2	1	0	1	0	1	2	0	1	0	0	0	0	2	1	0	4	0	0	1	4	2	0	1	2	0	0	0	0	0	0	0	2	0	0	3	0	0	0	0	0
0	1	0	1	3	0	0	1	1	2	0	0	1	0	0	1	0	0	0	0	0	0	0	0	0	1	0	0	1	0	0	2	0	0	1	1	0	1	2	2	1	1	2	0	4	2	5	6	0	0	1	1	0	0	0	0	0	0	0	0	0	0	1	0	0	0	1	0	1	0	2	1	0	2	0	0	0	0	0	1	1	0	1	1	0	0	1	1	0	0	0	0	0	0	0	1
0	0	0	0	2	1	1	1	0	1	0	0	4	2	0	0	0	0	1	0	0	0	0	0	0	1	0	0	0	2	0	0	0	8	0	2	25	28	5	28	0	3	2	7	12	71	31	19	1	0	0	1	1	0	0	1	1	0	1	1	0	2	1	1	2	0	0	1	1	0	3	5	0	0	1	3	1	2	2	1	0	2	0	0	0	1	0	1	0	0	0	0	1	1	0	1
4	3	1	2	9	7	7	18	2	1	2	2	2	10	1	7	0	2	3	3	0	4	2	4	0	4	3	1	2	9	2	12	3	104	1	32	348	457	150	397	2	92	6	85	712	1364	688	421	2	4	3	17	2	14	3	12	1	0	1	7	6	10	11	33	3	1	3	4	5	7	8	22	3	0	2	23	10	9	8	22	1	1	2	2	2	7	2	5	2	1	2	2	2	9	4	10
1	0	0	0	2	1	0	1	0	1	0	0	1	1	0	1	1	0	0	0	0	1	0	1	0	0	0	0	1	2	0	2	4	11	3	5	24	42	20	44	1	9	6	5	45	111	52	59	0	1	1	1	1	0	0	0	0	1	0	2	1	4	2	1	0	2	0	2	1	4	1	3	0	0	0	3	0	1	2	2	1	0	1	1	1	1	1	3	0	0	1	0	0	0	0	0
1	1	0	0	4	0	0	0	1	0	0	0	1	4	0	0	0	0	2	0	1	0	0	2	1	0	1	0	1	1	1	0	0	14	1	1	27	41	14	20	2	12	4	8	54	115	43	28	0	1	0	2	1	0	3	0	1	1	1	0	1	0	1	1	0	0	2	0	2	2	0	2	0	1	2	7	3	2	2	1	0	0	1	0	0	0	0	0	1	0	2	1	0	0	0	0
1	3	0	0	2	3	2	2	1	1	0	0	1	1	0	3	1	0	0	0	0	2	1	0	0	2	1	0	0	1	1	0	5	26	2	5	67	94	18	83	0	22	1	14	90	248	98	81	1	1	1	1	0	0	1	4	1	1	3	1	1	2	2	1	3	1	3	3	2	0	0	5	2	0	2	7	10	0	2	4	0	0	0	0	0	0	0	2	0	0	3	2	2	1	2	4
0	1	0	0	1	0	2	2	0	0	0	0	2	1	0	0	0	0	1	1	1	0	0	0	0	0	2	0	0	0	0	1	3	14	3	3	27	45	17	30	1	6	3	13	31	95	39	31	1	0	0	1	1	1	2	1	0	0	1	0	1	1	0	0	2	2	0	1	0	1	0	0	0	0	1	3	1	3	0	1	1	0	1	2	0	0	0	1	0	0	0	3	0	0	1	2
0	2	1	4	4	3	1	2	0	0	1	0	6	4	0	3	0	1	0	1	3	2	2	2	1	1	0	3	1	3	1	4	0	63	3	10	162	203	66	195	5	45	1	49	310	658	303	200	4	0	0	10	0	4	3	5	1	0	1	5	1	7	5	9	2	2	4	3	1	2	5	7	0	0	2	8	0	2	3	6	0	2	1	0	1	1	0	2	1	1	5	1	0	1	1	5
0	1	0	0	0	2	1	1	0	0	0	0	0	4	0	1	0	0	0	0	1	1	1	1	0	0	0	1	1	0	0	2	2	2	5	2	3	1	1	0	0	1	0	1	0	6	3	0	0	1	0	0	0	0	2	0	0	0	0	0	0	0	0	0	1	0	1	0	1	1	2	0	1	0	0	0	0	0	1	1	0	0	0	0	0	0	0	0	0	0	0	0	0	0	1	0
1	0	1	0	3	1	0	1	0	2	0	0	0	3	1	2	0	0	0	2	0	0	0	1	0	0	1	0	1	0	1	1	1	8	3	7	26	44	13	45	0	6	4	6	37	104	54	50	1	1	0	2	0	1	1	1	0	0	2	0	1	1	1	4	0	2	1	1	0	0	2	0	0	0	1	5	3	0	1	0	0	0	0	0	0	0	0	0	0	0	0	0	0	1	0	0
0	0	0	0	1	2	1	4	0	1	0	1	0	4	0	2	1	1	1	0	0	0	2	0	0	0	0	0	0	0	0	4	1	9	2	8	72	83	24	77	3	24	2	19	89	252	111	76	3	2	0	1	1	0	0	0	1	0	1	1	2	2	0	2	1	3	4	0	0	3	3	6	0	3	3	8	2	1	1	4	0	0	1	0	0	1	1	1	0	2	3	0	0	0	0	0
0	1	0	0	0	0	1	2	0	1	0	0	0	2	0	0	1	0	1	0	1	1	1	1	0	0	0	0	0	2	1	1	0	13	3	3	30	49	19	31	0	4	1	6	26	110	33	29	2	1	2	1	0	0	1	1	0	0	1	0	0	2	1	1	0	1	0	1	0	0	2	2	0	0	0	1	2	0	2	0	0	1	1	0	0	0	0	0	0	0	0	0	0	0	0	0
0	0	1	0	3	1	0	2	0	0	0	1	2	1	0	1	0	0	0	0	0	0	3	0	0	1	0	1	0	0	0	0	0	6	1	2	22	17	15	28	0	5	4	7	32	53	26	30	0	2	0	2	0	1	0	1	0	0	2	0	3	1	0	4	0	0	1	1	0	2	1	2	1	1	0	2	1	2	2	1	0	1	1	0	0	0	1	1	0	0	0	0	0	0	0	0
0	1	0	1	3	1	2	1	1	0	0	0	2	1	0	2	0	0	0	1	1	0	0	0	0	0	0	0	1	1	0	1	2	15	3	3	28	55	12	40	1	13	1	8	63	139	50	35	3	2	0	1	0	1	0	1	0	0	2	0	1	0	0	0	1	0	2	1	2	1	0	2	0	2	0	3	2	1	1	1	1	1	1	0	0	0	1	3	0	0	0	1	0	0	1	1
1	0	2	0	0	1	1	2	2	0	0	1	0	1	1	1	0	2	0	0	0	0	0	0	1	1	0	1	1	0	0	0	2	0	5	0	0	1	1	0	3	1	6	0	3	2	3	0	0	0	0	0	0	0	1	1	0	2	0	1	0	0	0	0	2	0	2	0	1	1	1	3	1	2	1	2	0	1	1	0	0	0	0	0	0	1	0	4	0	1	0	0	0	0	2	1
1	4	2	1	7	1	1	3	1	3	0	1	6	13	3	8	0	3	4	2	2	0	7	1	1	0	1	2	1	1	5	5	6	61	4	25	173	297	86	188	2	64	12	42	256	705	297	206	7	2	1	17	0	4	1	2	4	0	4	3	6	4	3	9	3	3	8	6	10	10	9	19	3	1	2	28	16	4	5	8	1	3	1	3	1	1	7	4	1	0	3	3	1	1	1	2
1	0	0	1	2	0	0	1	0	0	0	0	2	1	0	0	1	0	0	0	1	0	1	2	0	1	0	0	0	0	0	1	3	1	3	1	1	3	3	2	1	3	3	1	4	2	1	2	0	1	0	0	0	1	2	1	0	0	0	0	0	0	0	0	0	1	2	3	1	2	1	1	0	0	1	0	2	0	0	1	0	0	1	1	0	0	1	0	0	0	1	0	0	1	1	0
0	0	0	0	3	0	1	2	0	2	0	0	1	0	0	0	0	0	1	1	0	0	0	0	0	0	0	1	0	0	1	5	0	14	1	4	24	32	4	19	3	5	3	4	33	84	53	25	0	0	0	0	0	1	0	0	0	0	0	0	1	0	0	3	0	0	0	0	2	1	0	0	0	0	0	6	0	0	1	3	0	1	0	0	0	0	1	2	0	0	1	1	0	0	0	0
3	0	1	0	3	0	2	1	1	2	0	0	1	1	0	0	0	0	0	0	0	2	0	1	0	0	0	1	0	0	0	0	0	4	2	5	12	16	7	10	0	4	0	1	28	34	18	12	0	0	0	0	0	2	1	1	0	0	1	0	0	0	1	2	0	0	0	1	0	0	1	0	1	0	0	2	3	0	0	1	0	1	0	1	0	0	0	0	1	0	0	0	0	0	0	1
0	0	0	0	0	0	1	0	0	0	0	0	1	1	0	0	0	0	1	0	0	0	2	0	0	0	0	0	0	0	1	0	0	9	3	4	12	21	12	16	0	4	2	4	19	58	20	19	2	1	0	1	0	0	1	1	0	0	0	0	0	0	0	2	1	1	0	1	2	1	2	4	0	0	0	3	0	0	1	0	0	0	1	2	0	2	0	0	0	0	0	0	0	2	0	1
0	0	0	0	0	1	0	1	0	0	0	1	0	1	0	0	0	0	0	0	0	0	1	0	0	0	0	0	0	1	0	0	2	4	3	0	6	20	3	8	0	6	1	4	9	30	21	14	0	0	0	1	0	0	0	1	0	0	1	0	0	0	0	1	0	0	0	0	0	1	2	1	1	2	0	1	1	1	0	0	0	0	0	0	0	0	0	1	0	0	0	0	0	0	0	0
0	3	0	0	2	0	2	1	0	0	0	0	0	1	0	2	0	0	0	0	0	2	0	0	0	0	0	0	0	1	0	0	0	5	2	0	5	9	9	6	0	0	3	1	8	11	3	4	0	0	0	1	0	0	0	1	0	0	1	0	0	0	0	2	0	0	1	0	0	0	2	0	1	1	1	0	0	0	0	2	0	0	1	0	0	0	0	0	0	0	1	0	0	0	0	0
4	1	1	2	7	1	0	0	1	3	1	0	5	5	2	5	1	2	3	1	1	1	1	3	1	1	1	1	7	5	0	4	1	42	4	9	128	179	50	134	0	52	9	29	224	590	211	139	4	3	5	4	1	4	1	2	2	0	6	2	1	2	2	4	3	0	2	2	2	0	2	5	2	1	4	18	12	5	2	1	0	2	1	0	0	1	3	0	2	1	6	3	4	2	1	0
0	0	0	0	5	0	2	5	0	1	0	0	3	1	0	0	0	0	1	0	0	0	0	0	1	0	0	0	0	1	1	1	1	9	1	0	18	36	7	29	0	3	2	6	21	87	48	44	0	0	0	2	0	0	1	1	0	0	2	0	0	0	0	0	1	1	0	0	0	0	1	0	0	0	0	3	1	0	0	0	1	1	1	1	0	0	0	0	1	1	1	0	0	0	0	0
5	0	0	0	0	4	1	4	1	1	1	0	0	5	2	2	1	2	4	0	1	0	3	1	1	4	0	2	2	5	1	2	3	40	11	6	79	147	38	63	5	46	7	18	139	390	161	82	3	2	2	2	0	6	1	3	0	1	1	0	4	1	1	9	0	3	5	7	3	3	1	6	3	2	2	27	6	4	10	3	0	1	2	0	0	2	2	1	1	1	2	0	0	2	1	0
0	0	0	0	4	0	1	1	1	0	0	2	3	3	0	4	1	0	1	0	0	1	3	2	0	1	1	0	0	0	0	0	1	24	3	7	106	182	48	113	4	31	7	17	168	441	200	109	1	0	1	2	0	1	3	5	0	0	0	1	1	2	1	2	2	1	5	3	0	3	1	3	0	2	1	15	6	2	1	1	1	0	1	0	1	0	0	3	1	0	5	2	0	1	0	3
1	1	0	1	6	1	3	5	3	0	0	1	3	4	1	4	1	0	1	1	0	0	1	1	0	2	0	2	3	4	0	4	2	45	6	17	148	187	64	147	4	41	8	38	197	450	240	141	1	2	0	9	2	0	6	9	2	3	2	4	4	7	2	18	4	1	6	4	6	4	2	14	0	2	3	37	11	7	8	6	1	3	8	3	0	3	3	5	2	1	9	2	7	3	1	12
0	0	0	0	0	0	0	0	0	0	0	0	0	0	0	0	0	0	0	0	0	0	0	0	0	0	0	0	0	1	1	0	0	1	4	0	0	0	0	1	1	1	1	0	0	3	0	0	0	0	0	0	0	0	0	0	0	0	0	0	0	0	0	0	0	0	0	1	0	0	0	0	0	0	0	0	0	0	0	0	0	0	0	0	0	0	1	1	0	0	1	0	0	0	1	0
1	2	1	0	3	2	3	1	1	0	1	1	4	4	0	2	1	2	0	0	0	0	1	2	1	0	0	2	0	2	1	2	1	19	2	9	56	109	24	79	2	25	1	13	79	230	102	76	1	1	1	3	0	1	4	4	1	0	1	0	2	4	3	6	0	1	2	1	2	1	3	4	2	1	0	8	3	2	5	4	1	0	0	3	0	1	1	3	0	2	1	1	1	2	2	2
1	4	1	0	2	0	1	2	1	0	1	1	2	4	0	2	0	0	0	0	0	0	0	1	0	0	0	0	1	2	0	2	1	23	2	12	65	101	27	78	1	18	5	16	114	228	122	82	2	1	1	3	0	2	1	1	2	0	0	0	0	2	2	5	1	1	3	1	3	0	2	3	1	0	0	4	3	1	1	1	0	0	3	0	1	1	3	4	0	0	1	1	0	0	2	0
1	1	0	0	2	1	1	3	1	0	0	0	2	1	1	1	2	1	2	0	0	2	3	1	1	1	0	1	1	1	0	2	2	29	8	10	94	119	21	89	2	27	6	19	111	283	114	83	2	2	1	4	0	1	2	2	1	0	2	1	3	3	2	3	1	0	4	4	1	1	3	3	0	1	2	16	4	2	3	2	2	0	3	1	0	1	2	3	0	1	8	1	0	1	2	2
2	0	0	0	1	1	0	4	0	0	0	0	0	2	2	1	0	0	0	0	0	0	0	2	0	0	0	0	1	1	0	1	0	0	5	2	2	1	2	2	0	0	7	1	0	0	2	1	1	0	0	0	0	0	1	2	0	0	0	0	0	1	0	0	1	0	2	2	0	3	1	0	2	0	0	2	0	1	0	0	0	0	1	0	0	0	0	0	0	0	0	0	0	1	0	0
3	2	0	2	9	2	3	6	0	1	1	4	2	7	1	3	2	1	0	1	0	0	2	1	2	1	0	0	2	3	1	2	3	48	27	14	112	185	80	141	2	53	33	30	193	460	209	149	5	1	2	4	1	4	2	2	2	3	1	2	4	1	0	5	1	1	2	4	1	3	4	5	7	4	5	18	8	7	6	3	0	0	2	2	1	3	2	0	2	0	1	1	0	1	2	3
1	0	0	3	5	0	2	5	1	1	0	0	2	4	2	3	0	1	2	1	1	0	1	0	0	1	0	0	4	2	1	4	3	25	7	11	98	138	28	102	2	31	6	31	171	361	197	120	0	1	1	5	1	5	2	2	0	0	0	3	3	2	1	11	1	1	0	5	1	3	2	9	2	1	2	16	2	2	10	5	1	1	6	0	0	0	4	2	0	0	3	1	0	1	1	3
7	5	2	6	1	6	2	5	7	5	0	10	11	11	0	8	1	0	0	2	0	1	0	3	3	2	3	0	2	1	1	2	9	51	6	22	119	187	61	155	5	47	4	27	112	373	116	163	7	5	9	5	2	3	7	1	1	3	4	2	4	5	5	10	3	2	4	6	4	10	4	16	3	0	2	14	4	2	3	5	1	0	7	2	1	3	6	5	2	0	3	3	1	0	3	2
0	0	0	1	1	0	0	2	1	1	0	2	1	3	1	1	0	0	1	1	0	1	1	2	0	0	1	0	1	2	0	0	3	27	2	5	73	96	36	54	0	17	5	7	114	273	107	87	0	1	2	9	0	1	0	0	2	0	1	1	0	2	1	3	0	2	1	0	0	3	0	3	1	2	1	9	2	1	1	1	0	1	3	0	0	1	0	2	0	1	1	2	1	3	0	1
1	0	1	4	3	2	1	1	2	1	0	0	4	3	0	2	1	0	0	2	1	1	0	1	0	1	2	1	1	0	1	4	2	41	4	9	74	122	35	74	2	38	2	19	133	350	172	67	0	3	1	4	1	3	0	0	2	1	2	1	2	1	1	2	5	1	0	5	2	3	2	1	2	1	0	10	6	4	3	3	3	1	0	1	0	2	1	2	1	0	3	2	0	2	1	0
0	3	0	4	11	4	1	3	0	1	2	1	5	6	2	3	0	3	3	1	2	2	0	1	0	3	2	0	3	3	2	3	8	59	4	17	159	223	59	169	1	60	8	38	252	563	278	174	7	3	3	10	3	1	5	4	3	2	3	2	1	3	5	11	5	3	4	6	3	8	4	11	3	3	3	21	11	6	9	5	0	0	3	0	1	1	2	2	3	0	3	1	2	4	2	4
2	10	1	5	14	13	11	31	2	1	1	2	19	33	3	17	3	3	1	3	2	5	7	2	2	3	0	3	2	10	11	9	5	168	13	49	471	670	187	554	9	142	7	117	813	1808	830	590	11	15	5	32	7	11	12	26	3	5	6	5	11	17	7	61	12	6	13	12	6	7	6	36	6	5	3	40	25	26	13	32	3	7	9	6	1	8	7	15	7	2	2	4	4	8	6	22
0	0	0	1	5	1	1	3	1	1	0	0	2	1	2	1	0	0	2	1	1	1	3	0	2	1	0	0	0	2	1	0	0	28	4	9	70	82	30	53	0	24	4	15	109	263	118	87	1	0	0	5	0	0	1	0	0	0	0	0	1	0	0	4	0	0	0	0	0	3	1	4	2	1	1	3	0	0	2	1	0	1	3	1	0	0	1	1	0	1	2	0	0	3	0	2
1	0	0	0	3	0	0	6	0	1	1	2	1	2	0	1	2	1	0	2	1	0	1	4	0	1	0	1	0	0	1	0	1	19	0	5	53	65	24	37	1	21	3	12	79	170	91	49	1	0	1	4	0	0	0	1	1	0	1	0	1	1	0	5	0	0	0	0	1	1	0	3	0	0	0	9	2	3	4	1	0	0	0	0	0	0	0	1	1	0	0	1	2	0	0	0
0	3	0	0	7	1	1	0	0	2	0	1	1	2	0	1	1	0	0	1	2	0	0	0	0	1	0	0	0	0	0	1	0	7	4	4	14	22	8	19	3	5	5	1	25	69	19	29	0	0	0	1	0	0	0	0	0	0	0	0	0	0	0	0	0	0	1	0	2	1	1	0	1	0	0	1	0	0	0	1	0	0	0	0	0	1	0	0	0	0	2	0	0	0	0	1
0	0	0	0	5	3	1	3	2	0	0	0	1	1	2	0	0	1	0	1	0	0	0	0	0	1	1	0	0	0	0	2	0	14	4	2	31	35	13	26	1	10	1	5	43	99	68	31	0	1	2	2	2	1	5	1	0	0	2	0	1	0	0	2	0	1	0	3	2	3	2	3	0	0	2	8	1	1	1	1	0	0	1	0	0	1	2	0	1	0	0	0	0	1	0	1
0	2	1	1	1	1	2	1	0	2	0	0	5	7	0	5	0	2	0	0	1	0	2	1	0	1	1	1	0	3	1	1	3	19	3	7	77	99	32	88	1	23	3	17	103	279	122	78	2	2	0	4	1	2	3	4	1	0	1	1	1	4	2	5	1	1	1	3	2	2	2	9	0	1	3	21	2	5	3	4	3	0	1	3	0	0	3	1	0	0	2	1	0	2	0	5
1	1	1	1	2	1	2	1	0	0	0	0	4	6	2	1	2	1	0	3	0	2	0	2	0	2	1	0	2	3	3	8	2	37	4	7	108	145	54	123	0	45	8	32	179	398	210	140	0	0	0	3	0	0	2	1	0	0	1	0	1	2	0	5	1	1	1	4	2	1	0	5	2	0	1	8	1	1	5	1	0	1	2	1	1	2	1	1	0	1	4	3	1	0	2	0
1	2	0	0	1	2	0	1	0	0	0	0	0	0	0	1	0	0	0	0	0	0	0	0	0	0	1	0	0	0	0	1	1	4	2	1	35	32	7	29	0	4	2	7	27	79	40	27	0	1	1	2	1	1	0	0	1	0	2	0	2	0	0	1	3	0	2	0	3	0	0	0	2	0	1	4	2	1	0	2	1	0	0	0	0	0	1	0	0	0	1	0	0	0	0	2
0	0	0	0	0	1	0	0	0	0	1	1	0	2	0	1	0	0	1	3	1	0	0	2	1	0	0	0	0	0	0	1	0	0	2	1	3	5	0	4	0	1	3	0	4	15	7	2	0	1	1	0	0	1	0	1	1	1	0	1	1	1	1	1	0	0	1	2	0	1	2	0	0	3	5	1	0	1	1	1	1	0	1	0	0	0	3	1	0	0	4	0	0	2	4	1
1	2	0	0	1	1	0	0	0	1	1	0	0	0	0	1	0	0	0	0	1	0	0	0	0	0	1	0	0	0	0	0	1	8	2	4	15	20	9	25	1	4	1	2	22	47	23	11	0	0	0	0	0	1	0	0	1	0	0	0	1	0	0	1	0	0	0	1	0	0	0	1	1	0	2	2	0	1	1	0	0	1	2	0	0	0	1	0	0	0	0	2	0	0	0	0
0	0	0	0	1	0	0	1	0	1	0	1	1	2	0	0	0	0	1	0	0	0	1	0	0	0	0	0	0	2	2	2	0	12	2	1	41	36	13	38	0	9	3	7	39	136	64	29	0	1	3	1	0	3	2	0	0	0	1	2	1	1	4	2	0	2	1	0	0	0	0	1	1	0	1	7	1	1	3	0	1	0	4	0	0	0	1	0	0	0	1	1	0	0	0	2
1	0	0	0	8	0	3	2	1	0	0	1	0	1	1	0	0	0	0	0	2	0	2	1	0	2	0	0	0	1	2	1	1	3	1	2	16	19	13	13	1	9	4	6	18	41	21	14	0	0	0	0	0	0	0	1	0	0	1	0	0	1	0	0	0	0	1	1	0	0	0	2	1	0	0	1	2	3	2	2	1	1	0	1	0	0	0	1	0	1	1	0	2	1	0	2
0	1	1	0	1	1	0	1	0	0	0	0	0	1	0	1	2	0	0	0	0	0	0	0	0	0	0	0	0	0	0	0	0	0	0	0	0	0	2	0	1	0	3	1	3	4	5	0	1	0	0	0	0	0	2	0	0	1	1	0	0	0	0	1	0	0	0	0	0	0	0	1	0	1	0	0	0	0	0	0	0	0	0	0	0	0	0	0	0	0	0	0	0	0	0	0
0	0	0	0	4	0	0	1	0	0	0	1	1	3	1	2	1	2	1	1	0	2	0	2	0	2	0	0	0	1	1	5	0	16	0	10	30	54	16	39	0	16	0	7	51	150	64	50	0	0	0	2	0	2	0	0	0	0	2	1	0	2	0	2	1	1	0	2	1	0	0	1	0	2	0	3	5	2	1	1	0	0	3	0	1	0	0	1	0	0	3	0	0	1	1	2
1	1	1	1	2	0	1	1	2	2	0	0	1	2	0	1	2	1	0	0	0	0	1	0	0	0	0	0	0	0	0	5	0	28	2	13	50	81	16	56	0	16	2	16	123	214	83	50	1	0	1	1	0	0	0	2	0	0	2	0	1	0	1	5	0	1	1	1	3	0	0	3	0	1	0	4	1	1	1	2	0	1	2	1	0	1	0	0	0	0	1	2	0	0	0	2
1	2	0	1	2	1	1	1	0	0	0	1	1	4	1	1	1	1	0	1	0	0	1	3	1	0	0	0	0	0	0	0	2	9	4	3	22	23	7	28	1	11	1	3	31	80	36	17	2	0	0	0	0	0	1	2	0	0	0	0	1	2	0	1	0	0	1	1	1	2	2	4	1	0	0	3	1	1	2	1	0	0	2	1	0	0	1	1	0	0	0	0	0	1	0	1
0	0	0	0	1	0	0	0	1	0	0	0	1	2	0	0	0	0	0	0	0	0	0	0	0	0	0	0	0	0	0	0	0	2	2	1	2	10	4	6	0	0	1	2	6	28	8	7	0	0	0	0	0	1	1	0	0	0	0	0	0	0	0	0	0	0	1	0	0	0	0	1	0	0	0	0	0	1	0	1	0	0	0	1	0	0	0	1	0	0	0	0	0	0	1	0
3	3	0	0	3	2	2	6	1	0	1	1	2	10	1	3	2	2	3	3	1	0	3	5	1	0	2	2	0	3	1	3	2	51	4	21	124	199	46	152	2	43	1	31	169	487	197	158	1	0	1	10	2	4	3	6	1	3	1	1	2	8	4	17	1	2	4	2	1	2	2	1	3	3	1	11	5	2	2	8	2	1	4	2	0	2	3	4	0	3	6	2	1	2	3	9
0	0	1	0	0	1	0	1	1	0	0	0	1	1	0	1	1	1	0	0	0	0	0	0	0	0	0	1	1	1	1	1	0	10	2	5	35	52	8	35	0	11	2	12	68	129	74	37	0	0	1	1	0	0	0	1	0	0	0	3	0	0	0	2	3	0	0	1	0	1	1	3	0	2	0	3	1	2	1	1	1	1	1	0	0	0	3	1	0	0	2	2	0	0	1	1
0	1	0	1	2	0	0	0	0	0	0	0	1	1	1	0	3	0	0	0	0	0	0	0	0	0	0	0	0	0	0	0	0	7	5	1	18	24	4	22	1	6	3	7	26	61	41	28	0	0	0	1	0	2	0	0	0	0	1	0	0	0	1	0	0	1	1	1	2	1	0	3	1	0	1	6	1	2	0	1	0	0	0	0	0	0	0	3	0	0	0	0	0	0	0	0
0	0	0	0	0	0	0	0	0	0	0	0	0	1	0	0	0	0	0	1	0	1	0	0	0	0	0	0	0	0	0	1	0	0	1	0	1	1	1	0	1	1	1	0	2	1	0	2	0	1	0	0	0	0	0	0	0	0	0	0	0	0	0	0	1	0	0	0	1	0	0	0	0	0	0	0	0	0	0	0	0	0	0	0	0	0	0	0	0	0	0	0	0	0	0	0
0	0	0	0	2	2	1	0	1	0	0	0	0	1	0	0	0	3	0	0	0	0	0	0	0	1	0	0	0	1	1	3	1	0	3	0	3	0	2	3	1	4	4	1	5	1	1	1	0	0	0	1	0	0	1	0	0	0	0	0	0	0	0	0	0	0	0	0	0	0	0	0	0	0	0	1	0	1	1	0	0	0	0	0	0	0	0	0	0	0	1	0	0	0	0	0
1	0	0	0	4	2	2	2	1	0	0	0	0	0	0	0	1	0	0	1	1	0	0	1	0	0	0	0	1	0	0	0	1	3	3	3	5	10	2	6	0	3	2	0	15	20	18	8	0	0	0	1	0	0	0	0	0	0	1	0	0	0	0	0	0	1	1	0	0	0	0	1	0	0	0	2	2	0	0	1	0	0	0	0	0	0	0	0	0	0	0	0	0	1	0	0
1	0	1	0	2	2	0	1	0	0	0	1	0	0	0	0	0	0	0	0	0	1	0	0	0	0	0	0	0	1	0	0	0	2	5	0	5	13	5	12	0	5	3	1	14	37	18	7	0	0	0	1	0	0	0	0	0	0	1	0	1	0	1	1	0	0	0	0	1	1	0	0	0	0	0	1	0	2	0	0	1	0	1	0	0	0	0	0	0	1	0	0	0	0	0	0
1	0	0	0	2	0	1	2	0	0	0	0	0	3	0	1	1	1	1	1	0	0	1	0	0	0	0	0	0	0	1	4	0	5	3	1	11	14	6	14	1	3	2	4	19	39	22	17	0	1	0	2	0	1	1	0	0	4	1	0	0	0	0	0	1	0	0	1	0	1	0	1	2	1	0	1	0	0	1	1	0	0	0	1	0	0	0	1	0	0	0	1	0	1	0	0
1	0	0	1	1	0	0	0	0	0	0	0	1	0	0	0	0	0	1	0	0	0	0	0	0	1	0	0	0	0	0	0	1	8	0	3	12	22	6	16	1	3	0	3	31	62	21	22	0	1	1	0	0	0	0	0	0	1	0	0	1	0	0	0	0	1	1	0	0	0	0	0	1	2	0	1	1	0	1	1	0	0	0	0	0	0	1	0	0	0	0	0	0	1	1	0
0	2	0	1	0	0	2	1	0	0	1	0	1	1	0	1	1	0	0	0	0	0	0	0	0	0	0	0	0	0	0	1	0	8	2	4	8	20	2	16	0	9	1	5	23	46	11	18	1	0	0	3	0	0	0	0	0	0	1	1	1	0	0	1	1	1	1	0	0	0	0	1	0	1	0	0	0	0	1	0	0	0	0	0	0	0	0	0	0	0	0	0	0	0	1	0
1	2	1	0	7	4	2	4	0	0	0	1	6	2	0	2	0	1	1	1	3	1	1	1	0	1	0	2	1	0	2	3	1	68	6	19	172	216	65	198	5	64	5	40	269	608	266	188	3	1	1	5	0	3	2	5	3	0	0	0	2	4	2	12	2	0	1	4	0	0	2	2	1	1	3	15	7	2	4	7	1	3	4	3	0	2	1	4	1	1	2	1	3	4	1	4
4	2	0	3	10	5	3	7	3	3	2	1	6	14	4	4	2	3	3	3	3	6	2	5	0	8	2	0	9	11	3	18	6	111	5	20	224	405	150	317	6	113	5	89	539	1163	515	376	6	5	5	5	2	4	2	6	3	4	5	0	6	3	0	13	6	4	2	3	8	4	3	14	1	3	2	11	5	4	6	9	2	4	5	1	0	3	12	13	0	2	14	4	9	13	8	9
0	1	1	0	2	0	0	2	1	1	0	1	2	1	0	1	0	0	0	0	0	0	0	0	0	1	0	1	1	0	0	5	0	9	2	2	38	34	11	34	3	11	3	5	64	110	62	36	1	1	0	2	0	0	0	0	0	0	2	0	0	1	0	0	2	1	1	0	2	1	0	3	0	1	0	3	1	0	1	0	0	0	1	0	0	0	1	4	0	0	1	1	0	0	0	0
6	2	0	1	8	4	0	3	0	2	0	0	4	5	2	3	2	0	1	2	2	1	3	1	0	1	1	0	2	2	1	3	3	74	4	27	214	244	54	212	1	68	5	51	334	747	292	238	2	2	3	4	1	3	0	3	2	1	2	3	1	1	0	7	0	1	4	4	3	1	1	4	2	1	1	13	2	2	3	6	0	2	1	4	0	1	1	3	0	3	5	2	0	2	1	2
0	0	0	1	8	1	0	1	0	0	1	1	3	9	1	2	3	1	2	2	1	2	1	0	0	2	0	0	5	6	1	8	1	43	2	8	90	124	42	101	2	42	6	18	147	399	164	103	3	2	3	11	3	3	2	2	1	1	1	2	1	2	1	7	2	1	3	4	1	4	5	2	0	3	2	12	2	7	1	3	1	0	5	1	0	1	2	5	1	2	7	3	1	2	4	2
1	2	0	0	6	2	0	1	3	0	2	1	0	2	0	0	1	0	0	1	2	0	0	1	0	0	0	0	0	0	0	1	1	0	1	0	1	7	6	1	1	1	3	2	0	3	3	4	2	0	0	0	1	0	0	0	1	1	0	0	1	1	1	0	0	0	0	1	2	1	3	2	1	0	4	1	0	0	1	2	0	0	0	0	0	0	1	3	0	0	2	1	1	2	1	0
2	1	0	0	2	10	3	10	1	1	1	0	1	8	0	9	0	2	1	3	1	2	2	5	0	1	2	0	1	6	0	4	1	72	5	14	245	370	88	321	6	61	2	47	494	1165	438	307	8	3	0	6	3	6	4	12	0	0	0	2	6	13	5	47	1	2	1	2	1	4	2	20	1	1	0	14	10	15	5	23	1	2	3	0	4	5	6	12	2	1	9	4	3	11	4	20
2	0	0	0	1	0	0	1	0	1	0	2	0	1	0	2	0	1	1	0	1	1	0	0	0	0	1	1	0	2	0	1	2	4	0	1	22	22	11	19	1	4	1	4	21	79	33	17	0	0	2	0	0	0	2	0	0	0	0	0	1	0	0	1	1	0	1	1	1	0	1	2	1	0	0	4	0	1	1	1	0	0	0	0	0	1	0	0	2	0	1	0	0	0	3	0
0	0	0	0	5	2	0	0	0	1	0	0	2	2	1	0	0	1	0	0	0	1	0	0	0	0	0	0	1	0	0	1	0	8	6	3	28	47	13	28	0	6	0	5	55	129	62	43	0	1	0	2	3	2	0	3	1	0	2	2	2	1	2	10	1	2	0	1	0	0	2	3	1	0	1	6	1	1	1	6	0	0	0	0	0	1	0	0	0	0	1	1	1	0	0	1
