"A[C>A]A"	"A[C>A]C"	"A[C>A]G"	"A[C>A]T"	"C[C>A]A"	"C[C>A]C"	"C[C>A]G"	"C[C>A]T"	"G[C>A]A"	"G[C>A]C"	"G[C>A]G"	"G[C>A]T"	"T[C>A]A"	"T[C>A]C"	"T[C>A]G"	"T[C>A]T"	"A[C>G]A"	"A[C>G]C"	"A[C>G]G"	"A[C>G]T"	"C[C>G]A"	"C[C>G]C"	"C[C>G]G"	"C[C>G]T"	"G[C>G]A"	"G[C>G]C"	"G[C>G]G"	"G[C>G]T"	"T[C>G]A"	"T[C>G]C"	"T[C>G]G"	"T[C>G]T"	"A[C>T]A"	"A[C>T]C"	"A[C>T]G"	"A[C>T]T"	"C[C>T]A"	"C[C>T]C"	"C[C>T]G"	"C[C>T]T"	"G[C>T]A"	"G[C>T]C"	"G[C>T]G"	"G[C>T]T"	"T[C>T]A"	"T[C>T]C"	"T[C>T]G"	"T[C>T]T"	"A[T>A]A"	"A[T>A]C"	"A[T>A]G"	"A[T>A]T"	"C[T>A]A"	"C[T>A]C"	"C[T>A]G"	"C[T>A]T"	"G[T>A]A"	"G[T>A]C"	"G[T>A]G"	"G[T>A]T"	"T[T>A]A"	"T[T>A]C"	"T[T>A]G"	"T[T>A]T"	"A[T>C]A"	"A[T>C]C"	"A[T>C]G"	"A[T>C]T"	"C[T>C]A"	"C[T>C]C"	"C[T>C]G"	"C[T>C]T"	"G[T>C]A"	"G[T>C]C"	"G[T>C]G"	"G[T>C]T"	"T[T>C]A"	"T[T>C]C"	"T[T>C]G"	"T[T>C]T"	"A[T>G]A"	"A[T>G]C"	"A[T>G]G"	"A[T>G]T"	"C[T>G]A"	"C[T>G]C"	"C[T>G]G"	"C[T>G]T"	"G[T>G]A"	"G[T>G]C"	"G[T>G]G"	"G[T>G]T"	"T[T>G]A"	"T[T>G]C"	"T[T>G]G"	"T[T>G]T"
"Sample1"	0	0	0	0	2	1	1	1	0	0	0	0	0	1	0	0	2	1	0	0	1	0	0	2	0	0	0	1	1	2	0	1	2	2	0	0	0	1	1	0	1	0	0	0	1	2	0	1	2	0	1	0	0	0	0	0	0	0	0	0	1	0	1	0	0	0	1	0	0	2	0	1	0	0	0	0	0	0	1	0	0	0	0	0	0	0	0	0	0	0	0	0	0	0	0	0
"Sample2"	0	0	0	1	0	3	0	3	0	0	0	0	0	0	0	0	1	0	0	0	0	0	0	2	1	0	0	1	0	0	0	1	1	0	0	0	2	2	1	2	1	1	0	1	0	1	0	0	0	0	1	0	0	0	0	0	1	0	0	0	0	0	0	0	3	1	3	2	0	0	3	1	1	1	0	0	0	0	0	0	0	0	0	0	0	0	0	0	0	0	1	0	0	0	0	1
"Sample3"	1	1	0	0	2	3	0	4	1	1	0	1	0	0	0	1	0	0	0	0	1	2	0	0	0	0	0	1	0	0	1	0	0	0	0	5	1	0	0	2	0	0	0	0	1	0	0	0	0	0	0	0	1	1	0	1	0	0	0	0	0	0	1	1	0	0	2	3	0	3	0	1	0	0	0	0	1	0	0	0	0	0	1	2	0	2	0	0	0	0	0	0	1	0	0	0
"Sample4"	0	0	0	2	5	0	0	0	0	0	0	0	0	0	0	1	1	0	0	1	0	2	1	0	0	0	0	0	1	2	0	2	4	1	1	1	1	4	1	3	1	0	0	0	0	0	0	1	1	0	1	0	0	0	0	1	0	0	0	0	1	0	0	0	1	0	2	0	1	0	0	3	1	0	0	0	2	0	0	0	0	0	0	0	0	0	0	0	0	0	0	0	0	0	0	3
"Sample5"	1	0	0	1	2	1	0	0	0	2	1	0	0	0	0	1	0	0	0	0	0	0	0	0	0	1	0	0	1	1	0	0	1	1	2	1	1	2	0	3	1	1	0	0	2	2	0	0	1	0	0	0	1	0	2	3	0	0	0	0	1	0	0	0	3	0	0	5	1	0	0	1	1	0	0	0	2	0	0	2	0	1	3	0	0	2	1	0	0	0	0	0	0	0	1	1
"Sample6"	0	2	0	0	1	2	0	0	1	0	1	0	0	3	0	1	1	1	0	0	0	0	1	1	0	0	0	1	0	0	0	0	0	0	0	4	1	0	0	3	1	4	0	0	0	1	0	1	1	0	2	1	0	0	1	1	0	0	0	0	0	1	0	1	3	1	4	1	1	0	1	1	3	0	0	0	3	0	0	2	0	0	2	0	1	0	1	0	0	0	0	0	0	0	0	1
"Sample7"	1	3	0	0	1	2	0	0	0	0	0	0	0	0	0	1	1	0	0	2	1	0	0	0	0	1	0	0	1	0	0	1	0	0	0	0	1	2	2	3	0	1	0	1	0	2	0	1	0	1	0	0	0	1	1	1	0	0	0	0	1	0	0	1	1	1	1	0	0	0	1	2	0	0	1	1	0	1	1	0	0	0	1	0	0	0	0	2	0	0	0	0	0	0	0	1
"Sample8"	0	0	1	0	0	1	0	2	2	1	0	0	0	2	0	0	1	0	0	0	2	0	1	0	0	0	0	0	2	0	0	0	0	1	0	4	0	0	0	0	1	1	0	1	0	2	1	1	0	0	3	1	2	0	0	2	1	0	0	0	1	0	2	3	1	0	3	0	1	0	2	0	0	0	0	1	1	0	0	0	0	0	0	1	0	0	0	1	0	0	0	0	0	0	0	3
"Sample9"	0	1	0	0	1	2	0	0	0	2	0	1	0	1	1	0	0	0	0	1	0	0	0	0	0	0	0	0	1	0	0	0	0	0	0	0	1	1	0	4	0	1	0	2	0	0	0	1	0	0	0	0	1	1	0	0	0	0	0	0	1	0	0	0	2	0	3	1	2	0	0	1	0	0	1	0	1	1	0	3	1	0	0	0	0	0	0	0	0	0	1	0	0	0	0	0
"Sample10"	1	1	0	0	3	1	0	1	0	0	0	1	0	1	0	1	0	1	0	1	0	1	0	0	1	2	0	0	0	1	0	0	1	1	0	2	1	3	1	1	1	1	1	1	2	0	0	1	0	0	1	0	0	0	1	0	2	0	1	1	0	0	1	2	2	0	0	2	0	1	0	1	1	0	0	1	0	0	0	4	2	0	1	0	0	0	0	0	0	0	0	0	0	0	0	0
"Sample11"	0	0	0	3	3	0	0	0	1	0	0	0	0	0	0	0	1	0	0	0	0	0	0	0	1	0	1	0	0	0	0	1	2	0	0	0	1	1	0	3	0	1	1	0	0	0	2	1	0	0	0	0	0	0	0	1	0	0	0	0	1	0	0	0	1	0	2	2	2	0	0	0	2	0	0	0	4	0	0	0	0	1	1	3	0	0	0	1	0	0	0	0	0	2	0	3
"Sample12"	0	1	0	0	3	0	0	1	2	0	0	0	2	3	0	1	0	0	0	0	0	1	0	1	0	0	0	0	0	0	0	1	1	0	0	0	1	1	1	1	2	0	0	0	1	0	0	1	0	1	0	0	0	2	0	0	1	0	0	0	3	0	0	2	0	3	2	1	0	0	0	1	2	0	0	0	1	0	0	1	0	0	0	0	0	0	0	0	1	0	0	0	1	0	2	0
"Sample13"	0	0	0	2	3	2	0	0	0	1	0	1	1	1	0	1	0	0	0	0	0	1	1	1	0	1	0	0	0	1	0	1	2	0	1	0	1	1	1	0	0	0	1	3	2	0	2	1	0	0	0	0	0	1	0	1	0	1	0	1	0	0	0	0	0	0	1	1	1	0	0	1	0	0	0	0	0	1	0	2	2	0	0	0	0	1	1	0	0	0	0	0	0	1	0	0
"Sample14"	0	0	0	1	3	1	0	0	0	0	0	0	1	0	0	0	1	0	0	0	0	1	0	0	0	0	0	1	1	2	0	2	0	1	0	2	3	0	0	2	0	1	0	1	0	1	0	1	1	0	0	1	0	0	1	0	0	1	0	0	2	1	0	0	2	0	2	4	0	1	2	0	0	0	0	0	2	0	0	0	0	0	0	0	0	0	0	0	0	0	2	0	0	1	1	1
"Sample15"	0	0	0	0	2	0	0	0	1	0	0	0	0	1	0	0	0	0	0	0	2	0	0	0	0	0	0	0	0	0	0	1	4	3	0	1	0	3	0	1	1	2	0	0	1	0	1	1	0	0	0	2	1	1	0	0	2	0	0	1	0	0	0	0	2	0	0	1	1	2	0	2	0	0	2	0	3	0	0	1	0	0	0	1	0	0	1	0	0	0	0	1	0	1	0	0
"Sample16"	1	2	0	2	0	1	1	0	1	0	0	1	0	0	0	1	1	1	0	0	0	1	0	1	0	0	0	0	1	0	0	0	2	2	1	0	1	5	1	0	1	0	0	2	2	4	0	2	1	0	1	2	1	2	1	0	0	1	1	0	0	0	0	3	2	1	3	1	6	1	0	1	0	0	0	0	0	0	1	1	0	0	0	0	0	0	0	0	1	0	0	0	0	0	0	2
"Sample17"	1	0	0	0	0	0	0	2	1	0	0	0	3	0	0	0	0	0	0	1	1	0	0	0	0	0	0	1	0	0	0	0	2	1	3	1	2	1	0	0	2	1	1	1	0	0	0	2	0	0	1	1	1	0	0	0	0	0	0	0	0	0	0	0	0	0	0	0	2	2	1	2	1	0	0	0	3	0	3	2	0	0	0	0	1	0	0	0	0	0	0	0	0	0	0	1
"Sample18"	0	0	0	0	1	0	0	0	4	0	0	0	2	1	0	2	2	0	0	0	0	1	0	0	0	1	0	1	0	0	0	0	2	0	0	1	1	0	2	2	0	1	0	2	0	2	0	1	1	0	0	2	0	1	0	1	0	0	0	0	2	0	0	0	2	0	2	6	1	0	0	1	2	0	0	0	0	0	1	1	0	0	0	1	0	1	0	0	0	0	1	0	0	0	0	0
"Sample19"	0	1	1	0	2	3	0	2	0	0	0	0	2	1	0	2	0	0	0	0	0	0	1	0	1	0	0	1	1	0	0	0	0	1	1	1	1	2	0	0	0	4	2	0	1	0	1	4	1	0	0	0	1	0	0	1	0	0	0	0	2	0	0	0	2	0	1	1	0	0	1	0	2	0	2	1	0	1	1	0	0	0	0	0	0	0	0	0	0	0	0	0	2	0	0	1
"Sample20"	1	3	0	0	2	3	0	0	0	0	0	1	0	0	0	1	1	1	0	1	0	0	0	1	1	0	0	0	1	0	0	1	3	1	0	0	2	0	0	1	1	0	3	1	0	0	1	4	0	0	1	0	0	1	0	0	0	1	0	0	1	0	0	2	1	0	2	1	0	1	0	1	1	0	0	0	2	0	1	2	0	1	1	0	0	0	0	1	0	0	0	0	0	1	0	1
"Sample21"	1	0	0	0	1	0	0	0	0	1	1	1	2	0	0	1	0	0	0	1	0	0	0	2	1	1	0	1	2	0	0	0	0	0	1	1	1	0	0	0	0	3	0	1	3	2	0	0	0	0	1	0	0	1	1	0	1	0	0	0	2	1	0	0	2	0	3	1	1	1	1	0	1	0	1	0	3	0	1	2	1	0	1	1	0	0	0	0	0	0	0	0	0	0	1	0
"Sample22"	0	3	0	1	0	0	1	0	0	0	0	0	1	3	0	2	0	0	0	0	0	3	0	0	1	0	0	0	1	0	0	0	0	0	1	0	5	1	0	2	0	1	0	0	1	0	1	2	0	1	1	0	0	0	0	1	1	0	0	0	0	0	0	1	2	0	1	1	2	0	0	1	1	2	0	0	1	0	1	3	0	0	0	0	1	0	0	0	0	0	1	0	0	0	1	2
"Sample23"	0	0	0	0	0	1	0	0	0	2	0	0	0	1	0	2	0	0	0	0	1	0	0	1	0	1	0	0	1	1	0	0	2	1	0	3	2	0	0	2	0	0	1	1	3	0	1	0	0	0	1	0	0	3	1	0	0	0	1	0	1	0	0	0	2	0	1	2	0	0	0	0	0	0	0	0	2	0	0	0	0	0	0	0	0	0	0	0	0	0	0	0	0	0	0	0
"Sample24"	1	0	0	0	1	5	0	1	0	4	0	0	0	0	0	0	1	0	0	0	0	1	0	2	1	1	0	0	0	0	0	1	1	0	0	1	1	1	0	1	1	0	0	2	0	3	0	0	0	0	0	1	0	0	0	0	2	0	0	1	1	2	0	2	1	1	1	1	0	0	0	4	0	0	1	0	2	0	1	1	0	0	0	0	0	0	1	0	0	0	1	0	0	0	0	0
"Sample25"	1	1	0	0	2	3	0	0	2	1	0	0	0	0	0	0	0	0	1	0	0	0	0	1	0	0	0	0	1	0	0	2	1	0	1	0	1	3	0	1	1	3	0	0	1	1	0	1	0	0	0	0	1	0	0	0	0	0	0	1	0	0	0	0	1	1	2	0	0	0	0	1	0	1	0	0	1	0	1	0	0	0	0	0	0	0	1	1	0	0	0	0	0	0	0	0
"Sample26"	0	0	0	0	0	0	1	0	0	0	0	1	1	1	1	0	2	0	0	0	0	0	0	1	0	0	0	0	0	1	0	1	3	1	0	0	0	1	0	2	1	1	1	1	1	0	0	0	0	0	0	1	0	1	0	0	0	1	0	0	0	0	0	1	0	0	0	1	2	0	0	1	0	0	0	0	1	0	0	0	0	0	0	0	0	2	1	0	0	0	0	0	0	0	0	1
"Sample27"	0	0	0	0	0	0	1	1	0	0	0	1	1	2	0	0	0	0	0	1	0	0	0	0	0	1	0	1	0	0	0	2	0	6	0	0	1	2	0	4	0	0	1	0	2	1	0	0	0	0	0	0	0	0	0	1	0	1	1	1	0	1	0	0	2	1	2	1	1	1	0	0	1	0	1	1	0	0	1	2	0	0	0	1	0	0	0	1	0	0	0	0	0	0	0	1
"Sample28"	0	0	0	0	0	2	0	0	0	3	0	0	1	0	0	0	0	0	0	0	0	1	1	1	1	0	0	1	0	1	0	0	1	1	1	0	0	4	0	3	0	0	0	1	1	1	1	1	4	0	0	0	0	0	0	2	0	0	0	0	1	2	0	0	3	0	2	0	2	0	0	0	0	0	2	0	0	0	0	1	0	0	0	0	0	0	0	1	0	0	0	0	0	0	0	1
"Sample29"	1	3	0	0	0	2	0	1	0	2	0	2	3	1	0	0	0	0	0	1	0	0	0	1	0	0	0	1	0	0	0	0	0	0	0	1	1	1	1	1	1	0	1	0	2	2	0	3	1	0	0	0	1	0	0	0	0	0	0	1	0	0	0	1	3	1	3	1	0	2	0	1	0	0	0	1	0	0	0	0	1	0	0	0	0	0	1	0	0	0	0	0	0	0	0	0
"Sample30"	1	1	0	0	1	1	0	3	1	0	0	1	2	0	0	0	0	0	0	2	1	1	0	0	1	0	0	0	0	0	0	0	0	1	0	0	1	0	0	1	0	0	0	0	1	0	0	1	0	0	0	0	1	0	1	0	1	0	0	0	1	0	0	0	3	1	2	3	0	1	3	1	1	1	0	2	0	0	0	5	0	0	0	0	0	0	0	0	0	0	0	0	0	0	0	0
"Sample31"	0	0	0	1	0	1	0	0	0	0	0	1	1	1	0	1	0	0	0	2	0	0	0	0	1	0	0	0	0	1	0	2	0	0	0	1	1	0	2	4	1	0	1	1	0	1	1	2	0	0	0	0	1	2	0	0	0	0	0	1	0	1	0	0	1	1	2	4	0	0	3	0	0	0	1	0	1	2	2	1	1	0	0	0	0	0	0	1	0	0	0	0	0	1	0	0
"Sample32"	0	0	0	0	2	3	0	0	0	2	0	2	0	0	0	0	0	0	0	1	0	1	0	0	1	0	0	0	1	0	0	2	2	2	0	3	1	1	1	3	0	0	0	0	1	0	0	3	0	0	0	0	1	1	1	0	0	1	1	0	0	0	0	0	2	0	1	1	0	2	0	0	0	0	1	0	2	0	1	0	0	1	0	0	0	0	0	0	0	1	1	0	1	0	0	0
"Sample33"	0	0	1	1	0	2	1	0	0	1	0	1	0	0	0	0	0	0	0	1	0	0	1	2	0	0	0	1	0	0	0	2	2	1	1	1	1	0	0	1	1	0	0	0	0	0	1	2	0	0	0	1	0	0	1	1	0	0	0	2	0	1	0	2	2	0	0	1	1	3	2	3	0	0	0	0	2	0	1	0	0	0	0	0	0	0	1	1	0	0	0	0	0	1	0	1
"Sample34"	1	2	1	1	0	3	0	1	0	0	0	0	2	1	0	0	0	0	0	1	3	0	1	1	0	0	0	0	1	0	0	1	1	0	1	0	0	0	1	1	0	0	0	1	1	2	0	1	0	0	0	0	1	0	0	0	0	0	1	0	0	0	0	2	4	2	1	2	2	0	2	0	0	0	0	0	1	0	0	2	0	0	0	0	0	0	0	0	0	0	0	0	0	0	1	0
"Sample35"	1	0	0	0	0	0	0	0	0	0	0	0	1	0	0	0	0	1	0	1	0	2	0	0	3	0	0	0	0	0	0	2	1	0	0	1	0	0	0	4	0	0	0	1	1	2	0	0	0	0	0	1	0	2	0	1	1	0	0	0	0	0	0	0	1	1	4	2	2	1	1	0	0	0	0	2	1	0	1	1	0	0	0	0	0	0	0	0	0	0	0	0	0	0	1	0
"Sample36"	2	0	0	1	2	0	0	4	2	0	0	0	0	1	0	0	0	0	0	2	0	0	0	1	1	0	0	0	1	0	0	1	1	1	1	2	0	0	0	2	0	1	1	3	0	1	0	2	0	1	0	0	1	0	0	2	1	1	0	0	0	0	0	1	1	0	2	1	2	0	1	0	2	0	0	1	0	0	0	1	0	0	0	0	0	0	0	0	0	0	0	0	0	0	0	0
"Sample37"	1	0	0	0	0	1	0	0	0	1	0	0	0	1	0	1	1	0	0	0	0	0	0	1	0	0	0	0	0	1	0	0	0	0	0	4	1	2	0	0	0	0	1	0	0	0	0	1	0	0	0	0	1	0	1	0	0	0	0	0	0	0	1	1	2	0	1	0	1	0	1	1	0	0	0	0	0	0	0	0	0	0	0	0	0	0	1	0	1	0	0	0	0	1	0	1
"Sample38"	0	0	0	0	2	1	1	1	0	1	0	1	0	0	0	2	0	0	0	0	2	0	0	1	0	0	0	0	0	0	0	1	0	0	1	1	0	1	0	2	0	0	1	3	1	2	1	1	3	0	2	1	0	0	0	1	0	0	0	1	0	0	1	1	0	0	3	2	0	1	0	0	1	0	0	1	0	0	1	1	0	0	0	0	0	0	0	1	0	0	0	0	0	0	0	0
"Sample39"	1	0	0	1	0	3	0	2	0	1	0	2	0	0	0	0	2	1	0	1	0	0	0	0	0	0	0	2	0	0	0	0	0	1	1	0	0	2	1	0	1	0	0	0	2	1	0	3	0	0	0	0	1	0	0	0	0	0	0	0	0	0	1	1	2	0	0	1	0	1	0	1	1	0	2	0	0	0	0	1	0	0	0	0	0	0	0	0	0	0	0	0	0	0	1	0
"Sample40"	1	0	0	1	0	0	0	1	2	0	0	0	0	0	0	0	0	0	0	0	0	2	0	2	1	0	0	0	2	0	0	0	0	0	4	1	1	0	1	2	0	0	0	0	0	1	0	2	0	0	1	1	0	0	0	1	0	0	0	0	3	0	0	3	3	0	1	2	0	1	1	0	0	1	0	0	0	0	0	2	0	0	0	1	0	0	0	0	0	0	0	0	0	0	0	0
"Sample41"	1	2	1	0	1	0	0	1	0	0	0	0	1	1	0	0	0	0	0	0	0	0	2	0	0	0	0	1	2	1	0	1	1	4	0	1	0	0	1	1	0	1	1	1	2	2	1	0	3	2	0	0	1	0	1	1	0	0	0	0	0	1	0	0	0	1	1	2	1	0	2	0	0	0	0	0	1	0	0	0	0	0	0	0	0	0	1	1	0	0	1	0	1	0	0	0
"Sample42"	2	1	0	0	0	0	1	1	1	1	0	1	1	1	0	3	0	0	0	1	1	0	0	1	1	1	0	0	0	0	0	1	3	0	0	0	0	2	0	0	1	0	0	2	0	1	0	3	1	0	0	0	1	0	1	0	0	0	0	0	0	0	0	0	1	0	0	1	0	1	1	1	0	0	1	1	5	1	0	0	1	0	1	0	0	0	0	0	0	0	0	0	0	0	0	0
"Sample43"	0	1	0	0	1	1	0	0	0	0	0	2	1	2	0	0	0	0	1	0	1	1	1	0	0	0	0	1	0	0	0	1	1	1	1	1	1	0	1	0	1	1	0	0	0	2	0	0	0	1	0	1	0	0	0	0	0	0	0	2	1	0	0	1	2	0	2	0	3	0	0	0	0	1	0	0	2	0	2	2	2	0	0	1	0	0	1	0	0	0	0	0	0	1	0	0
"Sample44"	0	0	0	0	2	3	0	1	2	0	0	0	0	0	0	0	0	0	0	0	0	0	0	0	0	0	0	2	1	0	0	0	2	0	0	1	2	2	1	0	1	1	0	0	0	4	0	0	0	2	0	1	0	0	0	0	0	0	0	0	0	0	0	0	0	1	0	1	2	0	1	1	1	0	0	0	0	0	0	1	0	0	1	3	0	0	1	0	0	0	0	0	1	0	0	0
"Sample45"	0	0	0	0	5	3	0	2	1	1	0	1	0	0	0	1	0	0	0	0	1	3	0	2	0	2	0	1	0	0	0	1	1	0	1	1	2	1	1	0	0	2	0	0	2	1	0	1	0	0	0	1	0	1	0	0	0	0	0	0	0	1	0	0	1	0	0	0	2	1	1	2	1	0	0	0	0	1	0	6	0	0	0	0	0	0	0	0	0	0	0	0	3	0	0	0
"Sample46"	1	0	0	0	4	1	0	0	1	0	0	0	0	1	0	0	2	0	0	0	0	0	0	2	1	0	0	0	0	0	0	0	0	1	0	0	0	1	0	2	1	3	1	0	0	0	1	0	1	0	1	0	0	0	0	0	0	0	0	0	0	0	0	0	4	3	1	0	0	0	1	3	2	0	0	3	1	1	0	2	1	0	0	1	0	0	0	0	0	0	0	0	0	0	0	0
"Sample47"	0	3	0	1	1	1	0	0	0	0	0	0	0	2	0	0	0	0	0	2	0	1	0	1	0	1	0	1	2	2	0	3	2	0	0	2	0	1	1	1	0	0	1	1	0	1	0	3	1	0	1	0	0	1	1	1	0	1	1	0	0	0	0	0	5	1	1	1	1	1	1	0	1	1	0	1	2	1	1	0	0	0	0	0	0	1	0	0	1	0	1	0	0	0	0	0
"Sample48"	0	1	0	2	3	0	0	0	0	0	0	0	2	1	0	1	0	0	0	0	0	0	0	1	2	1	0	0	1	0	0	0	3	0	1	0	0	2	0	1	0	1	2	3	1	2	0	1	2	0	0	1	0	0	0	1	0	0	0	1	0	0	0	0	1	1	3	2	1	0	1	3	0	0	1	0	1	0	0	0	0	0	0	0	0	0	0	0	0	0	0	0	1	0	0	0
"Sample49"	0	1	0	0	1	2	0	0	1	2	0	0	3	2	0	0	1	0	0	0	0	1	0	0	0	0	0	1	0	0	0	1	1	0	1	2	4	2	0	2	1	2	0	0	1	0	1	4	0	0	0	1	2	0	0	1	0	0	0	2	1	1	0	0	1	1	2	1	0	0	0	0	0	0	0	0	0	2	0	0	0	0	0	0	0	0	0	2	0	0	1	0	0	1	0	1
"Sample50"	0	0	0	2	1	4	1	1	1	0	0	0	1	0	0	1	0	0	0	1	1	0	0	0	0	0	0	0	2	0	0	0	2	0	0	3	1	3	1	4	0	2	0	0	1	1	0	2	1	1	1	0	1	0	0	0	0	0	0	0	0	1	0	0	2	0	0	0	3	0	1	1	0	0	0	0	2	0	1	0	0	0	1	1	0	0	0	0	0	0	0	0	0	0	0	0
"Sample51"	1	0	0	0	3	2	0	0	0	2	0	0	0	2	0	2	1	0	0	0	0	0	0	0	0	0	0	0	0	0	0	0	0	0	0	0	0	1	1	0	0	1	0	0	0	1	0	1	0	0	0	0	0	0	0	1	0	0	0	0	2	0	0	1	1	0	1	3	0	0	0	2	2	0	0	0	0	0	1	1	0	0	1	0	0	0	0	1	0	0	0	0	0	0	1	0
"Sample52"	1	1	0	0	1	4	0	1	0	0	0	0	0	2	1	0	0	1	0	0	0	2	0	0	0	0	0	1	0	0	0	0	0	2	0	1	0	2	1	0	1	0	0	1	1	0	0	0	2	1	0	0	0	1	0	0	1	0	0	1	0	0	1	1	3	0	1	2	0	2	0	1	0	0	0	0	2	1	0	1	1	0	0	0	0	0	0	0	0	0	0	0	0	0	0	0
"Sample53"	0	1	0	1	2	0	0	1	0	0	0	0	1	0	0	0	0	0	0	0	0	0	0	1	0	1	0	0	1	0	0	0	0	2	0	1	1	2	2	5	1	1	0	2	1	1	1	0	0	0	1	1	1	0	0	1	0	0	0	0	0	0	0	2	0	0	2	1	0	1	0	0	0	0	1	2	2	0	0	1	0	0	1	1	0	0	0	1	0	0	1	0	0	0	0	1
"Sample54"	0	1	0	2	4	2	0	0	0	0	0	0	0	0	0	0	0	0	0	0	0	1	0	0	1	1	0	0	1	0	0	0	1	1	0	0	2	0	0	2	0	2	0	1	3	1	0	0	2	0	0	1	1	0	1	1	0	0	1	0	0	0	2	0	0	0	2	0	0	1	4	1	1	0	0	0	0	1	0	0	0	0	0	0	0	0	1	1	0	1	1	0	0	0	0	1
"Sample55"	0	0	0	1	2	0	0	0	0	2	1	1	0	1	1	0	0	0	0	1	1	0	0	0	1	0	0	0	0	0	0	0	2	1	0	1	0	0	1	0	1	2	0	2	0	0	0	1	1	0	0	1	0	0	0	1	0	0	0	0	0	3	0	0	2	0	0	1	2	0	2	2	0	0	0	0	2	0	0	1	0	0	0	0	0	0	0	0	0	0	0	0	0	0	0	1
"Sample56"	1	1	0	1	1	0	0	1	0	1	0	0	0	1	0	1	1	0	0	1	6	0	0	0	0	0	0	0	1	0	0	1	1	0	0	0	0	2	1	2	0	1	0	0	0	0	0	1	0	0	0	0	1	1	0	0	0	0	1	0	0	0	0	2	0	1	1	2	1	0	0	0	0	0	0	1	0	0	1	1	0	0	0	0	0	0	0	0	0	0	0	0	0	0	0	0
"Sample57"	1	1	0	0	1	1	0	5	1	0	0	1	2	2	0	1	1	0	0	2	1	0	0	1	0	0	0	1	0	0	1	1	0	0	0	1	0	2	0	2	1	1	0	2	1	1	2	1	0	0	1	0	0	2	0	0	0	0	2	1	0	1	0	0	0	2	3	2	0	1	0	1	0	0	1	0	1	0	1	3	0	0	0	0	0	0	0	0	0	0	0	0	2	0	0	0
"Sample58"	0	2	0	0	2	3	0	2	1	0	0	0	1	1	0	0	0	0	0	1	0	0	0	1	0	0	0	0	0	0	0	0	0	1	0	0	1	4	0	0	1	1	0	4	0	0	0	0	0	0	0	2	0	0	1	0	0	0	0	0	0	0	0	1	2	0	0	2	1	0	0	0	0	0	0	0	0	0	0	2	0	0	1	0	0	0	0	2	0	0	0	0	0	0	0	1
"Sample59"	1	0	0	1	1	1	0	1	1	1	0	0	1	0	0	0	0	0	0	0	1	0	0	0	0	0	0	0	0	1	0	1	2	0	0	0	0	0	0	2	2	4	0	0	0	0	2	0	2	0	0	0	0	0	1	0	0	1	0	2	1	0	2	1	2	0	0	0	5	0	0	1	3	0	1	0	1	0	2	3	0	0	0	0	1	0	0	0	0	1	0	0	0	0	1	0
"Sample60"	0	0	0	0	1	0	2	1	0	2	0	1	1	1	0	0	0	0	0	1	0	0	0	1	0	0	0	1	1	1	0	1	1	2	3	2	1	1	0	2	0	0	1	3	1	1	0	1	0	0	0	1	0	0	2	1	0	0	0	0	0	0	0	1	2	1	1	1	1	2	0	3	2	1	0	0	2	0	2	0	0	0	0	0	0	1	0	0	0	0	0	0	0	0	0	0
"Sample61"	0	0	0	0	0	3	0	5	0	0	0	0	2	0	0	0	1	0	0	3	0	0	1	0	0	0	0	0	4	1	0	0	0	2	1	2	1	3	0	0	0	0	0	1	0	1	0	3	0	0	0	1	3	0	0	0	0	1	0	0	0	0	0	0	3	0	1	1	2	0	4	2	1	0	0	2	0	0	0	0	1	0	1	1	0	0	0	0	0	0	0	0	0	1	0	0
"Sample62"	0	1	0	2	1	0	0	0	0	2	0	1	0	0	0	0	1	0	0	1	1	0	0	0	0	0	0	0	0	0	0	1	0	1	1	2	2	1	2	3	0	0	0	0	0	1	0	2	0	0	0	1	0	0	0	1	0	0	0	0	0	0	0	0	1	0	3	1	0	0	1	2	0	0	1	2	1	0	0	0	0	0	0	0	0	0	0	0	1	0	0	0	0	0	0	0
"Sample63"	0	0	1	0	0	1	0	1	0	0	0	0	0	2	0	1	0	1	0	0	0	1	0	2	0	0	0	1	0	0	0	0	1	1	0	1	0	2	0	1	0	0	0	0	1	3	0	1	0	0	0	1	0	0	0	1	0	0	2	0	1	0	1	0	2	0	3	0	1	0	0	1	0	0	1	0	0	0	2	0	0	0	2	1	0	0	0	0	0	0	0	0	0	0	2	2
"Sample64"	1	2	0	3	4	2	0	1	0	1	0	1	2	0	0	0	0	0	0	0	1	0	0	1	0	0	0	1	0	0	0	1	0	2	2	2	1	0	0	2	0	1	0	0	0	0	0	2	0	0	0	1	1	1	0	0	0	0	0	0	0	2	0	1	0	0	0	1	0	0	0	4	0	1	0	1	0	0	1	0	0	0	0	1	1	0	1	1	0	0	1	1	0	0	2	0
"Sample65"	1	0	0	0	0	3	0	1	0	0	2	1	0	0	0	1	2	0	0	0	1	1	0	1	0	0	0	0	0	2	0	1	0	0	0	0	1	1	0	2	0	0	0	0	0	0	0	1	0	0	1	0	0	0	1	0	1	0	0	1	0	0	3	1	1	4	4	0	1	0	0	2	0	0	1	2	1	0	1	0	2	0	1	0	1	0	0	1	0	0	1	0	0	0	0	0
"Sample66"	0	3	0	1	1	1	0	0	0	2	0	0	0	1	0	0	0	0	0	1	1	1	0	0	1	1	0	0	1	1	0	0	0	0	0	1	1	1	1	0	1	2	1	0	0	0	0	1	0	0	0	1	1	1	0	0	0	0	0	0	0	0	0	0	2	0	4	0	0	0	1	1	0	0	0	0	1	0	0	1	0	0	0	0	0	0	0	0	0	0	0	0	1	1	0	0
"Sample67"	3	0	2	0	1	2	0	0	1	0	0	1	1	0	1	0	0	0	0	0	1	1	0	1	0	0	0	1	2	0	0	0	1	0	0	1	1	5	1	1	0	1	1	1	0	0	0	2	2	0	1	0	0	0	1	0	0	0	0	0	0	1	0	0	6	0	1	3	0	0	1	2	0	0	0	0	1	0	0	1	0	0	0	1	0	0	2	0	0	0	0	0	1	0	0	0
"Sample68"	1	1	0	1	1	4	0	1	0	1	0	2	0	0	0	1	1	0	0	1	1	3	0	0	0	0	0	1	0	0	1	1	1	0	0	0	0	0	1	2	0	0	0	0	0	1	0	0	1	0	3	0	0	1	0	0	0	1	1	0	0	0	0	0	1	0	3	0	3	0	1	2	1	0	2	1	3	0	0	0	0	0	0	1	0	0	0	0	0	0	0	0	1	0	0	0
"Sample69"	1	0	0	0	1	3	0	1	0	2	0	0	1	0	0	1	0	2	0	0	1	0	0	2	0	0	0	1	3	0	0	0	1	1	1	1	2	2	1	3	0	0	1	0	1	1	0	2	0	0	0	0	0	0	0	1	0	0	1	0	0	0	1	0	1	0	0	1	0	2	0	0	2	0	0	1	0	0	1	1	0	0	2	0	1	0	2	0	0	0	0	0	0	0	0	0
"Sample70"	0	1	0	1	1	1	0	1	1	0	0	0	0	2	0	0	1	0	0	1	0	0	0	0	0	0	0	0	1	1	0	0	0	1	1	1	0	1	1	0	0	1	0	0	0	1	0	1	0	0	0	1	1	2	0	3	0	0	1	1	1	0	0	1	3	0	0	2	0	0	0	2	0	0	0	1	1	0	0	1	0	0	0	0	1	0	0	0	0	0	0	0	1	0	0	0
"Sample71"	0	1	0	0	6	1	0	1	1	0	0	0	0	0	0	0	1	1	0	0	1	0	0	2	0	0	0	0	1	0	0	1	0	0	2	1	0	1	1	0	0	0	2	0	0	0	0	2	0	0	0	1	0	1	0	1	0	0	0	0	0	0	0	0	4	0	1	1	2	0	2	4	0	0	1	0	0	1	0	1	0	0	0	1	0	0	0	0	0	0	0	0	0	1	0	1
"Sample72"	0	2	0	0	1	0	0	0	0	0	0	0	1	1	0	0	0	0	0	1	0	0	0	0	0	0	0	0	0	0	0	0	1	3	1	2	0	1	0	0	0	1	0	0	1	2	0	1	0	0	0	0	0	1	0	0	0	0	0	0	0	0	0	1	1	0	2	2	1	0	2	2	1	0	1	0	0	0	0	1	0	0	0	0	0	0	1	1	0	0	0	1	0	0	0	0
"Sample73"	1	0	0	0	2	3	0	0	0	0	0	1	1	0	0	0	0	0	0	0	1	0	0	0	0	0	0	0	1	0	0	0	2	0	1	2	1	0	0	2	0	0	1	1	0	1	1	2	2	0	0	0	0	0	0	1	0	0	1	1	0	0	2	0	0	0	1	0	2	1	0	0	0	1	0	0	1	0	0	0	0	1	0	0	0	0	0	0	0	0	0	0	0	0	1	0
"Sample74"	3	0	1	1	1	1	0	0	0	0	0	1	1	1	0	0	1	0	0	0	2	2	0	1	1	0	0	1	0	0	1	0	3	1	0	0	2	2	1	2	0	0	0	1	1	0	0	1	1	0	0	1	1	0	1	0	0	0	0	0	0	0	0	1	2	1	0	3	1	0	1	0	0	0	0	0	3	1	0	1	0	0	0	0	0	0	0	0	1	0	0	0	0	0	0	1
"Sample75"	0	2	1	0	0	3	0	1	1	2	0	1	1	1	0	0	0	0	0	0	2	0	0	0	0	0	0	0	0	0	0	2	2	2	2	0	0	0	0	1	0	4	0	0	0	0	1	1	0	0	1	0	0	0	0	0	0	1	1	2	2	0	1	0	5	0	3	0	0	0	2	2	0	0	0	1	3	0	0	1	0	0	0	0	0	0	0	0	0	0	0	0	0	0	0	0
"Sample76"	0	0	0	0	2	2	0	1	2	0	0	0	1	3	0	1	0	0	0	0	0	1	0	2	1	0	0	0	0	1	0	2	1	0	1	1	0	4	0	1	0	0	2	0	1	0	0	0	0	0	0	0	0	0	0	3	1	0	0	0	0	0	0	0	2	0	1	2	1	1	0	1	0	1	0	0	2	1	0	0	0	0	0	0	0	0	0	0	0	0	0	0	0	0	1	0
"Sample77"	0	1	2	0	1	1	1	0	0	0	1	0	1	1	2	2	1	0	0	0	0	1	0	3	0	1	0	1	0	1	0	0	0	1	0	1	1	2	0	2	0	1	0	0	0	1	0	1	0	1	0	1	1	0	0	0	0	0	0	0	1	2	0	0	2	0	2	0	0	0	1	0	3	1	1	0	0	0	0	0	1	0	0	0	0	1	0	1	0	0	1	0	0	0	0	1
"Sample78"	1	1	0	1	2	0	1	0	2	1	0	1	0	0	2	0	1	0	0	0	1	0	0	1	0	0	0	0	0	0	1	1	1	0	0	0	0	0	1	2	0	2	0	2	0	1	0	1	1	0	0	0	0	0	1	1	1	0	0	0	0	0	1	0	2	0	3	0	0	0	1	0	0	0	0	0	2	1	0	1	0	0	0	0	0	1	0	0	0	2	2	0	0	0	0	1
"Sample79"	2	0	0	0	2	0	0	0	0	1	0	0	0	0	0	0	1	0	0	1	0	0	0	0	0	0	0	0	0	0	0	2	1	1	0	1	1	3	3	0	0	0	1	2	1	0	0	1	0	0	0	1	1	2	0	2	0	0	0	0	1	1	0	0	3	0	3	1	0	0	0	2	0	1	2	1	1	0	1	0	0	0	0	0	0	2	0	0	0	0	0	1	0	0	1	0
"Sample80"	0	2	0	1	0	1	0	0	1	0	0	0	0	1	0	1	0	1	0	0	0	1	0	1	0	1	0	1	0	0	0	1	2	1	0	1	2	1	1	2	0	0	1	0	1	0	1	0	0	0	0	0	0	0	0	0	0	0	0	1	0	0	0	0	2	0	0	0	3	0	0	0	0	0	1	0	2	0	0	1	0	0	0	1	0	0	0	0	0	0	0	0	0	0	0	0
"Sample81"	0	1	0	0	2	5	0	0	0	0	0	0	2	0	1	0	1	0	0	0	3	1	0	0	0	0	0	0	2	0	0	0	0	3	0	0	1	2	2	0	0	1	0	1	0	2	1	0	0	0	0	1	1	1	1	0	1	0	0	0	0	1	1	2	3	0	3	0	0	2	0	1	1	0	1	0	1	0	0	1	0	0	0	1	1	0	0	1	0	0	0	0	0	0	0	0
"Sample82"	1	1	0	2	3	2	0	0	1	1	0	0	0	2	0	0	0	0	0	1	2	0	0	1	0	0	0	0	1	0	0	1	1	3	1	0	0	2	1	0	0	0	0	0	3	2	0	2	0	0	2	0	0	0	0	0	0	0	0	3	1	0	0	0	2	0	1	3	0	0	3	0	0	2	0	0	1	0	2	0	0	0	0	1	0	0	0	0	0	0	0	0	1	0	0	0
"Sample83"	0	2	0	1	4	2	0	0	0	0	0	0	1	0	0	1	0	0	0	0	0	1	1	1	1	0	0	0	1	0	0	1	0	1	1	0	0	0	0	3	1	1	0	1	0	0	0	1	0	0	0	0	0	1	0	0	1	0	1	0	1	0	0	2	0	1	1	1	1	0	2	0	2	0	0	0	0	0	1	0	0	0	0	0	0	0	0	0	0	0	0	0	0	0	0	0
"Sample84"	2	0	0	0	0	1	0	1	2	2	0	0	1	0	0	0	0	0	0	1	1	1	0	0	0	0	0	0	0	0	0	4	0	3	1	2	3	0	1	2	4	1	0	2	0	0	0	3	0	0	1	2	0	2	0	0	0	0	1	1	3	0	1	0	4	0	1	2	0	1	0	2	1	0	1	1	2	1	0	1	0	1	1	1	1	0	0	0	0	0	0	0	0	1	0	0
"Sample85"	0	1	0	0	4	3	0	1	0	2	0	1	1	1	0	1	0	0	0	0	0	2	0	2	0	1	0	1	0	0	0	1	0	2	0	0	2	2	1	0	1	0	0	0	0	1	0	0	1	0	1	1	0	0	1	2	0	0	0	1	1	0	0	1	2	0	0	0	0	1	0	0	0	0	0	2	0	0	1	0	1	0	0	0	0	1	0	0	1	1	1	0	0	0	0	0
"Sample86"	2	0	0	1	2	2	0	0	1	1	0	0	0	0	0	1	2	0	0	0	0	1	0	2	0	0	0	0	1	0	0	0	4	0	0	1	0	3	0	4	0	0	0	1	0	1	0	2	0	0	1	1	0	1	0	2	0	0	0	1	0	0	2	0	2	0	1	1	0	1	1	1	0	0	1	0	1	0	0	2	0	0	1	0	0	0	1	0	0	0	0	0	1	0	0	0
"Sample87"	0	1	0	0	2	1	0	0	0	2	0	0	1	0	0	0	1	1	0	1	0	0	0	0	1	0	0	0	1	0	0	1	2	0	0	2	0	2	0	0	0	2	1	1	1	1	1	2	0	0	1	1	0	1	2	0	0	0	0	0	1	0	0	0	0	1	0	1	1	0	1	1	2	0	0	0	1	0	0	3	0	0	1	0	0	1	0	0	0	0	0	0	1	1	0	0
"Sample88"	0	1	0	1	1	3	0	0	0	2	1	0	0	1	0	0	0	0	0	0	0	1	0	1	0	1	0	0	0	1	0	2	2	1	0	1	2	1	0	1	2	0	2	1	1	0	1	0	1	0	2	2	0	2	1	1	0	1	0	0	0	1	0	0	2	0	0	0	0	0	0	2	1	0	0	0	0	0	0	1	0	0	0	0	1	0	0	0	0	0	0	0	0	0	1	0
"Sample89"	2	1	1	0	0	0	1	1	0	1	1	0	1	3	0	1	1	0	0	0	1	0	0	1	0	1	0	0	0	0	0	1	0	0	1	0	2	1	0	1	1	0	0	0	0	2	1	0	1	0	0	1	0	1	2	0	1	0	0	0	0	0	0	2	2	0	1	0	2	1	1	0	0	0	1	1	3	0	0	1	0	0	0	0	0	0	0	2	1	0	0	0	0	0	0	0
"Sample90"	1	0	0	0	1	1	0	0	0	0	0	0	1	0	1	0	0	2	0	1	3	1	0	0	0	0	0	2	0	0	0	1	1	0	1	3	2	1	3	0	2	1	0	0	0	1	1	0	1	0	1	1	0	0	1	1	0	1	3	0	0	0	0	0	3	0	1	0	0	0	0	0	0	2	0	0	0	1	0	0	0	0	1	0	0	0	0	0	0	0	0	1	1	0	1	2
"Sample91"	0	2	0	0	1	0	0	1	1	1	1	0	2	1	0	1	0	0	0	1	0	1	0	0	0	0	1	0	0	0	0	0	0	0	0	3	3	0	1	0	2	1	0	0	1	3	0	0	0	0	1	0	1	1	0	0	1	0	0	1	0	0	0	0	2	0	1	0	1	1	0	1	3	0	1	2	0	0	1	2	1	0	0	0	0	0	0	0	0	0	0	1	0	0	0	0
"Sample92"	1	1	0	3	3	0	0	1	0	1	0	0	0	3	0	0	0	2	0	0	0	0	0	0	0	0	0	0	0	2	0	0	0	0	2	1	1	1	0	0	1	2	0	1	2	1	0	2	1	0	1	1	0	2	0	0	0	1	1	0	0	0	0	3	2	0	1	2	1	0	0	1	0	0	0	1	1	0	2	1	1	0	1	1	0	0	0	0	0	0	0	0	0	0	0	1
"Sample93"	0	2	0	1	1	1	0	0	0	1	0	1	1	0	0	2	0	0	0	0	0	0	1	1	1	0	0	1	1	0	0	0	1	2	0	0	1	0	0	2	0	3	0	2	1	0	0	2	0	0	2	3	0	0	0	0	0	0	0	0	0	0	0	1	0	1	0	1	1	0	2	0	0	1	0	0	0	2	1	0	0	0	0	1	1	0	2	0	0	0	0	2	1	0	0	0
"Sample94"	2	4	0	1	5	0	0	1	0	0	0	3	0	0	0	0	0	0	0	0	1	1	0	1	0	0	0	1	0	1	0	1	1	0	0	0	0	2	0	1	1	1	0	1	0	2	0	0	0	0	0	0	0	1	0	0	1	0	0	0	0	0	1	0	3	1	0	2	0	0	1	1	0	0	1	1	2	0	1	0	0	0	0	0	0	1	0	0	0	0	0	0	0	0	0	0
"Sample95"	0	1	1	0	1	1	0	0	1	0	0	0	1	0	0	0	0	0	0	1	0	0	0	0	0	0	0	1	0	0	0	0	0	0	0	0	2	4	1	1	1	0	0	1	1	0	0	0	0	0	1	1	0	1	0	0	0	0	0	0	0	0	1	0	3	0	0	0	2	0	0	0	2	0	0	0	0	0	0	1	0	0	0	0	0	1	0	0	1	0	1	0	0	0	0	1
"Sample96"	0	0	0	0	0	1	0	0	1	0	0	0	1	1	0	0	0	2	0	0	0	0	0	0	0	0	0	0	0	0	0	1	0	0	0	0	0	1	0	1	0	0	2	0	0	2	0	0	1	0	1	0	0	0	0	0	0	0	0	0	1	1	0	1	4	1	1	1	0	0	2	0	1	0	2	1	2	0	4	0	0	0	0	0	0	0	0	0	0	0	0	0	1	0	0	0
"Sample97"	2	1	0	0	1	1	0	1	0	1	0	2	1	0	0	0	0	0	0	0	0	3	0	1	0	2	0	0	1	0	0	0	0	1	1	0	0	0	1	0	1	1	1	0	3	1	1	2	0	0	0	1	0	1	1	0	0	0	0	0	0	0	0	1	1	0	1	2	0	2	0	1	0	0	1	2	0	0	0	0	0	0	0	0	0	0	0	0	0	0	0	0	0	0	1	0
"Sample98"	1	0	0	0	2	0	0	0	1	0	0	0	0	2	0	0	1	0	0	0	1	0	0	0	1	0	0	1	2	1	0	0	0	3	1	0	0	1	1	0	0	1	3	3	0	0	0	0	1	0	0	1	1	0	2	1	1	0	0	0	0	1	0	0	2	0	1	0	1	0	1	0	0	0	2	0	2	1	0	0	0	0	1	0	0	0	0	0	0	0	0	0	0	0	0	0
"Sample99"	2	0	0	1	3	3	0	0	0	0	0	1	1	0	0	2	1	1	0	0	1	1	0	1	1	0	0	0	0	0	0	1	1	0	0	1	1	0	0	3	0	0	0	2	1	3	0	1	1	0	1	1	0	0	0	0	0	0	0	0	1	0	1	3	2	1	3	2	1	1	1	0	0	0	0	0	2	0	0	1	0	0	0	2	0	0	0	0	1	0	0	0	2	0	1	0
"Sample100"	0	0	0	2	1	2	1	1	0	1	0	1	3	0	1	0	0	1	0	0	0	1	0	0	0	0	0	1	0	0	0	1	1	0	0	1	0	1	0	0	1	4	1	2	0	1	0	0	0	0	0	0	0	1	0	0	0	0	0	0	2	0	0	1	1	0	3	2	1	0	0	1	0	0	0	0	0	0	0	0	0	0	0	0	1	0	0	0	0	0	1	0	0	0	0	0
