"A[C>A]A"	"A[C>A]C"	"A[C>A]G"	"A[C>A]T"	"C[C>A]A"	"C[C>A]C"	"C[C>A]G"	"C[C>A]T"	"G[C>A]A"	"G[C>A]C"	"G[C>A]G"	"G[C>A]T"	"T[C>A]A"	"T[C>A]C"	"T[C>A]G"	"T[C>A]T"	"A[C>G]A"	"A[C>G]C"	"A[C>G]G"	"A[C>G]T"	"C[C>G]A"	"C[C>G]C"	"C[C>G]G"	"C[C>G]T"	"G[C>G]A"	"G[C>G]C"	"G[C>G]G"	"G[C>G]T"	"T[C>G]A"	"T[C>G]C"	"T[C>G]G"	"T[C>G]T"	"A[C>T]A"	"A[C>T]C"	"A[C>T]G"	"A[C>T]T"	"C[C>T]A"	"C[C>T]C"	"C[C>T]G"	"C[C>T]T"	"G[C>T]A"	"G[C>T]C"	"G[C>T]G"	"G[C>T]T"	"T[C>T]A"	"T[C>T]C"	"T[C>T]G"	"T[C>T]T"	"A[T>A]A"	"A[T>A]C"	"A[T>A]G"	"A[T>A]T"	"C[T>A]A"	"C[T>A]C"	"C[T>A]G"	"C[T>A]T"	"G[T>A]A"	"G[T>A]C"	"G[T>A]G"	"G[T>A]T"	"T[T>A]A"	"T[T>A]C"	"T[T>A]G"	"T[T>A]T"	"A[T>C]A"	"A[T>C]C"	"A[T>C]G"	"A[T>C]T"	"C[T>C]A"	"C[T>C]C"	"C[T>C]G"	"C[T>C]T"	"G[T>C]A"	"G[T>C]C"	"G[T>C]G"	"G[T>C]T"	"T[T>C]A"	"T[T>C]C"	"T[T>C]G"	"T[T>C]T"	"A[T>G]A"	"A[T>G]C"	"A[T>G]G"	"A[T>G]T"	"C[T>G]A"	"C[T>G]C"	"C[T>G]G"	"C[T>G]T"	"G[T>G]A"	"G[T>G]C"	"G[T>G]G"	"G[T>G]T"	"T[T>G]A"	"T[T>G]C"	"T[T>G]G"	"T[T>G]T"
"Sample1"	1	0	0	0	4	2	1	1	0	0	0	0	1	1	0	0	3	1	0	0	3	0	0	3	0	0	0	1	1	2	0	2	4	3	0	0	2	1	3	2	1	0	0	0	1	2	1	2	2	0	1	0	0	0	2	0	0	0	0	1	2	0	1	1	0	0	1	2	1	3	1	1	1	1	1	0	1	0	1	0	0	0	0	0	0	0	0	2	0	0	0	0	1	0	1	0
"Sample2"	0	1	0	1	4	6	0	4	1	0	0	0	0	1	0	1	0	1	0	0	1	0	0	3	2	0	0	1	1	1	0	1	1	1	0	2	2	2	2	3	3	1	0	1	0	1	0	3	0	0	1	0	0	0	0	0	1	0	0	0	0	1	2	0	4	4	3	2	1	0	4	6	1	0	1	1	0	1	1	1	0	0	0	0	0	0	0	0	0	0	2	0	0	0	1	1
"Sample3"	1	2	0	2	3	5	0	5	1	2	1	0	1	0	0	1	0	0	0	1	2	2	0	0	0	0	0	1	0	0	2	1	0	1	1	6	2	2	1	4	0	1	1	1	1	1	0	1	0	0	1	0	0	1	1	3	0	1	0	0	0	1	3	1	0	1	3	5	0	4	1	1	0	0	1	1	1	1	0	3	0	0	0	2	1	1	0	0	0	0	1	0	1	0	0	1
"Sample4"	2	0	0	2	8	1	0	0	0	1	0	0	1	2	0	1	2	0	0	3	0	2	2	0	1	0	0	0	1	2	0	3	6	1	1	1	3	5	2	5	1	1	0	0	0	1	0	1	2	0	1	1	0	2	0	1	1	1	0	0	1	0	1	0	2	0	5	0	1	1	2	3	2	0	0	0	4	0	0	1	1	0	0	0	0	0	0	1	0	0	0	0	0	0	1	5
"Sample5"	1	1	0	1	2	2	0	0	0	1	0	0	1	1	0	2	1	0	0	0	0	0	0	0	0	1	0	0	1	1	0	0	3	1	2	2	0	2	0	5	1	0	0	0	3	5	0	1	1	0	1	1	1	1	3	2	0	0	0	0	2	0	0	1	3	0	0	7	3	2	0	1	2	0	3	2	4	2	0	4	1	1	4	0	0	4	1	0	0	0	0	0	0	1	1	1
"Sample6"	0	3	0	0	0	2	0	0	2	0	1	0	1	2	1	2	1	3	0	0	1	1	2	2	1	0	0	1	0	0	0	0	0	0	0	3	2	2	0	3	2	4	0	0	0	1	0	1	2	0	1	2	1	0	1	1	1	1	0	0	1	1	0	1	3	1	5	2	5	1	1	1	3	0	0	2	4	1	1	2	0	0	3	0	1	0	1	0	0	0	0	0	1	0	0	1
"Sample7"	1	3	0	0	1	4	1	0	0	1	0	0	0	0	0	2	3	0	0	2	0	0	0	1	0	3	0	0	4	1	0	1	1	1	1	1	1	5	2	6	1	2	0	1	1	3	2	3	0	1	2	1	0	1	1	1	0	0	0	0	1	0	0	2	5	1	1	0	0	0	0	3	0	0	2	1	1	1	1	2	0	0	1	0	0	0	0	1	0	0	0	1	0	0	0	2
"Sample8"	1	2	2	0	1	3	0	3	1	2	0	0	0	2	0	0	1	0	0	1	2	0	1	1	1	0	0	1	2	1	0	0	0	1	1	5	2	1	0	3	2	1	0	1	0	3	1	1	0	0	4	1	2	0	0	2	0	0	0	0	2	0	3	5	2	0	8	1	1	1	3	0	0	0	0	1	2	0	1	0	0	1	1	1	0	0	1	1	0	0	0	0	0	0	0	3
"Sample9"	1	1	0	0	1	3	1	1	0	1	0	2	0	1	1	0	0	0	0	2	0	0	0	0	0	0	0	0	1	0	0	2	0	0	0	0	6	3	0	5	1	3	2	2	1	0	1	3	0	0	0	1	1	2	0	1	0	0	0	0	1	0	0	0	6	0	5	6	2	0	0	1	0	0	1	1	1	1	1	2	1	0	0	0	0	0	1	1	0	0	1	0	0	2	0	0
"Sample10"	1	1	0	0	4	2	0	3	1	2	0	1	1	2	1	1	0	0	0	3	0	1	0	1	1	2	0	0	2	2	0	0	4	1	1	1	2	3	1	1	1	2	1	2	2	0	0	2	0	1	1	0	0	0	1	0	2	0	2	2	0	0	1	3	4	1	2	3	0	1	3	3	2	1	0	1	2	0	0	4	3	0	2	1	0	0	0	1	0	0	0	0	0	0	0	3
"Sample11"	0	0	0	3	4	0	1	3	2	2	1	0	0	1	0	0	1	0	0	2	0	0	1	0	0	0	1	1	1	0	0	3	2	2	0	0	2	1	0	3	2	0	1	3	0	0	1	1	0	0	0	0	0	1	1	3	0	0	0	0	1	1	0	0	3	0	4	2	2	0	0	0	3	0	0	0	4	1	0	0	0	1	1	4	0	0	0	1	0	0	0	0	0	1	0	5
"Sample12"	0	1	0	0	4	2	0	1	2	0	0	0	2	3	0	2	0	0	0	1	0	1	0	1	0	0	0	1	0	0	0	2	2	0	0	0	2	2	2	6	3	0	0	0	1	0	0	2	0	3	1	0	0	3	1	0	3	0	0	0	3	0	0	2	0	4	2	3	0	1	0	2	2	0	0	0	2	1	0	2	0	0	1	0	0	0	0	0	1	0	0	0	1	0	2	0
"Sample13"	0	0	0	2	4	4	1	0	0	2	0	1	1	2	0	2	1	0	0	0	0	1	0	0	0	1	0	0	1	1	0	2	3	2	1	0	2	1	1	0	0	1	1	3	1	3	2	3	0	0	0	0	0	1	0	3	0	1	0	1	0	0	0	1	1	0	2	2	1	0	1	1	0	0	0	0	1	1	1	2	2	0	0	0	0	1	2	0	0	0	0	0	0	1	1	0
"Sample14"	0	1	0	1	5	2	0	5	0	0	1	0	1	0	0	0	1	0	0	0	2	1	1	1	0	0	0	1	1	2	0	5	0	2	0	2	4	0	3	3	1	3	1	2	0	2	0	2	2	0	0	1	0	0	1	0	0	0	1	0	2	1	0	0	5	0	3	6	2	1	2	0	0	0	0	0	2	0	0	0	1	0	0	0	0	1	0	0	0	0	2	0	0	1	1	1
"Sample15"	1	0	0	1	2	0	0	0	1	0	0	0	0	5	0	0	1	0	0	0	3	0	0	1	1	0	0	0	0	0	0	1	6	4	2	1	1	4	0	1	2	3	0	0	1	0	3	2	0	0	0	2	4	1	0	0	4	0	2	3	0	1	1	2	2	0	0	1	3	3	1	0	1	1	2	0	2	0	0	1	0	0	0	4	0	0	0	0	1	0	0	1	0	1	0	0
"Sample16"	1	2	0	1	0	3	2	0	2	0	0	2	1	0	0	1	4	1	0	0	0	1	0	1	0	1	0	0	3	0	0	0	3	2	2	0	3	8	0	5	1	2	1	3	3	7	2	3	1	0	1	2	1	2	1	1	0	1	2	0	1	0	0	5	6	2	3	2	6	1	1	2	2	0	0	1	0	0	1	3	0	0	1	1	0	0	0	0	1	0	0	0	0	0	0	2
"Sample17"	1	1	0	0	0	2	0	2	1	3	0	0	4	0	0	1	0	0	0	1	1	0	0	1	0	0	0	1	2	2	0	1	3	0	3	2	2	2	0	4	4	1	1	2	0	2	0	5	0	1	0	1	1	0	0	0	0	0	1	0	0	0	0	1	1	0	0	1	1	3	1	1	1	0	1	0	5	0	3	2	0	0	0	0	2	0	0	0	0	0	1	0	0	0	0	1
"Sample18"	0	0	0	0	2	2	0	0	3	0	0	0	3	2	0	1	2	0	0	0	1	2	0	0	0	2	0	2	0	1	0	0	2	1	0	1	2	0	3	4	0	1	0	5	1	2	0	3	2	0	0	3	1	1	0	1	0	0	0	0	2	1	0	1	3	0	2	6	1	1	0	2	3	0	0	1	0	0	1	1	0	0	0	4	0	1	1	0	0	0	1	0	1	0	0	0
"Sample19"	1	1	1	0	2	2	0	3	0	0	0	2	3	1	0	2	0	0	0	0	0	0	2	1	2	0	1	1	1	0	0	0	3	1	1	3	5	3	1	2	1	5	2	0	1	0	3	5	1	0	1	1	1	0	0	2	0	0	0	0	2	0	0	0	4	0	3	1	2	0	1	0	2	0	3	1	1	1	1	0	0	2	0	1	0	0	0	1	0	0	0	0	3	0	0	1
"Sample20"	2	1	1	2	4	7	0	2	0	0	0	1	1	0	0	1	3	1	0	1	0	0	0	1	2	0	0	0	1	0	0	0	4	1	1	2	2	0	0	2	1	0	2	1	0	0	2	5	0	2	1	0	0	2	1	1	0	1	1	0	1	0	0	2	3	0	3	1	0	1	0	1	2	0	0	1	2	0	1	2	0	1	0	0	0	0	0	1	0	0	0	0	0	2	0	1
"Sample21"	1	1	0	0	1	1	0	2	1	0	2	1	1	0	0	1	1	1	0	1	0	0	0	1	0	1	0	3	2	0	0	1	1	0	1	1	3	0	1	2	2	2	0	1	3	2	1	0	0	0	1	0	1	2	2	1	1	0	0	0	0	1	0	0	4	1	4	1	5	1	1	2	2	0	1	0	4	0	1	3	1	0	1	2	0	1	0	0	0	0	0	0	1	0	0	1
"Sample22"	0	3	0	6	1	2	4	0	0	0	0	1	1	5	0	2	0	0	0	0	0	3	0	0	2	1	0	0	1	0	0	2	1	2	2	0	5	0	1	5	1	2	0	0	1	0	1	2	0	1	1	0	0	0	0	1	1	0	0	0	1	0	0	1	3	1	2	3	2	0	1	1	2	3	0	1	2	0	1	4	1	0	0	0	1	0	0	0	0	0	1	0	0	0	1	3
"Sample23"	0	2	0	0	1	1	0	0	1	3	0	0	1	2	0	1	1	1	0	0	1	0	0	1	0	1	0	0	2	1	0	0	4	1	1	3	2	0	1	2	0	1	2	2	6	0	1	1	0	0	2	0	0	3	1	2	1	0	1	1	1	0	0	0	3	0	5	2	2	0	2	0	0	0	0	1	3	0	0	1	0	1	0	0	0	0	0	1	0	0	0	0	0	1	0	0
"Sample24"	0	0	0	0	4	6	0	1	0	2	1	0	1	0	0	1	1	1	0	0	1	1	0	2	2	1	0	0	0	0	0	4	1	2	0	1	1	0	2	4	7	1	0	2	1	3	0	3	1	2	0	1	0	1	0	0	2	0	0	1	1	3	0	4	3	1	1	3	2	1	0	4	0	0	1	2	3	0	1	2	1	0	0	0	0	1	1	0	0	0	2	0	2	0	0	1
"Sample25"	3	2	0	1	3	7	3	2	2	1	0	0	0	0	0	0	1	0	1	0	1	0	0	3	0	1	0	0	1	0	0	2	2	1	0	0	3	4	0	2	1	3	0	1	1	1	2	1	0	0	0	2	1	0	0	2	0	0	1	1	1	0	0	0	0	2	3	1	2	0	0	2	1	2	0	0	5	0	1	1	0	0	0	0	0	1	1	1	0	0	0	0	0	0	0	0
"Sample26"	2	1	0	1	0	1	1	1	1	1	0	0	2	1	1	0	1	1	0	1	1	0	0	1	0	0	0	0	0	1	0	3	2	2	0	1	0	2	0	3	4	2	2	1	1	1	1	1	0	0	0	2	0	1	0	0	1	1	0	0	1	0	0	2	2	0	1	3	3	1	2	3	0	0	0	0	2	0	0	0	0	0	0	0	0	2	1	0	0	0	0	0	0	0	0	1
"Sample27"	0	0	0	1	3	0	0	2	0	0	0	1	3	3	0	0	0	0	0	1	0	4	0	0	1	1	0	2	0	0	0	3	2	7	1	1	1	3	0	4	1	0	2	1	2	0	0	0	0	0	0	1	0	0	0	1	0	1	1	2	0	1	1	2	3	1	8	1	3	1	3	3	3	0	1	2	1	0	2	2	0	0	1	2	0	0	0	0	0	0	0	0	0	0	0	2
"Sample28"	0	1	0	1	2	3	0	0	0	3	0	1	1	3	0	3	1	0	0	0	0	1	1	2	2	0	0	1	1	1	0	0	1	1	0	2	0	5	0	3	1	1	1	1	0	1	4	1	6	0	0	0	1	0	0	2	1	0	0	1	1	3	0	0	4	0	2	1	2	1	0	0	0	0	2	0	1	0	1	3	0	0	2	2	0	1	0	1	0	0	0	0	0	1	0	1
"Sample29"	1	3	0	0	1	2	0	1	0	2	0	2	3	2	0	0	1	0	0	2	0	0	0	1	1	0	0	2	0	0	0	0	0	0	0	1	2	1	1	3	2	1	3	1	3	2	2	4	1	0	0	0	2	0	1	0	0	1	0	1	1	0	0	1	3	1	4	2	1	2	1	3	0	0	0	2	3	1	1	1	1	0	0	1	0	0	3	0	0	0	0	0	0	0	0	0
"Sample30"	2	2	0	0	3	2	0	4	1	1	0	2	4	0	0	0	1	0	0	3	2	2	2	1	1	0	0	0	0	0	0	0	1	1	0	1	1	0	2	3	2	2	0	1	1	1	0	3	0	0	0	0	2	0	1	0	2	1	0	0	2	1	0	1	5	0	3	2	0	2	4	3	3	2	0	2	1	0	0	7	0	0	0	0	0	1	0	1	0	0	0	1	0	1	0	1
"Sample31"	1	0	0	1	0	2	0	1	0	0	0	3	2	2	0	1	0	0	0	1	0	0	0	1	1	0	0	0	0	1	0	2	1	1	0	1	1	1	1	8	2	1	2	2	0	2	2	3	1	0	1	0	2	2	0	1	1	0	0	1	0	1	0	1	2	1	2	4	0	1	3	0	3	0	1	0	2	2	2	2	1	0	0	1	0	0	0	1	0	0	0	0	0	2	0	0
"Sample32"	0	1	0	1	2	5	1	0	0	2	0	2	0	1	0	0	0	0	0	2	1	1	0	0	1	1	0	0	2	0	0	4	3	2	0	3	2	2	1	5	0	1	0	0	1	1	0	3	0	1	0	0	1	1	1	0	0	1	1	0	0	0	0	0	2	0	1	1	1	1	0	0	0	0	1	0	2	0	1	0	0	0	0	0	0	0	0	0	0	1	1	0	0	0	0	0
"Sample33"	0	1	1	1	1	4	1	1	0	1	0	1	0	3	0	0	0	0	1	1	0	1	1	1	0	0	0	1	0	1	0	2	2	2	1	1	1	1	0	2	4	0	0	0	1	1	1	3	1	1	0	2	0	1	3	1	0	0	1	2	0	2	0	2	2	0	0	2	2	4	2	3	0	1	0	0	2	0	1	1	0	0	0	0	0	0	2	1	0	0	0	2	0	1	0	1
"Sample34"	2	2	0	0	2	5	1	1	1	2	0	0	2	1	0	0	1	0	0	1	3	0	2	1	0	0	0	0	1	0	0	2	1	1	1	2	0	0	4	2	0	0	1	2	1	4	0	1	0	0	1	0	2	0	1	1	0	1	1	0	0	0	0	4	4	2	3	1	2	0	4	1	0	0	0	0	1	1	0	1	0	0	0	0	0	0	0	0	0	0	0	0	0	0	1	0
"Sample35"	1	1	0	1	3	0	0	1	0	2	0	1	1	0	0	0	0	1	0	1	0	2	0	0	3	0	0	0	0	0	1	2	1	0	1	1	0	0	1	5	1	0	0	0	1	3	0	1	0	0	0	2	0	4	0	1	1	0	0	0	0	0	0	0	1	1	4	4	2	1	1	1	1	1	0	1	2	0	2	1	0	2	1	1	0	0	0	0	0	0	0	0	0	0	1	0
"Sample36"	1	1	0	2	3	1	0	5	2	0	0	0	0	1	0	1	0	0	0	3	0	1	0	1	2	0	0	1	1	0	0	1	1	2	1	2	0	1	0	2	2	4	1	4	0	1	1	3	1	2	1	0	1	1	0	3	1	1	0	0	0	0	0	2	5	0	6	2	1	0	2	0	3	0	0	1	0	0	0	4	0	1	0	0	0	0	0	0	0	0	0	0	0	0	0	0
"Sample37"	2	0	0	0	0	2	0	0	1	2	0	0	0	1	0	2	0	0	0	0	1	3	0	1	0	0	0	0	0	1	0	2	1	3	0	5	2	2	3	1	1	0	1	1	0	1	0	1	1	0	0	0	1	1	1	0	1	0	0	1	0	1	2	2	6	0	1	0	1	1	1	2	0	0	0	0	3	0	0	0	0	0	0	0	0	0	2	0	1	0	0	0	0	1	0	2
"Sample38"	0	1	0	0	2	2	2	2	0	1	0	1	1	0	0	2	0	0	0	0	2	0	0	3	0	0	0	1	1	0	0	4	0	1	0	2	0	2	1	2	2	0	1	3	1	3	1	1	3	0	2	2	0	0	0	1	0	0	0	1	0	0	2	1	2	0	3	2	1	1	0	0	2	0	0	2	2	0	2	1	0	0	0	0	0	0	0	2	0	0	0	0	0	0	4	0
"Sample39"	1	0	0	1	0	6	0	2	0	1	0	3	1	1	0	0	2	2	0	2	1	1	0	0	1	0	0	2	0	0	2	0	1	1	1	2	1	2	2	1	1	0	0	2	3	1	1	3	2	0	0	1	1	0	1	0	1	0	0	0	0	0	1	2	4	1	1	3	0	1	0	1	2	0	3	1	1	0	1	3	0	0	1	0	0	0	0	1	0	0	0	0	0	0	1	0
"Sample40"	3	0	0	3	0	0	1	1	1	1	0	0	0	1	1	3	0	0	0	0	0	3	0	2	1	0	0	1	2	0	0	0	2	1	4	4	1	1	2	5	0	1	0	0	1	1	0	2	0	0	1	1	0	1	0	1	0	0	0	1	3	1	0	2	8	0	4	4	0	1	1	2	0	1	1	2	0	0	0	2	1	0	0	2	0	0	1	0	0	0	0	1	1	0	0	1
"Sample41"	1	3	1	0	1	1	0	1	0	0	1	0	2	2	0	0	0	0	0	0	0	1	2	0	0	0	0	1	2	2	0	1	2	3	0	2	2	0	1	1	0	0	1	1	3	2	1	0	4	2	0	0	1	2	1	1	0	0	0	1	0	3	0	0	1	1	1	4	3	2	3	1	1	1	0	0	1	0	0	1	0	0	1	0	0	0	0	1	0	0	1	0	2	0	0	1
"Sample42"	4	3	0	1	0	0	1	1	2	1	1	1	1	3	0	4	0	0	0	1	0	2	0	1	1	1	0	0	0	0	0	3	5	1	0	0	2	2	0	1	2	2	0	4	0	1	0	3	2	0	0	0	0	2	1	1	0	0	0	0	0	0	0	1	1	0	0	1	0	2	1	3	0	0	3	2	5	1	0	0	1	0	1	0	0	0	1	0	0	0	1	0	0	0	1	0
"Sample43"	0	0	0	0	2	2	1	0	1	0	0	3	4	2	0	0	0	1	1	0	1	1	0	1	0	0	0	1	2	0	0	1	2	2	1	1	3	1	1	0	1	1	0	1	1	2	0	2	0	1	0	1	0	1	2	0	1	0	1	2	1	0	0	2	3	0	3	1	6	1	1	2	1	1	0	1	3	0	2	2	2	0	0	2	0	0	3	0	0	0	0	0	1	0	0	0
"Sample44"	1	0	0	0	5	5	1	1	2	1	0	1	1	0	0	1	1	0	0	0	1	0	0	0	0	0	0	4	1	0	0	0	2	0	0	2	4	2	2	0	2	2	0	0	0	5	0	0	0	3	0	1	0	1	0	0	0	0	0	0	1	1	0	1	2	1	2	2	5	0	2	1	1	0	0	0	1	0	1	2	0	0	2	3	0	1	2	1	0	1	0	0	2	0	0	1
"Sample45"	0	0	0	0	9	3	0	2	2	2	0	1	2	0	0	1	2	0	0	0	1	3	1	1	0	1	0	1	0	3	0	1	1	0	1	2	4	1	1	1	3	2	0	1	3	2	1	1	1	0	0	1	1	1	2	0	0	0	0	0	0	1	0	2	2	0	2	2	4	3	2	2	2	0	0	1	1	1	1	5	0	0	0	0	0	0	0	0	0	0	0	0	3	0	0	0
"Sample46"	3	1	0	1	6	3	1	1	1	0	0	0	0	2	0	0	2	2	0	0	0	0	0	2	1	0	0	0	0	0	0	0	0	1	0	0	1	5	1	3	1	3	1	0	0	1	2	2	1	0	3	1	0	0	1	0	0	0	0	0	1	0	0	0	7	4	1	0	1	1	1	1	3	0	0	3	1	0	0	3	1	0	2	1	1	0	0	0	0	0	0	0	1	0	0	0
"Sample47"	1	2	0	3	2	1	0	2	0	0	0	0	0	2	0	0	0	0	0	2	1	1	0	1	0	1	0	1	2	4	0	3	2	1	0	3	1	1	1	1	1	1	1	1	0	1	0	3	1	0	1	0	0	1	1	0	1	2	2	1	1	0	0	0	7	0	2	1	1	1	2	0	2	1	0	1	4	1	2	1	2	0	0	0	0	1	0	0	1	0	1	1	0	0	0	2
"Sample48"	0	1	0	2	3	0	0	0	0	0	0	0	2	2	0	1	1	0	0	0	0	0	0	1	2	1	0	1	2	0	0	1	3	0	4	0	2	3	1	4	0	1	2	4	0	2	0	3	2	0	2	4	1	0	0	1	0	0	0	1	1	0	0	0	4	1	4	4	2	1	1	3	1	1	3	0	2	0	0	4	0	0	0	0	0	1	0	0	0	0	0	0	1	0	0	0
"Sample49"	0	2	0	0	2	5	0	0	1	3	0	0	2	1	0	1	1	0	0	0	2	4	0	1	0	0	0	1	1	0	0	1	3	0	1	2	4	2	1	4	1	3	1	0	1	3	1	6	2	0	1	1	2	0	1	1	0	0	1	2	3	0	0	0	3	1	3	1	3	1	0	2	0	1	0	0	0	2	1	0	0	0	0	0	0	2	0	1	0	0	1	0	0	1	0	1
"Sample50"	1	2	0	3	2	6	2	2	2	1	0	0	1	1	0	1	0	0	1	3	1	0	0	3	0	0	0	1	3	1	0	3	2	1	1	4	0	1	1	4	2	3	0	0	3	1	0	2	1	1	1	2	1	0	0	0	0	0	0	0	0	0	0	0	2	1	2	3	3	0	1	2	0	0	0	0	2	0	2	0	0	0	3	1	0	1	0	0	0	0	0	0	0	0	0	0
"Sample51"	2	1	0	1	3	4	0	1	0	3	0	1	1	2	0	4	1	0	0	1	0	1	0	0	0	0	0	0	0	0	0	0	1	0	2	0	2	3	1	2	0	1	0	0	1	2	0	3	0	0	1	0	0	0	0	1	0	1	1	0	2	1	1	2	2	0	1	5	0	0	1	2	2	0	0	2	2	0	1	1	0	0	2	0	0	0	2	0	0	0	0	0	0	0	0	1
"Sample52"	2	1	0	0	3	6	0	3	3	0	1	0	1	3	2	0	0	2	0	3	0	2	0	0	0	0	0	2	1	0	0	0	1	2	1	1	1	5	0	3	0	0	0	3	1	1	0	1	2	1	0	0	0	2	0	0	1	0	0	2	0	0	1	1	4	1	1	4	2	2	2	1	1	0	0	0	4	1	0	1	1	0	0	0	0	0	0	0	0	0	0	0	1	1	0	0
"Sample53"	0	4	0	2	2	1	1	2	0	0	0	0	1	0	0	1	1	0	0	0	0	0	1	4	0	1	0	0	1	0	0	1	1	2	0	2	4	3	3	5	2	1	0	1	2	1	2	4	0	0	0	1	1	0	0	1	0	0	0	0	0	0	0	3	1	1	3	7	3	1	0	3	0	1	1	2	4	0	1	1	0	0	0	1	0	0	0	0	0	0	1	0	0	0	0	1
"Sample54"	0	1	0	4	4	3	0	1	0	1	0	0	1	0	0	0	1	0	0	2	0	2	1	0	1	1	0	0	1	0	0	0	2	2	0	2	2	1	1	3	2	5	1	1	3	3	0	2	2	1	0	1	1	0	1	1	3	0	1	0	1	0	2	0	1	0	2	3	0	1	3	3	2	1	0	0	1	0	0	1	0	0	0	1	0	0	3	1	0	3	1	0	0	0	0	2
"Sample55"	1	0	0	1	3	0	1	0	0	2	2	1	0	2	2	0	0	0	0	3	1	0	0	0	2	0	0	0	0	1	0	1	1	1	1	2	0	3	2	1	2	3	1	0	2	3	0	1	1	0	1	1	0	0	0	2	0	0	0	0	0	3	0	0	2	1	0	3	2	0	4	2	0	0	0	0	3	0	0	1	0	0	0	1	0	0	0	0	0	0	1	0	0	0	0	3
"Sample56"	2	1	1	1	2	2	0	3	1	1	0	0	0	1	0	1	1	0	0	0	5	0	0	0	0	0	0	0	1	0	0	1	1	0	2	2	1	2	1	3	1	2	0	1	1	1	0	1	0	0	0	0	1	0	0	0	0	0	2	0	0	1	0	2	2	1	1	2	2	1	0	0	1	1	0	3	1	0	1	1	0	0	0	3	0	0	1	0	0	0	0	1	0	1	1	1
"Sample57"	1	1	0	0	3	3	0	6	1	0	0	1	2	2	0	2	1	1	0	2	1	0	1	2	2	2	0	1	0	0	1	1	1	1	0	2	0	4	1	3	1	1	1	2	3	3	2	2	1	1	2	0	0	4	0	0	1	0	2	1	0	2	0	0	3	3	3	4	1	0	0	1	0	0	1	0	2	0	1	3	1	0	0	0	0	1	2	1	1	0	0	0	2	0	0	1
"Sample58"	1	1	0	0	4	3	0	1	1	0	0	0	2	1	0	0	0	0	1	2	0	0	0	2	1	0	0	1	0	1	0	0	5	2	0	1	2	3	1	3	4	2	1	6	1	0	0	1	0	0	0	2	0	0	1	2	0	0	0	0	0	0	1	3	4	1	0	3	1	0	1	0	0	0	0	1	0	0	0	2	0	0	1	0	0	0	0	0	0	0	0	0	1	0	0	1
"Sample59"	2	0	0	1	3	1	1	2	1	2	0	2	1	1	0	1	0	0	0	0	2	1	0	0	0	0	0	0	0	1	0	1	2	0	0	0	0	1	0	2	3	4	0	1	0	0	3	0	2	0	1	0	0	1	0	0	0	1	0	1	2	0	2	2	3	1	0	2	4	0	1	2	3	0	1	1	1	0	2	3	0	0	1	0	1	0	0	0	0	1	0	0	0	1	1	0
"Sample60"	1	3	0	0	4	2	2	2	0	2	0	3	1	1	0	1	0	2	0	1	1	0	0	3	0	0	0	1	1	0	0	4	2	2	3	1	2	2	0	5	0	0	1	7	2	2	0	1	0	1	0	2	0	0	2	2	0	0	1	0	0	0	0	1	2	1	2	3	1	2	2	3	3	1	0	2	1	1	2	0	0	0	0	0	0	1	0	0	0	0	0	0	1	0	0	1
"Sample61"	1	0	0	0	3	3	0	4	0	2	0	1	4	0	1	0	2	0	0	2	0	0	1	0	0	0	0	2	4	1	0	0	2	3	1	2	0	5	2	2	1	0	0	1	1	2	1	3	0	0	0	1	3	0	0	0	0	1	0	0	3	1	0	0	3	1	1	1	2	1	3	0	3	0	0	3	0	1	1	3	1	0	1	1	0	0	0	1	0	0	0	0	0	2	1	1
"Sample62"	0	2	0	2	2	1	0	0	0	3	0	1	0	0	0	2	2	0	0	1	1	1	0	1	0	0	0	0	0	1	0	3	0	1	2	2	2	2	2	7	0	1	0	3	0	4	2	3	0	1	1	1	1	1	0	3	1	0	0	0	0	0	3	1	1	0	4	1	0	1	1	3	1	0	2	2	2	1	0	0	1	0	0	1	0	0	0	0	1	0	0	0	0	0	0	0
"Sample63"	0	0	1	0	0	2	0	1	0	0	1	1	1	3	0	2	1	1	0	1	0	2	0	2	1	1	0	1	1	4	0	2	1	1	0	0	3	5	1	4	1	1	0	0	1	4	0	0	0	0	0	2	1	1	1	1	0	1	2	0	0	0	1	0	2	0	4	1	1	1	0	1	1	0	1	0	0	1	2	2	0	0	2	1	1	0	0	1	0	0	0	0	0	0	2	1
"Sample64"	2	4	0	4	4	3	0	2	0	1	0	1	3	0	0	1	1	0	0	0	1	1	0	2	0	1	0	1	0	0	0	2	1	2	2	3	1	4	1	4	5	1	0	1	0	1	0	3	0	0	0	1	1	4	0	0	0	0	0	2	1	2	0	1	1	0	2	4	0	1	0	3	0	2	1	4	1	0	1	1	0	0	0	1	1	0	1	3	0	0	1	1	0	0	2	0
"Sample65"	1	0	0	0	1	6	0	2	0	0	3	1	0	0	0	1	4	0	0	1	1	1	1	1	0	1	0	0	0	3	0	0	1	0	1	2	2	1	0	3	0	0	0	1	0	0	0	0	1	0	2	1	1	0	0	0	1	0	0	1	0	0	3	1	3	3	5	0	1	3	1	3	0	0	1	0	3	0	1	0	2	0	1	0	1	1	0	1	0	0	1	1	0	0	0	0
"Sample66"	0	3	0	1	3	2	0	0	2	2	0	0	0	0	0	1	0	1	0	0	0	1	0	0	1	2	0	0	1	1	0	1	0	0	0	1	1	0	1	2	0	2	1	0	0	2	1	1	0	0	0	1	1	2	0	1	0	0	0	0	0	1	0	0	3	0	6	2	0	0	0	2	1	0	0	2	1	0	0	2	1	0	0	0	0	0	0	0	0	0	0	0	1	1	0	0
"Sample67"	4	0	2	0	3	6	0	1	1	0	0	1	0	0	1	0	1	0	0	0	2	1	0	2	0	0	0	1	2	0	0	2	2	0	1	2	4	6	1	1	0	1	1	2	1	0	0	2	2	0	1	0	0	2	1	0	0	0	0	0	0	1	0	1	7	0	1	2	1	1	2	2	1	0	1	3	2	2	0	3	1	0	0	1	0	0	2	0	0	1	0	0	0	0	1	0
"Sample68"	1	2	0	1	3	4	0	1	1	3	1	2	0	1	0	2	3	0	0	2	1	4	0	0	0	1	0	1	0	0	1	1	1	1	0	0	1	1	2	3	0	0	0	1	0	1	0	1	2	0	5	0	0	1	0	0	0	1	1	0	0	0	3	1	3	0	3	1	3	1	1	4	2	0	1	2	3	1	1	0	0	0	0	1	0	0	0	1	0	0	0	0	1	0	0	0
"Sample69"	2	0	0	1	3	3	0	1	0	4	0	0	2	0	0	1	1	2	0	0	1	0	0	2	0	0	0	1	2	1	1	0	2	2	1	3	2	3	0	5	0	1	2	0	2	2	1	3	0	0	0	1	0	0	1	1	0	0	1	0	0	0	0	0	2	2	1	1	3	2	2	0	2	0	1	1	1	0	4	1	0	0	2	1	1	0	2	0	0	0	0	0	1	0	0	0
"Sample70"	0	2	0	2	3	3	0	1	1	1	0	0	0	6	0	0	0	0	0	0	1	0	1	0	0	0	0	0	1	1	0	1	6	2	0	3	0	1	1	0	0	1	0	2	1	3	0	4	0	0	0	2	1	2	1	1	0	0	2	1	1	1	0	2	5	0	0	2	1	0	0	3	0	1	1	2	2	0	0	2	0	0	0	0	2	1	0	1	0	0	0	0	2	0	0	1
"Sample71"	0	3	0	0	7	1	0	2	1	2	0	0	2	1	0	0	1	2	0	0	1	0	0	2	0	0	0	0	2	0	0	2	0	0	3	3	1	2	2	1	0	2	1	2	0	1	0	1	0	0	2	1	1	2	1	2	0	0	0	0	3	0	0	2	5	0	2	1	3	0	1	5	1	0	2	1	2	1	2	1	0	1	0	1	0	0	0	0	0	0	0	0	0	1	0	2
"Sample72"	0	3	0	0	1	0	0	0	0	1	0	1	1	1	0	0	0	0	1	0	1	4	0	0	0	0	0	1	1	0	0	0	5	4	2	4	0	3	0	0	0	2	0	1	1	3	0	1	0	1	1	2	1	1	0	1	0	0	0	0	0	1	0	1	3	0	3	3	2	0	3	4	1	1	1	0	1	0	0	1	0	0	0	0	0	0	1	2	0	0	0	2	0	0	0	0
"Sample73"	2	0	1	1	4	3	0	1	0	1	0	1	3	0	0	1	0	0	0	0	1	0	0	0	0	0	0	2	1	0	0	2	2	0	1	2	1	0	0	3	1	0	1	3	1	1	1	3	3	0	0	0	0	1	0	1	1	0	1	0	0	1	3	0	2	0	2	1	3	1	0	0	0	1	0	0	2	0	0	3	0	1	0	0	0	0	1	0	0	0	0	0	0	0	1	0
"Sample74"	4	2	1	2	2	4	0	0	0	0	0	2	1	1	0	0	1	0	0	1	3	2	0	3	2	0	0	1	1	0	1	0	2	3	1	1	1	3	1	2	1	1	1	1	2	1	0	3	0	0	1	3	0	0	2	1	2	0	1	0	1	0	0	4	4	1	0	4	1	1	1	0	2	0	0	0	2	1	0	2	0	0	1	0	0	0	0	0	1	0	0	0	0	0	1	3
"Sample75"	0	4	1	0	1	2	0	2	1	3	0	1	1	2	0	1	1	0	0	1	3	1	0	2	1	0	0	0	2	1	0	2	6	2	4	0	0	1	1	1	2	8	0	1	1	1	1	4	1	0	1	1	0	1	1	2	0	1	1	2	2	0	2	1	8	0	5	0	0	1	2	2	0	0	1	3	3	0	0	2	0	0	0	0	0	0	0	0	1	0	0	0	1	0	0	0
"Sample76"	0	0	0	0	1	3	0	2	2	2	0	0	2	2	0	1	0	0	0	0	1	2	0	2	1	0	0	0	0	1	0	2	2	0	2	3	3	4	0	1	2	0	2	1	1	0	1	0	0	0	0	0	0	1	0	6	1	0	0	0	0	0	1	0	5	0	3	3	2	1	0	3	0	2	0	0	2	1	0	0	1	0	0	0	0	0	2	0	0	0	0	0	0	0	1	0
"Sample77"	0	2	2	2	3	2	0	1	0	1	1	0	1	1	2	3	2	0	0	0	2	1	0	6	0	1	0	1	1	1	0	0	1	1	0	1	2	3	0	2	1	2	0	0	0	1	1	2	0	1	0	2	1	1	2	1	0	0	0	0	1	3	1	0	3	0	2	1	0	0	1	2	6	1	2	0	1	0	0	0	1	0	0	0	0	1	0	1	0	0	1	0	0	0	0	1
"Sample78"	1	2	0	1	2	1	1	2	2	1	0	0	0	1	3	0	1	0	0	0	3	0	0	1	1	1	0	0	0	1	1	2	2	1	0	0	0	1	2	2	0	1	0	3	0	3	1	2	2	0	0	0	0	1	2	0	2	0	0	0	0	1	1	1	2	2	3	1	1	0	2	2	0	0	0	3	3	3	0	1	0	0	0	1	0	0	0	1	0	2	2	0	0	0	0	2
"Sample79"	2	0	0	0	3	1	0	0	0	1	0	0	0	1	0	1	1	0	0	2	0	0	1	1	0	1	0	0	0	0	0	3	1	1	1	2	6	3	4	1	0	0	1	3	1	1	0	1	0	1	0	1	1	3	0	4	0	0	0	0	1	1	1	1	4	1	5	4	1	0	0	3	0	2	3	1	2	0	2	1	0	1	1	0	0	2	0	0	0	0	0	1	0	0	1	0
"Sample80"	0	3	0	1	2	3	0	3	0	1	0	0	0	2	0	1	0	2	0	0	0	2	0	1	2	1	0	1	0	0	0	1	1	1	2	1	2	3	3	6	0	1	1	0	1	1	0	0	0	0	0	0	0	0	1	0	0	0	0	2	1	0	0	0	3	0	0	0	6	0	0	0	0	0	2	0	4	0	1	1	1	0	2	2	0	0	0	0	0	0	0	0	0	1	0	1
"Sample81"	2	1	0	0	4	6	0	0	0	0	0	0	1	0	1	0	2	1	0	0	4	2	0	0	0	0	0	0	4	0	0	0	1	3	0	0	1	2	3	1	1	1	1	2	1	3	1	0	2	0	0	1	1	2	1	1	2	1	0	0	1	1	1	2	3	1	3	0	1	2	1	1	1	2	1	0	1	0	0	2	0	0	0	1	2	0	0	0	0	0	0	0	0	0	0	0
"Sample82"	0	1	0	2	3	3	0	0	1	1	0	0	0	2	0	0	1	0	0	1	2	1	0	1	0	0	0	0	1	1	0	3	1	6	1	1	1	2	2	0	0	0	1	0	2	3	0	2	1	0	2	0	1	0	0	0	0	0	0	4	1	0	0	0	4	0	1	4	0	0	4	2	0	2	0	2	3	0	2	0	0	0	0	0	1	0	1	0	0	0	0	2	1	0	0	0
"Sample83"	0	3	0	1	4	2	0	0	0	0	1	0	2	1	0	1	0	0	0	0	0	3	1	2	1	0	0	0	1	1	0	1	1	2	1	1	1	1	0	7	2	2	0	1	0	1	0	2	0	0	1	0	0	1	2	2	2	0	4	0	1	1	0	3	2	2	2	1	2	1	2	1	3	0	0	0	0	1	1	0	1	0	1	0	1	0	0	0	0	0	0	0	0	1	0	0
"Sample84"	3	0	0	0	0	5	0	1	3	3	0	2	2	1	0	2	1	0	1	0	2	1	0	0	0	0	0	0	0	0	0	4	1	3	1	5	3	2	3	4	4	1	0	3	0	0	1	4	1	0	1	2	0	2	0	0	0	0	1	1	2	1	3	0	7	1	1	2	0	2	1	2	2	0	1	1	4	1	0	3	0	1	1	1	1	0	0	0	0	0	0	0	0	1	0	0
"Sample85"	0	0	0	0	5	3	0	1	1	3	0	3	1	1	0	1	0	0	0	1	1	3	0	2	0	1	0	1	0	1	0	1	1	1	0	1	3	5	0	4	1	0	0	0	3	1	0	0	2	0	1	0	0	2	1	2	0	0	0	1	1	0	0	3	4	0	2	4	0	1	0	0	0	0	1	4	2	1	1	0	2	0	0	0	0	1	0	1	1	1	1	0	0	0	0	0
"Sample86"	2	0	0	0	4	4	0	3	1	0	0	1	1	1	1	0	1	0	0	0	0	1	0	3	0	1	0	0	2	0	0	0	4	0	0	2	1	5	0	5	1	1	0	0	1	2	0	2	1	0	2	0	1	2	0	2	0	0	0	2	0	0	3	0	3	0	5	3	1	1	1	2	0	0	2	0	1	1	0	5	0	0	0	0	0	0	1	0	0	0	1	0	1	0	0	0
"Sample87"	0	1	0	0	4	3	0	0	0	3	0	0	1	1	0	1	1	1	0	2	0	0	2	3	1	0	0	1	1	0	0	1	2	0	0	4	2	2	1	0	0	3	1	1	1	2	1	3	0	0	1	1	0	3	2	2	0	0	0	1	1	0	0	0	3	1	0	2	1	0	3	1	3	0	0	0	2	0	1	2	0	0	2	0	0	2	0	0	1	0	0	0	2	1	1	0
"Sample88"	0	2	0	1	1	4	0	0	0	4	1	0	3	2	0	0	0	0	1	0	0	1	0	3	0	1	0	0	3	1	0	3	1	2	1	3	2	1	0	1	2	1	2	2	4	0	1	0	1	1	2	5	0	2	0	1	0	1	0	0	0	5	0	1	4	1	0	3	1	0	0	2	1	0	0	0	0	0	1	1	0	0	0	0	1	0	0	0	0	0	1	0	0	0	1	0
"Sample89"	1	1	1	0	0	3	1	2	0	2	1	0	1	3	0	1	1	1	0	0	1	0	0	1	0	1	0	0	0	0	0	1	0	0	2	1	2	1	1	1	2	1	1	1	0	3	1	0	2	2	0	1	0	1	2	1	3	0	0	0	0	0	0	2	2	2	1	2	2	2	1	2	1	1	2	4	5	0	0	1	0	0	1	0	0	0	1	2	1	0	0	0	0	0	0	0
"Sample90"	1	0	1	0	2	1	0	2	0	1	0	0	2	0	1	0	0	2	0	2	3	1	0	2	0	1	0	2	2	1	0	1	1	0	1	4	4	2	3	1	3	2	1	0	4	1	2	1	3	0	1	2	0	0	1	0	0	1	4	0	0	0	2	2	7	0	4	2	1	0	1	1	0	2	1	0	1	1	0	1	0	0	1	0	0	1	0	1	0	0	0	1	2	1	0	2
"Sample91"	0	3	0	0	1	1	0	2	0	1	0	0	3	1	1	1	0	0	0	1	0	1	0	0	0	1	1	0	1	0	0	1	0	0	1	4	3	1	2	1	2	1	0	0	2	6	0	1	1	0	1	0	2	1	1	0	1	0	0	1	2	0	0	0	4	0	1	1	1	0	0	2	3	0	1	5	1	1	2	2	2	0	1	0	0	0	0	0	0	1	0	1	0	0	0	0
"Sample92"	2	2	0	2	4	0	0	1	0	1	0	2	0	4	0	0	0	2	0	0	0	1	0	0	1	2	0	0	1	2	0	1	0	1	4	2	3	2	0	1	1	1	1	3	3	0	1	4	1	0	1	1	3	2	0	2	0	1	1	0	1	0	0	5	5	0	2	3	1	0	0	2	0	0	0	1	2	0	2	1	1	1	1	1	1	0	0	0	0	0	0	1	0	0	0	0
"Sample93"	0	2	1	3	1	1	0	0	0	2	0	1	2	1	0	2	0	0	0	0	0	2	1	1	1	0	0	0	1	0	2	0	4	3	0	0	1	2	2	3	1	4	0	2	3	0	0	7	0	0	1	4	0	0	0	1	0	0	0	1	0	0	0	3	1	1	1	2	1	0	2	1	3	2	1	0	0	3	1	1	0	1	0	1	1	0	2	0	0	0	2	1	3	0	0	0
"Sample94"	2	4	0	2	5	0	1	1	0	1	0	3	1	0	0	0	0	0	0	0	1	1	0	3	0	1	0	2	0	1	0	1	0	1	1	1	0	1	0	4	1	1	0	2	1	4	0	0	0	0	0	0	0	1	0	0	2	0	0	0	0	1	1	0	5	1	1	2	0	0	1	3	0	0	2	1	3	0	1	3	1	0	0	0	0	1	0	0	0	0	0	0	1	0	0	1
"Sample95"	0	1	1	1	3	2	0	0	1	0	0	0	2	0	0	0	0	0	0	1	0	1	0	1	1	0	0	0	1	0	0	2	0	1	0	0	3	4	2	2	1	1	0	1	1	0	0	0	0	0	1	1	1	1	0	0	0	0	1	0	0	1	1	0	3	0	1	2	6	0	0	1	1	0	0	0	1	1	0	1	0	0	0	0	0	1	0	0	1	0	2	0	0	0	0	1
"Sample96"	2	1	0	0	1	1	0	2	2	0	0	0	3	1	1	0	0	3	0	0	1	0	0	0	0	0	0	1	0	1	0	2	0	0	0	1	1	1	0	1	0	0	2	0	2	2	2	0	1	0	1	1	0	1	0	0	0	0	0	1	2	1	0	1	5	1	2	1	1	2	4	1	1	0	2	2	1	0	3	0	1	0	0	0	0	0	0	1	0	0	0	0	1	0	0	1
"Sample97"	3	1	0	1	2	2	0	2	0	1	0	3	1	1	0	1	0	1	1	1	1	6	0	1	0	3	0	0	1	0	0	1	1	2	2	0	2	0	2	2	1	2	1	2	3	2	2	3	1	0	0	1	0	0	1	0	0	0	0	0	0	0	1	1	2	1	3	6	3	3	0	1	0	0	2	2	3	0	1	2	0	0	0	0	0	0	1	0	0	1	0	0	0	0	1	0
"Sample98"	1	1	0	1	2	2	0	0	1	0	0	0	0	2	0	1	0	0	0	0	1	1	0	1	3	0	0	1	1	1	0	1	2	2	1	1	2	2	2	0	1	2	4	4	0	2	0	0	1	0	0	1	1	2	1	1	1	0	1	0	1	1	0	0	6	0	3	0	2	0	1	1	1	1	2	0	5	1	1	0	0	0	1	0	0	1	0	1	0	1	0	0	0	0	1	0
"Sample99"	2	0	0	1	7	9	0	2	0	1	0	0	2	1	0	2	2	2	0	0	1	1	0	1	1	0	0	0	1	1	0	1	1	0	0	1	2	1	0	2	2	0	0	3	4	4	0	3	1	0	1	1	0	0	0	0	0	0	0	2	1	0	2	4	4	2	7	3	1	1	2	3	0	0	0	0	2	0	0	1	0	0	0	2	0	0	0	0	1	0	0	0	4	1	3	0
"Sample100"	0	1	0	2	2	3	1	1	0	2	1	1	4	0	1	0	0	1	0	2	0	1	1	1	0	0	0	1	0	0	0	3	1	0	0	1	0	2	0	0	1	6	1	2	0	2	0	0	2	0	1	1	0	1	0	0	0	1	0	0	2	0	0	1	4	0	4	3	2	0	1	3	0	1	1	0	3	0	0	1	0	0	0	0	1	0	0	1	0	0	1	1	0	0	0	0
