"A[C>A]A"	"A[C>A]C"	"A[C>A]G"	"A[C>A]T"	"C[C>A]A"	"C[C>A]C"	"C[C>A]G"	"C[C>A]T"	"G[C>A]A"	"G[C>A]C"	"G[C>A]G"	"G[C>A]T"	"T[C>A]A"	"T[C>A]C"	"T[C>A]G"	"T[C>A]T"	"A[C>G]A"	"A[C>G]C"	"A[C>G]G"	"A[C>G]T"	"C[C>G]A"	"C[C>G]C"	"C[C>G]G"	"C[C>G]T"	"G[C>G]A"	"G[C>G]C"	"G[C>G]G"	"G[C>G]T"	"T[C>G]A"	"T[C>G]C"	"T[C>G]G"	"T[C>G]T"	"A[C>T]A"	"A[C>T]C"	"A[C>T]G"	"A[C>T]T"	"C[C>T]A"	"C[C>T]C"	"C[C>T]G"	"C[C>T]T"	"G[C>T]A"	"G[C>T]C"	"G[C>T]G"	"G[C>T]T"	"T[C>T]A"	"T[C>T]C"	"T[C>T]G"	"T[C>T]T"	"A[T>A]A"	"A[T>A]C"	"A[T>A]G"	"A[T>A]T"	"C[T>A]A"	"C[T>A]C"	"C[T>A]G"	"C[T>A]T"	"G[T>A]A"	"G[T>A]C"	"G[T>A]G"	"G[T>A]T"	"T[T>A]A"	"T[T>A]C"	"T[T>A]G"	"T[T>A]T"	"A[T>C]A"	"A[T>C]C"	"A[T>C]G"	"A[T>C]T"	"C[T>C]A"	"C[T>C]C"	"C[T>C]G"	"C[T>C]T"	"G[T>C]A"	"G[T>C]C"	"G[T>C]G"	"G[T>C]T"	"T[T>C]A"	"T[T>C]C"	"T[T>C]G"	"T[T>C]T"	"A[T>G]A"	"A[T>G]C"	"A[T>G]G"	"A[T>G]T"	"C[T>G]A"	"C[T>G]C"	"C[T>G]G"	"C[T>G]T"	"G[T>G]A"	"G[T>G]C"	"G[T>G]G"	"G[T>G]T"	"T[T>G]A"	"T[T>G]C"	"T[T>G]G"	"T[T>G]T"
"Sample1"	2	1	0	0	0	4	0	0	0	1	0	1	0	1	0	2	0	1	0	1	0	1	0	0	0	0	0	0	2	0	0	1	1	0	1	0	0	0	1	4	1	0	0	0	2	0	1	0	0	0	2	2	0	0	0	0	0	1	0	1	0	0	0	0	1	1	2	0	2	1	0	2	0	0	0	1	2	0	1	2	0	0	0	0	0	0	0	0	0	0	0	0	0	0	0	0
"Sample2"	1	1	0	1	0	4	0	1	1	4	0	0	0	0	0	0	1	0	0	0	1	0	0	0	0	0	0	0	0	1	0	1	0	0	0	2	0	1	1	4	0	0	0	2	1	1	0	0	1	0	0	0	0	1	0	1	0	0	0	1	0	0	0	0	1	1	2	2	2	3	1	1	1	0	0	2	0	0	0	0	0	0	0	0	0	0	0	0	0	0	0	0	0	1	0	0
"Sample3"	0	0	0	0	2	2	0	3	1	1	0	0	0	0	0	0	0	0	0	0	1	0	0	0	0	0	0	0	1	0	1	1	0	0	0	1	2	1	0	4	1	0	0	2	0	0	0	0	0	0	3	2	0	0	0	0	0	0	0	0	1	0	0	0	4	0	2	2	1	0	0	1	3	0	0	1	1	0	0	2	0	0	0	0	0	1	0	2	0	0	0	0	0	0	0	0
"Sample4"	1	1	0	1	2	1	0	1	1	0	0	0	1	0	0	0	0	0	0	0	0	0	0	1	1	0	0	0	0	0	0	0	0	0	1	3	1	1	0	0	3	1	0	1	0	1	0	0	1	1	0	3	1	4	1	0	2	0	0	1	2	0	0	0	3	0	2	1	0	0	0	0	0	0	0	0	1	0	1	1	0	0	0	0	0	0	0	1	0	0	0	0	0	0	1	0
"Sample5"	2	1	0	0	0	1	0	0	0	1	0	1	1	0	0	1	0	0	0	0	0	0	0	2	0	0	0	0	1	0	0	3	1	1	1	0	2	2	0	0	0	1	2	0	0	1	0	3	1	0	0	2	0	0	0	1	0	0	0	0	0	0	1	0	6	1	0	3	1	0	0	1	0	0	0	0	0	0	1	1	0	0	1	0	0	0	0	0	0	0	0	0	1	0	1	0
"Sample6"	0	1	0	0	4	3	1	1	1	1	0	0	0	2	0	0	1	0	0	0	0	0	0	0	0	1	0	0	2	1	0	0	0	6	0	0	1	0	1	0	0	1	0	0	1	0	1	0	0	0	1	0	0	0	0	0	1	0	1	0	1	0	0	0	3	0	2	0	1	4	0	0	0	0	1	2	1	0	0	2	0	0	0	0	0	0	0	0	0	0	0	0	0	0	0	0
"Sample7"	1	0	0	0	3	1	0	0	1	0	0	0	2	0	1	0	0	0	0	1	0	0	0	1	0	0	0	0	1	0	0	2	1	1	0	1	1	1	0	1	0	1	2	0	0	1	0	0	3	1	1	0	0	1	0	2	0	0	0	0	0	0	0	0	3	0	2	0	0	0	0	1	1	1	1	2	2	1	2	0	0	0	0	0	0	0	1	0	0	0	0	0	0	0	1	0
"Sample8"	0	0	0	2	0	1	0	0	0	0	0	0	1	0	0	0	1	0	0	0	0	3	0	1	0	0	0	0	0	1	0	0	2	0	0	2	0	0	0	0	0	3	0	1	1	3	0	0	0	0	0	1	0	0	0	1	1	1	0	0	3	0	0	2	4	0	1	2	3	0	0	0	0	0	1	1	1	0	0	0	0	0	1	2	0	0	0	1	0	0	1	0	0	0	0	1
"Sample9"	0	1	0	2	1	0	0	0	0	1	0	0	0	2	0	2	0	0	0	0	1	0	0	1	0	0	0	2	1	0	0	2	0	3	0	0	0	1	1	1	1	0	1	0	0	3	0	1	1	0	1	6	0	1	1	0	0	0	0	0	0	0	0	0	1	0	0	1	0	1	1	3	0	0	1	2	1	0	0	0	0	0	0	0	0	0	0	0	0	0	0	0	0	1	0	0
"Sample10"	2	1	1	0	1	0	0	0	0	0	0	0	0	0	0	0	0	0	0	0	0	2	0	2	0	0	0	2	1	0	0	1	0	0	0	0	2	2	2	1	0	0	0	2	0	0	0	2	0	2	1	0	0	1	0	1	0	0	0	0	4	0	0	1	3	0	0	0	2	0	1	1	0	0	0	0	3	0	1	0	1	0	1	0	0	0	0	0	0	0	0	0	0	0	0	3
"Sample11"	0	0	0	1	0	1	0	0	0	0	0	0	1	0	0	0	3	0	0	4	1	0	1	2	0	1	0	0	1	0	0	1	0	4	0	2	0	0	0	3	0	0	1	1	1	0	1	1	0	0	0	2	2	0	0	0	1	1	0	0	0	2	0	2	1	0	1	0	0	0	0	0	0	0	1	0	1	0	3	2	0	0	0	0	0	0	0	0	0	0	0	0	0	0	0	0
"Sample12"	1	1	0	0	2	4	1	0	1	0	0	0	0	0	0	2	0	0	0	0	0	0	0	1	0	3	0	0	0	0	0	1	0	0	0	1	1	1	1	3	2	1	0	0	0	0	0	1	0	0	0	0	1	0	0	0	0	0	0	0	0	0	1	0	7	0	1	1	0	0	2	1	0	0	0	1	1	0	0	2	0	0	1	1	0	0	0	0	0	0	1	0	0	0	1	0
"Sample13"	0	1	2	0	3	1	0	0	0	0	0	1	0	0	0	0	0	2	0	0	0	0	0	1	0	1	0	0	0	0	0	1	0	1	1	2	3	0	1	2	0	0	0	1	2	0	1	1	0	0	0	0	0	0	0	0	0	0	0	1	0	1	0	2	0	1	0	2	1	0	1	1	0	1	0	1	1	0	0	1	0	0	1	0	0	0	1	1	0	0	1	0	2	0	0	2
"Sample14"	3	0	0	1	1	1	0	0	0	0	0	0	1	0	0	1	0	1	0	0	1	1	0	0	1	0	0	0	0	0	0	2	0	0	0	0	2	1	3	1	2	0	0	1	1	0	1	0	1	0	0	0	1	0	1	1	0	1	0	1	2	1	1	1	2	1	1	0	0	1	0	1	2	0	0	1	1	0	1	1	0	0	0	0	0	0	0	0	0	0	0	0	0	0	0	1
"Sample15"	1	1	0	0	1	1	0	1	0	0	1	0	1	2	0	0	0	0	1	0	0	1	0	0	0	0	0	1	1	2	0	0	0	4	4	0	1	1	1	0	0	1	1	2	0	0	0	2	0	0	1	1	0	0	0	0	0	1	1	0	0	0	0	0	1	1	0	4	0	0	1	0	1	0	1	0	3	0	1	0	0	0	1	0	0	0	0	0	0	0	0	0	0	0	0	0
"Sample16"	0	1	0	0	2	1	0	0	0	1	0	0	0	0	0	0	0	0	0	0	0	0	1	0	0	0	0	3	1	0	0	3	2	0	1	1	0	2	2	1	0	0	2	1	0	3	2	0	1	1	0	1	0	0	0	1	0	0	1	1	1	0	0	1	0	1	1	2	1	2	0	0	0	0	1	0	0	0	0	0	0	0	0	0	0	0	1	0	0	0	0	0	0	1	1	1
"Sample17"	0	0	0	0	1	1	0	1	0	0	0	0	1	1	0	0	0	0	0	0	0	0	0	0	0	0	0	1	2	0	0	3	3	0	0	2	0	3	0	2	0	0	0	3	1	4	0	0	1	0	0	1	2	1	1	0	1	0	0	0	0	0	0	0	0	0	1	2	1	1	0	0	0	0	0	0	0	2	0	1	0	0	0	1	0	1	0	0	1	0	1	0	0	0	0	2
"Sample18"	0	0	0	0	0	1	0	2	0	0	0	0	1	2	0	0	0	1	0	0	0	0	0	0	0	0	0	0	1	0	0	2	1	1	1	2	1	1	0	1	0	0	1	0	0	1	0	1	1	1	0	0	1	0	1	0	0	0	0	0	0	2	0	1	3	0	1	1	0	1	1	1	2	0	0	0	0	1	3	2	1	0	1	0	0	0	0	1	0	0	0	0	1	0	0	2
"Sample19"	0	2	0	0	1	2	0	1	1	3	0	1	1	0	0	0	1	2	0	0	0	0	0	0	1	0	0	0	0	0	0	1	1	1	0	0	0	0	0	2	1	0	0	2	2	0	0	1	0	1	0	3	0	0	0	0	0	0	0	1	0	0	0	0	1	2	0	2	1	0	0	0	0	0	0	1	4	0	0	0	1	0	0	3	0	0	1	1	0	0	0	0	0	0	0	1
"Sample20"	3	2	0	0	0	1	0	2	0	1	2	0	0	0	1	0	2	0	0	1	0	0	0	0	0	0	0	0	0	0	0	0	1	0	1	1	1	0	0	0	1	2	0	1	0	0	0	1	0	1	1	0	0	1	1	2	0	0	0	1	0	0	0	0	2	1	7	1	0	2	1	2	0	0	0	1	0	0	0	0	0	1	0	0	0	0	1	0	0	0	0	0	0	0	0	0
"Sample21"	0	1	0	2	1	0	0	0	0	0	0	0	2	1	0	0	0	0	1	0	0	0	1	0	0	2	0	0	1	0	0	3	1	0	0	0	1	0	1	1	0	0	1	3	0	2	0	0	0	1	0	0	0	0	1	0	1	0	0	0	1	0	0	0	2	1	0	0	1	0	0	0	0	0	1	0	3	1	3	4	0	0	1	1	0	0	1	0	0	0	0	0	0	0	2	0
"Sample22"	0	0	0	1	2	1	0	3	0	0	0	2	2	0	0	1	0	1	0	0	1	0	0	1	0	0	0	0	1	0	0	0	0	0	1	0	0	2	0	1	0	0	0	0	0	1	0	4	0	0	0	0	3	0	0	2	0	0	0	0	1	0	0	0	4	0	1	0	1	1	1	1	0	1	0	0	1	3	0	2	1	0	0	0	0	0	0	0	0	0	2	0	0	0	0	0
"Sample23"	1	2	0	0	2	4	0	1	0	0	0	0	1	1	0	0	0	1	0	1	1	1	0	2	0	0	1	0	1	0	1	1	1	0	1	0	0	2	0	2	2	0	0	0	0	1	0	3	1	0	1	0	0	0	0	0	0	0	0	0	0	0	0	1	3	0	2	0	0	2	1	0	1	0	0	0	1	0	0	2	0	1	0	0	0	0	0	0	0	0	0	0	0	0	0	0
"Sample24"	3	0	0	0	4	0	0	1	0	1	0	0	0	0	0	0	0	3	1	0	0	1	0	0	0	0	0	0	0	0	0	3	1	0	0	1	0	2	0	3	0	1	0	1	3	1	0	1	0	0	1	0	0	1	0	0	0	0	0	2	0	0	0	0	3	0	1	0	1	1	1	2	0	0	1	0	1	0	0	2	0	0	0	0	0	0	0	0	0	0	0	0	0	1	0	1
"Sample25"	0	2	0	0	3	2	0	1	0	1	1	1	0	2	0	0	1	0	0	1	0	1	0	0	1	1	0	0	0	0	0	2	1	3	0	1	0	2	0	1	1	1	0	0	1	1	0	4	0	0	1	0	0	1	0	0	1	0	0	0	1	0	0	1	1	0	0	1	2	0	0	0	0	0	1	0	1	0	0	2	1	0	0	0	0	0	0	0	0	0	0	0	0	0	0	0
"Sample26"	3	0	0	2	0	0	0	0	0	0	1	0	1	1	0	1	0	0	0	0	0	0	0	0	0	0	0	0	3	1	0	1	0	0	3	0	1	0	1	0	1	1	0	0	0	0	0	1	2	0	0	0	0	0	1	1	0	0	0	0	1	0	0	0	1	0	0	4	1	0	0	1	2	1	1	1	2	1	1	2	0	0	2	0	0	0	1	1	0	0	0	0	0	0	0	1
"Sample27"	1	0	0	0	0	0	0	0	0	1	0	0	1	0	0	0	1	0	0	0	0	0	0	0	0	0	0	0	0	0	0	0	0	1	0	2	0	0	0	0	0	0	6	4	1	0	1	2	0	0	0	0	0	1	0	1	0	0	0	0	0	0	0	1	0	0	2	8	2	3	1	2	0	0	2	0	1	0	0	1	1	0	1	0	0	0	0	0	0	0	0	0	2	0	0	0
"Sample28"	0	2	0	2	4	1	0	1	0	1	0	0	1	0	0	2	0	0	0	0	0	0	0	1	0	0	0	0	1	0	1	0	1	1	1	3	1	2	0	4	2	1	0	1	0	0	0	1	0	1	1	0	0	0	0	0	0	0	0	1	1	1	0	0	1	1	0	0	0	1	0	0	0	0	0	1	4	0	0	0	0	0	0	0	0	0	0	0	0	0	0	0	0	1	1	0
"Sample29"	0	0	0	2	0	2	0	0	1	2	0	0	0	0	0	1	0	0	0	1	2	0	0	1	0	0	0	1	0	0	0	1	0	1	0	0	0	2	0	2	1	1	0	0	1	0	0	1	0	1	0	1	0	0	1	1	0	0	0	0	0	0	0	0	2	0	4	0	1	2	0	4	5	0	0	2	1	0	0	0	0	0	0	0	0	1	1	0	0	0	0	0	0	0	0	0
"Sample30"	1	0	0	0	0	0	0	1	1	0	0	1	1	1	1	1	0	0	0	0	0	1	0	0	1	0	0	1	0	0	0	1	0	2	1	0	0	2	0	0	0	1	0	0	1	0	1	1	1	0	0	0	0	1	0	0	1	0	0	0	0	0	0	2	3	1	2	4	0	0	1	5	0	0	1	0	1	0	0	0	0	0	0	2	1	2	0	0	0	0	0	0	0	0	0	1
"Sample31"	0	1	0	0	1	2	0	1	1	0	0	1	0	1	0	1	0	0	0	1	0	0	0	2	0	0	0	1	1	0	0	0	2	0	1	0	2	0	1	2	3	2	0	0	2	0	0	0	1	0	2	1	0	1	1	3	0	0	0	0	0	0	1	0	0	1	1	1	0	0	0	1	1	0	0	0	2	0	0	1	0	0	0	0	0	0	0	1	0	0	0	0	1	0	0	1
"Sample32"	1	0	0	0	1	0	0	0	1	1	0	0	1	0	0	2	0	0	0	0	1	1	0	0	0	0	1	0	0	0	0	1	1	2	2	1	1	1	0	0	0	0	0	2	0	1	0	0	3	1	0	1	0	2	0	0	0	2	0	0	1	1	0	0	1	0	1	2	1	0	4	2	1	0	0	2	2	0	0	0	0	0	0	0	0	0	1	0	0	0	0	0	0	0	0	0
"Sample33"	2	0	0	0	2	2	0	1	0	0	1	0	0	1	0	2	1	0	0	1	0	0	0	1	0	3	0	2	0	1	0	0	0	0	1	1	0	1	0	0	1	3	1	0	0	1	2	0	0	0	0	0	0	0	0	0	1	0	2	0	0	1	0	1	0	0	0	3	0	0	0	0	1	0	0	1	5	0	1	0	0	0	1	1	0	0	0	0	0	0	0	0	0	1	0	0
"Sample34"	1	0	0	0	3	1	0	2	0	1	0	0	1	1	0	0	0	0	0	0	0	1	0	0	0	0	0	0	0	1	1	1	4	0	2	0	2	0	2	2	0	1	0	1	0	0	0	1	1	0	1	1	0	0	1	0	0	1	1	0	1	1	2	0	0	0	1	0	0	2	0	3	0	0	0	1	0	0	0	3	0	0	0	0	0	0	0	0	0	0	1	0	0	0	0	0
"Sample35"	0	0	0	0	1	3	0	0	0	0	0	1	0	3	0	0	0	0	0	0	1	0	0	1	1	1	0	0	0	1	0	0	2	0	0	0	2	1	0	0	0	2	0	0	1	0	1	1	0	0	1	2	0	1	0	3	0	0	1	0	0	1	0	0	2	0	1	2	1	1	1	1	2	0	0	1	0	1	0	2	0	0	0	0	0	0	0	0	0	0	1	1	0	0	1	0
"Sample36"	0	1	0	0	1	1	0	0	0	0	0	2	0	1	0	0	1	0	0	2	1	0	0	0	0	1	1	0	2	1	0	0	0	0	0	0	0	0	0	2	0	3	0	0	3	2	0	0	0	1	0	0	0	1	1	0	0	0	1	1	1	1	0	0	0	0	2	0	3	0	0	1	3	0	2	2	0	0	0	1	0	0	1	2	1	0	0	0	0	0	0	0	0	0	0	0
"Sample37"	0	0	0	2	0	0	0	1	0	1	0	0	1	1	0	1	0	0	0	1	0	0	0	0	0	0	0	0	0	1	0	0	1	0	2	1	1	2	0	4	0	1	1	0	1	1	0	1	0	0	0	1	0	1	1	2	0	0	0	0	2	1	1	0	3	0	1	2	1	2	1	0	1	0	0	1	0	0	0	0	0	0	0	0	0	1	1	0	0	0	0	0	0	1	0	1
"Sample38"	1	2	0	2	2	2	0	0	5	0	0	0	3	2	0	0	1	1	0	0	0	2	0	0	1	1	0	0	0	1	0	0	0	1	0	0	0	0	0	0	0	0	0	0	1	2	0	2	0	0	0	0	1	0	0	0	0	0	0	1	0	0	1	2	2	0	0	5	1	0	0	1	0	0	1	0	0	0	2	0	0	0	0	0	0	0	0	1	0	0	0	0	0	0	0	0
"Sample39"	0	0	0	0	2	2	1	1	1	0	0	0	2	0	0	0	1	0	0	0	2	0	0	0	0	0	0	1	1	0	0	0	1	0	0	0	4	1	0	3	0	1	1	0	1	1	1	2	2	0	0	0	0	1	0	1	0	0	1	0	0	0	0	1	2	0	3	0	1	0	0	1	0	1	0	1	0	1	0	1	0	0	0	0	0	0	1	0	0	0	1	0	1	0	0	0
"Sample40"	1	0	0	0	2	3	1	1	0	2	0	1	0	0	1	0	0	0	0	1	0	0	0	0	0	1	0	0	0	2	0	4	1	1	1	0	1	3	0	2	0	1	0	1	0	0	0	0	0	0	0	1	0	2	1	1	1	0	0	1	0	0	0	0	1	0	1	0	2	1	1	1	0	0	1	0	0	1	2	1	0	0	0	0	0	0	0	0	0	0	0	0	0	0	0	0
"Sample41"	2	0	0	0	1	2	1	0	2	0	0	0	0	0	0	0	0	1	0	1	0	0	0	0	1	1	0	0	0	0	0	1	1	0	1	0	1	0	2	1	1	2	1	3	0	1	0	0	0	0	0	0	0	2	1	3	0	1	3	0	0	0	0	0	2	0	1	3	0	2	1	1	0	0	0	0	0	0	1	1	0	0	0	0	0	0	0	0	0	0	0	0	0	0	0	1
"Sample42"	0	1	0	0	0	2	0	1	2	0	0	0	2	2	0	0	1	0	0	0	0	0	0	1	0	1	1	0	2	0	0	0	2	0	0	0	1	2	0	1	3	0	0	1	3	0	0	0	0	1	0	1	0	0	0	0	0	0	0	0	0	1	0	0	3	0	2	0	0	1	1	2	2	0	1	2	2	0	0	0	0	0	0	0	0	0	0	2	0	0	0	0	0	0	0	0
"Sample43"	4	1	0	0	3	2	0	0	0	0	0	0	1	0	0	0	0	0	0	0	0	3	0	1	0	0	0	0	0	0	0	0	1	0	0	1	0	0	0	0	0	0	0	1	0	0	0	1	0	0	0	0	0	0	1	0	1	1	1	0	0	0	0	1	1	1	2	1	3	1	2	1	1	1	2	2	4	0	0	1	0	0	0	1	0	0	0	0	0	0	0	0	0	2	0	0
"Sample44"	0	0	1	0	0	1	0	4	0	0	0	2	0	1	0	0	0	0	0	0	1	0	0	0	0	1	0	1	0	0	0	2	0	1	0	1	2	1	0	0	0	2	0	0	0	1	0	0	2	1	1	0	0	0	0	3	0	0	0	0	1	0	0	0	3	0	2	2	2	1	1	0	1	0	0	1	0	0	0	0	1	0	0	0	1	0	0	4	0	0	1	0	0	0	0	0
"Sample45"	1	0	0	0	1	1	0	1	0	1	0	0	0	0	0	0	1	0	0	2	1	0	1	2	1	0	2	0	1	0	0	0	2	0	0	0	1	1	1	1	1	2	1	0	0	0	1	0	0	2	0	0	1	0	0	1	0	0	1	0	0	0	1	0	1	0	0	1	0	0	3	2	1	0	2	0	1	0	0	1	0	0	1	0	0	0	0	1	0	2	0	0	0	0	1	0
"Sample46"	0	0	0	0	1	2	0	3	0	1	0	0	0	1	0	2	1	0	0	1	1	0	0	1	0	0	0	0	0	1	0	1	0	3	0	1	2	6	1	1	0	0	0	1	0	0	0	0	1	0	1	1	0	0	0	3	0	0	0	1	0	0	0	0	3	0	2	0	0	1	1	0	0	0	0	0	2	0	0	0	0	0	0	0	2	0	0	1	0	0	0	0	0	0	0	0
"Sample47"	1	0	0	0	4	2	0	0	1	0	0	1	0	0	1	0	2	0	0	1	0	0	0	1	0	0	0	2	0	0	0	0	1	1	1	1	0	2	1	7	0	0	3	0	0	0	0	0	0	0	1	0	0	1	0	0	0	0	0	0	1	0	0	2	3	0	0	0	0	1	1	1	1	0	1	1	2	0	0	0	0	0	0	1	0	0	0	0	0	0	0	0	0	0	0	0
"Sample48"	0	1	0	0	1	4	0	3	0	2	1	0	4	1	0	0	0	0	0	1	0	0	0	0	0	0	0	0	2	1	0	0	1	0	0	2	0	3	0	0	1	1	1	0	1	0	1	0	0	0	0	2	0	0	1	1	0	0	0	1	0	0	0	0	3	0	2	2	1	0	1	1	0	0	0	0	0	0	0	2	0	0	0	0	0	0	0	0	0	0	0	0	0	0	0	1
"Sample49"	0	0	0	0	2	0	0	2	0	1	0	0	1	0	0	3	0	0	0	4	1	0	0	0	0	0	0	1	0	0	0	1	0	1	1	2	4	0	1	1	2	0	0	1	1	0	0	0	1	1	0	0	0	1	1	0	0	0	0	1	0	1	0	1	4	0	0	2	0	0	1	1	0	1	0	0	0	0	0	0	0	0	0	1	0	0	1	2	0	0	0	0	0	0	0	0
"Sample50"	0	0	0	0	3	1	0	2	0	1	0	0	2	3	0	1	0	1	0	0	0	0	0	1	0	0	0	0	0	1	0	1	1	0	0	1	1	1	0	0	0	0	0	0	1	0	1	1	1	0	1	1	2	0	0	1	2	0	0	0	0	2	1	2	0	0	2	3	0	0	0	0	1	0	1	0	0	0	2	1	0	0	0	0	1	0	0	2	0	0	0	0	0	0	0	0
"Sample51"	1	0	0	0	1	2	1	1	0	0	0	0	1	2	1	0	0	0	0	0	1	0	0	0	0	0	0	0	5	0	0	3	0	0	1	1	0	3	1	0	1	1	0	2	1	1	0	1	0	0	0	3	0	0	0	0	0	0	0	0	0	0	1	1	1	0	2	1	0	1	1	1	0	0	1	0	0	0	0	4	0	0	0	0	0	0	1	0	0	0	0	0	0	0	0	0
"Sample52"	1	2	0	0	2	6	0	1	0	0	0	0	0	0	2	0	1	0	0	0	0	0	0	0	0	0	0	0	0	0	0	0	2	0	0	0	0	1	0	1	0	1	1	1	2	1	0	2	1	0	0	1	0	1	0	0	1	0	0	2	0	3	1	0	0	0	1	4	0	1	1	0	1	0	0	0	1	0	0	1	0	0	0	0	1	1	0	0	0	0	0	0	1	0	0	0
"Sample53"	1	0	1	0	2	0	0	1	0	0	0	1	0	2	0	0	0	0	0	1	1	0	0	1	0	0	0	1	0	1	0	0	2	0	0	0	1	0	0	3	0	2	0	0	2	1	0	0	0	0	1	1	0	0	2	0	1	0	3	1	3	0	0	0	2	0	0	1	0	2	0	0	1	0	0	0	2	0	0	3	0	0	0	0	0	0	1	0	0	0	0	0	0	1	0	1
"Sample54"	0	1	0	0	0	2	1	0	0	1	0	2	2	0	0	0	0	1	1	1	0	2	0	0	0	1	0	1	0	0	0	1	1	1	0	0	0	1	1	5	2	1	1	0	0	0	1	0	1	0	0	0	1	0	0	0	0	0	1	0	0	0	0	1	1	0	0	4	0	0	1	1	0	1	3	1	0	1	0	0	0	0	0	0	0	0	0	0	1	0	1	0	0	0	0	0
"Sample55"	0	0	0	0	0	4	0	0	1	0	0	1	0	0	0	1	1	2	0	1	0	1	0	1	0	0	0	1	2	1	0	0	4	1	0	0	0	0	0	1	1	1	0	3	0	0	0	1	0	1	0	0	0	1	0	2	0	0	0	0	0	1	1	2	0	0	2	1	1	1	0	2	0	0	2	0	2	0	0	0	0	0	0	1	0	0	0	0	1	0	0	0	0	0	0	0
"Sample56"	1	0	0	0	0	2	1	0	0	1	0	0	0	2	1	0	0	0	0	0	1	2	0	0	1	0	0	1	0	1	0	0	1	0	1	0	1	0	0	0	1	1	0	2	0	0	0	1	0	0	1	2	0	1	0	0	0	0	0	0	0	0	0	0	3	0	1	2	1	0	2	0	2	1	2	2	2	1	0	0	0	0	1	0	0	2	0	0	0	0	0	0	1	0	1	0
"Sample57"	5	0	0	0	2	2	1	1	1	0	0	1	0	2	0	2	0	0	0	0	1	0	0	0	0	0	0	0	0	0	0	2	1	0	0	0	2	0	0	4	1	1	1	0	1	1	0	0	2	0	0	0	0	0	0	0	1	0	0	0	0	0	0	1	2	0	1	2	1	0	0	2	0	0	0	0	1	0	0	0	0	1	1	0	0	0	0	2	0	0	0	0	1	0	0	0
"Sample58"	0	1	0	0	2	1	0	0	0	0	0	0	1	0	0	2	0	0	0	0	0	0	0	0	0	1	0	0	0	1	0	0	1	0	0	0	1	1	1	1	0	0	0	1	0	1	0	2	1	0	0	0	1	0	2	1	0	0	0	0	1	0	0	1	1	3	3	0	5	1	1	0	2	0	1	0	1	0	1	0	0	0	0	0	0	0	0	0	2	0	1	0	1	0	2	0
"Sample59"	0	1	0	0	0	1	0	0	0	0	0	0	0	0	0	0	1	0	0	0	1	0	0	0	1	0	0	0	0	0	1	0	1	0	0	1	0	1	1	4	0	1	0	0	0	0	0	1	0	0	0	2	1	4	1	0	0	0	1	1	0	0	0	0	4	0	1	0	3	1	2	0	1	0	0	1	2	0	0	0	0	0	0	0	0	0	2	0	0	0	0	0	0	2	2	3
"Sample60"	1	2	0	0	3	0	1	1	0	0	0	0	0	0	0	0	1	1	0	0	1	0	0	0	0	0	1	0	0	1	0	0	4	0	0	1	1	2	0	1	0	3	0	0	3	0	1	1	2	0	0	0	0	0	2	2	0	1	0	0	0	0	0	2	2	0	1	3	0	0	0	0	0	0	1	2	1	0	0	0	0	0	0	0	0	0	0	0	0	0	0	0	0	0	1	0
"Sample61"	3	2	0	0	0	0	0	0	0	1	1	0	1	0	0	1	1	1	0	0	0	0	0	0	0	0	0	0	0	0	0	0	2	1	0	0	1	1	1	0	0	0	2	1	2	0	1	0	0	1	1	1	1	1	1	1	1	1	0	2	0	1	0	1	1	0	0	1	0	1	0	2	1	0	0	0	0	2	1	2	0	1	0	0	0	0	1	0	0	0	0	0	0	0	0	1
"Sample62"	0	0	0	0	3	0	0	2	0	0	1	1	1	2	0	2	0	0	0	1	0	0	0	0	0	0	0	0	2	0	0	2	1	0	3	1	2	1	0	2	2	5	1	1	1	0	0	0	1	0	1	0	0	0	0	2	0	0	0	1	0	0	1	1	0	0	0	0	0	0	1	0	0	0	1	0	1	1	0	0	0	1	0	0	0	0	1	0	0	0	0	0	0	0	0	0
"Sample63"	1	0	0	1	1	1	0	0	0	0	0	0	0	0	0	0	0	0	0	0	0	0	0	0	1	0	0	1	2	0	0	0	2	0	1	2	3	1	3	1	3	0	0	0	1	1	0	1	0	3	0	0	1	0	0	3	0	0	0	1	0	0	0	0	3	0	1	0	0	0	0	2	1	1	1	0	1	0	0	0	2	0	1	0	0	0	0	0	0	0	1	1	0	0	0	0
"Sample64"	0	2	0	0	0	1	0	1	1	1	0	2	0	1	0	5	1	0	0	2	0	1	0	0	0	0	0	0	0	0	0	1	0	1	0	0	0	0	0	2	0	0	1	0	1	1	0	0	0	0	0	0	0	0	0	2	0	2	0	0	0	0	0	1	1	0	2	0	0	1	0	1	0	0	0	5	0	0	3	3	0	0	1	0	0	0	0	0	0	0	0	0	3	0	0	0
"Sample65"	1	0	0	0	0	0	0	0	1	0	0	0	0	0	0	0	1	0	0	0	1	0	1	0	0	1	0	0	0	0	1	1	0	3	0	2	0	1	1	0	0	1	3	3	1	0	2	4	0	2	0	0	0	1	2	0	0	0	0	1	0	0	1	0	1	1	1	1	1	0	0	1	2	0	1	0	0	0	1	0	0	0	1	0	0	0	0	0	0	0	0	0	0	0	2	1
"Sample66"	3	2	0	0	1	1	2	1	0	0	0	0	0	1	0	0	0	0	0	0	1	0	0	1	0	0	0	0	0	0	0	0	1	0	0	1	1	2	0	1	0	1	0	2	0	1	0	3	0	0	1	1	0	0	0	0	0	0	1	0	0	0	0	2	4	0	4	2	0	0	1	0	0	1	0	0	0	1	1	1	0	0	0	0	0	0	0	0	0	0	2	0	0	0	2	0
"Sample67"	0	2	0	0	1	1	1	2	0	1	0	0	0	1	0	0	0	1	0	1	0	0	0	0	0	0	0	2	0	1	0	0	2	0	1	0	2	1	0	3	0	2	0	1	0	1	1	1	0	0	0	0	0	0	0	2	0	0	0	0	0	0	0	1	5	0	2	3	2	1	0	0	0	0	1	0	1	0	0	0	0	0	0	0	0	3	0	0	0	0	0	0	0	0	0	0
"Sample68"	1	2	0	0	1	1	0	2	1	0	0	0	4	1	0	0	2	1	0	2	0	1	1	0	1	0	0	0	0	0	0	1	0	4	0	0	2	0	0	1	0	0	0	1	3	2	0	1	2	1	2	1	0	1	0	0	0	0	0	0	0	1	1	0	0	0	1	1	1	0	0	0	0	0	0	0	0	0	0	2	0	0	0	0	0	0	0	0	0	0	0	0	0	0	0	0
"Sample69"	0	0	0	3	1	3	0	0	0	1	0	0	0	2	0	0	0	0	0	0	2	2	0	1	1	0	0	0	0	0	0	0	2	1	1	0	1	1	1	5	0	0	0	1	2	1	1	2	0	1	0	0	0	1	0	0	1	0	0	1	0	0	0	0	3	0	1	0	0	0	1	2	0	0	0	1	0	2	0	1	0	0	0	0	0	0	0	0	0	0	0	0	0	0	0	0
"Sample70"	0	0	0	0	0	1	0	2	4	1	1	0	0	0	0	0	1	0	0	1	0	0	0	0	0	0	0	0	0	1	0	2	0	0	0	2	1	5	0	0	0	1	3	0	1	3	1	1	0	0	0	2	0	2	0	0	0	0	0	0	0	0	0	1	3	0	0	2	0	0	0	4	0	3	0	0	0	0	0	0	0	0	0	0	0	0	0	1	0	0	0	0	0	0	0	0
"Sample71"	0	0	0	1	1	6	0	2	0	0	0	0	0	0	0	0	1	0	0	0	1	0	0	0	0	0	0	0	0	0	0	2	1	0	1	1	1	0	0	1	1	2	0	0	4	4	0	0	0	0	0	0	2	0	2	1	0	0	0	0	1	0	0	1	0	1	1	1	0	0	0	1	1	0	0	1	1	1	0	3	0	0	1	0	0	0	0	0	0	0	0	1	0	0	0	0
"Sample72"	0	0	0	0	4	1	0	1	0	0	0	1	2	0	0	1	0	0	0	0	1	0	0	0	0	1	0	0	0	0	0	1	2	0	0	0	1	1	2	1	2	3	0	0	1	3	0	1	0	0	0	1	0	0	1	0	1	0	0	2	1	1	0	3	0	1	3	0	0	0	1	0	0	0	0	0	0	0	0	1	0	0	0	0	0	0	0	0	1	0	0	0	0	1	1	1
"Sample73"	0	1	0	0	0	1	0	0	0	0	0	0	0	0	1	0	0	1	0	0	1	2	0	0	0	0	0	2	0	0	0	2	3	2	2	1	4	0	0	1	1	0	0	0	1	1	1	1	0	0	0	0	0	1	1	0	0	0	0	0	0	0	0	2	5	1	0	0	0	1	4	2	1	0	0	1	1	1	0	0	0	0	0	0	0	0	0	0	0	0	0	0	0	0	0	0
"Sample74"	2	1	0	0	2	0	0	1	1	0	0	0	0	1	1	0	4	0	0	0	1	0	0	0	0	0	0	1	1	0	0	0	2	0	1	0	1	0	1	1	1	3	2	2	0	0	0	0	1	0	0	0	0	2	1	1	2	0	1	0	0	0	0	0	1	0	1	4	1	0	1	1	0	0	0	0	0	0	0	0	1	0	0	0	0	0	0	1	0	0	0	0	0	0	0	1
"Sample75"	1	0	0	0	0	7	0	0	1	0	0	0	0	0	0	0	2	0	0	0	0	1	1	0	3	0	1	0	1	0	0	0	0	1	1	0	3	0	1	0	0	0	0	0	1	0	0	2	1	0	0	0	0	1	0	0	0	0	3	0	0	0	0	1	1	0	1	0	1	0	2	1	1	2	0	1	0	0	0	1	0	0	0	1	0	0	1	0	0	1	1	0	1	0	0	1
"Sample76"	0	0	0	1	0	2	0	0	0	0	0	0	1	0	0	0	0	0	0	0	2	2	0	0	0	0	1	0	1	1	0	2	3	0	1	0	0	0	0	3	3	0	2	0	2	2	2	0	0	0	1	0	1	0	0	0	0	0	0	0	0	0	0	0	1	0	3	3	2	2	1	0	0	0	0	1	0	0	0	1	0	0	0	0	0	0	1	0	0	0	0	0	0	1	0	1
"Sample77"	0	1	0	0	1	1	0	0	0	0	0	1	0	1	0	3	0	0	0	0	1	1	0	0	1	0	0	0	0	1	0	1	0	1	1	1	3	4	0	3	0	0	0	0	0	0	0	0	0	0	0	2	0	0	0	0	0	0	1	0	0	0	1	0	5	1	0	1	0	0	1	0	0	0	2	1	2	1	0	3	0	0	0	0	0	0	0	1	0	0	0	0	0	0	1	1
"Sample78"	0	0	0	0	2	2	0	0	0	1	0	0	0	0	0	1	3	0	0	1	0	2	0	0	1	1	0	0	0	3	0	0	0	2	0	2	0	1	0	4	0	0	1	0	1	0	2	3	2	0	0	0	0	0	2	0	0	0	0	1	1	0	0	0	1	0	0	2	0	0	2	0	1	0	0	0	1	0	0	1	0	0	0	0	1	0	0	2	0	0	0	0	0	0	0	0
"Sample79"	1	0	1	2	0	0	0	5	1	0	0	0	0	1	0	0	1	0	0	2	1	0	0	0	0	1	0	0	0	0	0	0	2	0	0	0	1	0	2	2	0	0	1	4	0	1	0	0	0	0	3	0	0	0	0	0	0	0	0	0	0	1	0	1	2	0	1	0	0	1	0	2	0	0	0	2	2	0	1	2	1	0	0	0	0	1	0	0	0	0	0	0	0	0	0	1
"Sample80"	1	0	0	1	0	3	0	0	1	2	0	0	0	0	0	0	2	0	0	0	1	0	0	4	0	1	0	0	0	1	0	0	0	0	1	2	1	0	0	3	1	2	0	1	1	1	0	1	0	0	0	0	2	0	0	0	0	1	0	1	1	0	0	1	3	1	1	1	0	0	2	1	0	0	1	0	0	0	0	1	1	0	0	0	0	0	0	0	0	0	0	1	0	0	0	0
"Sample81"	0	1	1	0	1	2	1	2	0	1	0	3	2	0	0	2	1	0	0	0	1	2	0	0	0	0	0	0	1	1	0	0	1	1	1	2	1	1	1	2	0	1	0	0	0	1	0	1	2	0	0	0	0	1	0	0	0	0	0	1	0	0	1	0	1	0	0	2	0	0	0	1	0	1	2	0	0	1	0	0	1	0	0	0	0	1	0	0	0	0	0	0	0	0	0	0
"Sample82"	0	0	0	1	0	1	0	3	1	2	0	1	0	1	0	1	0	0	0	0	0	1	0	0	1	1	0	1	1	0	0	2	0	3	0	1	2	0	3	1	1	1	0	2	2	1	0	0	0	0	0	1	0	0	0	0	0	0	0	0	0	0	0	0	0	1	1	0	0	0	1	0	4	0	1	1	0	1	1	0	0	0	0	0	0	0	0	0	0	0	1	1	0	0	0	1
"Sample83"	1	2	1	1	1	0	0	1	0	1	1	0	0	2	0	0	1	0	0	0	0	0	1	1	0	1	0	0	2	0	0	0	1	0	0	0	2	2	0	1	1	1	1	1	0	0	0	1	0	0	1	0	1	1	0	0	0	0	0	0	0	0	0	0	3	1	1	1	2	1	1	0	1	0	1	0	1	1	0	0	1	0	2	0	0	0	0	0	0	0	0	0	0	2	0	0
"Sample84"	0	2	0	0	1	0	2	5	0	1	0	1	2	1	0	2	0	0	0	0	0	0	0	1	0	0	0	0	0	1	0	1	1	0	0	0	1	4	0	4	2	0	0	1	0	1	0	0	0	1	0	0	0	0	0	0	0	0	0	0	1	0	0	0	1	0	2	0	0	0	0	1	0	0	0	1	1	1	1	2	0	0	0	0	1	0	0	0	0	0	1	0	0	1	0	1
"Sample85"	1	3	0	0	1	1	1	1	2	2	2	0	0	0	0	0	0	0	0	0	0	2	0	0	0	0	0	0	0	0	0	0	0	0	0	2	0	0	1	0	0	2	1	0	0	0	2	0	1	0	0	0	0	0	1	0	0	0	0	0	2	0	0	1	1	1	3	1	1	3	0	1	1	0	0	1	0	0	0	2	1	0	1	0	0	1	0	1	0	0	0	0	1	0	0	1
"Sample86"	1	3	0	1	3	0	0	1	1	0	0	2	0	0	0	0	0	0	0	4	0	0	0	1	0	1	0	0	0	0	0	1	1	2	1	1	0	0	0	0	0	0	0	1	1	1	0	0	0	0	0	0	1	0	1	0	0	0	0	0	0	0	0	1	3	0	0	2	1	0	0	0	0	0	2	0	4	0	2	3	0	0	0	3	0	0	0	0	0	0	0	0	0	0	0	0
"Sample87"	1	2	0	0	0	0	1	0	0	1	0	0	1	0	0	1	1	0	0	0	1	0	0	2	0	1	0	0	0	0	0	0	0	1	0	0	0	2	1	0	0	0	0	0	1	0	0	2	2	0	0	0	0	0	1	3	1	0	0	0	0	0	3	0	5	0	1	0	1	0	1	1	0	0	0	0	1	0	0	3	0	0	0	0	0	0	0	2	0	1	0	0	1	0	0	4
"Sample88"	1	0	0	1	1	1	0	1	0	0	0	0	1	0	0	0	2	0	0	0	1	1	1	0	0	0	0	0	0	0	0	0	0	1	2	0	1	6	0	0	2	0	1	0	1	2	0	1	1	0	0	0	0	0	0	1	1	0	0	0	0	0	0	0	3	2	0	1	1	4	0	0	0	1	0	0	1	0	1	2	1	0	0	1	1	0	0	0	0	0	0	0	0	0	0	0
"Sample89"	7	1	0	0	1	0	0	0	0	1	0	0	1	1	1	1	1	0	0	1	0	1	0	0	0	2	0	1	1	0	0	0	2	0	0	4	0	0	0	1	0	1	1	0	3	0	1	1	0	0	1	1	0	0	0	1	2	0	0	0	1	0	0	0	0	2	1	0	0	0	1	0	0	0	0	0	2	0	0	1	0	0	0	1	0	0	0	0	1	0	0	0	0	0	0	0
"Sample90"	0	0	0	0	1	2	0	1	0	0	0	0	2	0	0	0	1	0	0	0	0	0	0	1	0	5	0	0	0	3	0	0	0	1	0	0	1	1	0	2	2	3	0	0	0	2	0	0	0	0	1	0	0	0	1	0	0	1	2	0	1	0	0	0	1	1	0	1	0	0	0	1	0	0	3	2	0	0	0	1	0	0	0	0	0	1	0	0	1	0	0	2	1	1	0	0
"Sample91"	1	2	0	0	0	1	0	5	0	0	0	0	1	1	0	0	1	0	0	0	0	0	0	0	0	0	0	2	0	0	0	0	0	0	0	1	1	1	2	5	0	1	0	0	0	1	1	1	0	0	1	0	1	0	0	1	0	0	0	0	0	0	1	2	1	0	0	1	3	0	0	0	1	0	1	0	1	0	1	0	0	0	0	0	0	0	2	0	0	0	0	1	1	1	0	2
"Sample92"	0	0	1	0	1	1	0	0	0	1	0	0	0	1	0	0	0	0	0	0	0	2	0	0	0	1	0	0	0	1	0	0	1	0	1	3	0	3	0	2	1	1	0	2	1	3	0	0	1	0	0	0	0	0	1	0	0	0	1	0	3	1	1	2	3	0	1	1	1	0	0	0	0	1	0	2	0	0	0	0	1	0	0	0	1	0	0	0	0	0	0	0	1	0	1	0
"Sample93"	0	0	0	1	0	2	1	1	0	1	0	2	0	0	0	2	0	0	0	1	0	1	0	0	1	0	0	0	1	3	0	0	1	1	0	0	0	0	0	2	5	1	0	0	1	1	0	1	0	0	1	1	0	0	0	0	0	0	2	0	0	0	0	1	3	1	0	0	1	0	1	1	0	0	1	0	0	0	1	1	0	0	1	0	0	1	1	0	0	0	0	0	0	1	1	0
"Sample94"	0	0	0	0	0	1	0	2	1	0	0	1	1	0	0	2	1	0	0	0	0	2	0	2	1	0	0	1	0	1	0	0	0	0	0	0	1	1	0	0	0	1	0	0	1	0	2	2	1	0	0	1	1	0	0	1	0	0	0	1	0	0	0	1	2	0	2	0	3	2	1	1	0	0	0	1	0	1	1	2	0	0	0	1	0	0	1	1	0	0	0	0	1	0	0	0
"Sample95"	1	0	0	1	0	2	0	0	2	0	0	0	0	0	0	0	1	0	0	0	0	1	0	0	1	0	0	0	0	0	0	2	0	0	1	1	1	0	2	4	2	2	0	1	1	2	0	1	0	0	0	0	0	3	1	0	2	0	0	0	0	0	0	0	1	0	2	2	2	3	0	1	0	0	0	0	1	0	1	0	0	0	0	0	0	0	0	0	0	0	0	0	1	0	0	1
"Sample96"	1	2	0	0	2	1	0	0	0	1	0	0	1	1	1	0	1	0	0	0	0	1	0	0	0	0	0	0	0	0	0	2	0	1	1	1	0	1	0	3	0	2	1	0	0	5	0	0	0	1	0	0	0	0	0	0	0	0	1	0	0	0	0	1	5	0	1	0	1	1	1	0	0	0	1	1	0	0	1	0	0	0	0	0	0	0	1	1	1	0	1	1	1	0	0	0
"Sample97"	0	0	0	0	2	0	0	2	1	0	0	2	0	0	0	3	0	0	0	0	1	0	0	0	0	0	0	2	2	0	0	1	2	0	0	3	1	1	3	1	1	1	0	1	0	1	0	0	0	0	0	0	0	0	0	1	1	0	0	0	0	0	0	0	4	0	1	0	0	1	0	0	2	0	0	0	0	1	2	1	0	0	0	0	0	0	1	0	1	1	1	0	0	0	1	0
"Sample98"	0	0	0	0	3	0	0	3	0	0	1	0	0	1	1	1	1	0	0	0	0	0	0	2	0	0	0	1	0	0	0	1	1	3	0	0	1	1	0	0	0	0	0	1	2	0	0	1	1	0	1	2	0	0	2	0	0	0	0	0	1	1	0	0	3	0	0	1	0	0	1	1	0	0	1	0	0	0	3	1	0	0	0	0	0	1	2	0	0	0	0	0	1	0	1	1
"Sample99"	1	0	0	0	0	1	1	1	1	0	0	0	2	0	0	2	2	0	0	1	1	0	0	0	0	0	0	0	3	0	0	1	1	3	0	0	1	0	1	0	0	0	0	2	1	0	0	0	0	0	1	0	3	0	0	0	0	0	0	0	0	0	0	0	3	1	0	2	2	0	1	0	4	0	0	0	0	0	4	1	0	0	1	0	0	0	0	0	0	0	0	0	0	0	0	1
"Sample100"	1	0	0	0	2	0	0	0	0	0	0	0	1	1	0	0	0	0	0	1	3	0	0	0	1	0	0	0	0	1	0	4	1	1	0	0	0	1	1	3	0	2	1	2	0	0	0	0	0	0	1	0	0	1	0	2	1	1	0	0	1	0	0	0	2	1	2	1	2	0	1	0	1	0	1	0	1	0	0	0	0	0	2	0	0	0	0	0	0	0	0	0	0	0	0	2
