"SBS1"	"SBS2"	"SBS3"	"SBS4"	"SBS5"	"SBS6"	"SBS7a"	"SBS7b"	"SBS7c"	"SBS7d"	"SBS8"	"SBS9"	"SBS10a"	"SBS10b"	"SBS10c"	"SBS10d"	"SBS11"	"SBS12"	"SBS13"	"SBS14"	"SBS15"	"SBS16"	"SBS17a"	"SBS17b"	"SBS18"	"SBS19"	"SBS20"	"SBS21"	"SBS22a"	"SBS22b"	"SBS23"	"SBS24"	"SBS25"	"SBS26"	"SBS27"	"SBS28"	"SBS29"	"SBS30"	"SBS31"	"SBS32"	"SBS33"	"SBS34"	"SBS35"	"SBS36"	"SBS37"	"SBS38"	"SBS39"	"SBS40a"	"SBS40b"	"SBS40c"	"SBS41"	"SBS42"	"SBS43"	"SBS44"	"SBS45"	"SBS46"	"SBS47"	"SBS48"	"SBS49"	"SBS50"	"SBS51"	"SBS52"	"SBS53"	"SBS54"	"SBS55"	"SBS56"	"SBS57"	"SBS58"	"SBS59"	"SBS60"	"SBS84"	"SBS85"	"SBS86"	"SBS87"	"SBS88"	"SBS89"	"SBS90"	"SBS91"	"SBS92"	"SBS93"	"SBS94"	"SBS95"	"SBS96"	"SBS97"	"SBS98"	"SBS99"
0	0	0.0851118409544263	0	0	0	0	0	0	0	0	0	0	0	0	0	0	0	0	0	0	0	0.00631106121649093	0.0242895298719959	0	0	0	0	0.0181875857959554	0	0	0	0	0	0	0	0	0.19357197438239	0	0	0.0275183888745788	0	0	0	0	0.0577192278909021	0.289832258272504	0	0	0	0	0	0	0	0.0154415539070257	0.0490880913673856	0	0	0.0306835347313559	0	0.0701777359771793	0	0	0	0	0	0	0.0240228035026486	0	0	0	0	0	0.0540894358462151	0	0	0.0539549774089468	0	0	0	0	0	0	0	0	0
0	0	0	0	0	0	0	0	0	0	0	0	0	0	0	0	0.0414594100390066	0	0	0	0	0.179766260056789	0.0829918771653493	0	0	0.0585780682231687	0.0583492546022545	0	0	0	0	0	0	0	0	0	0	0	0	0.0486273295388933	0	0	0	0	0	0	0.0997466286906873	0	0	3.07929349588553e-08	0	0	0	0	0.120255607831815	0.0628979516747404	0	0	0	0	0	0	0	0.0885696894858102	0	0	0	0	0	0.0256009646123325	0	0	0	0	0	0	0	0	0	0	0.0534480283915304	0	0	0	0	0.0797088988946878
0	0	0	0	0	0	0	0	0	0	0	0	0	0	0	0	0	0.0350353459757751	0	0.0679081013118884	0	0	0	0	0	0.030805300767465	0.0218429139747758	0	0	0	0	0	0	0	0	0	0	0	0	0.0923817644950619	0	0	0.0642998426852811	0	0	0	0	0	0	1.67239207627778e-08	0	0	0	0	0	0	0	0	0	0	0	0	0	0.0471257459746589	0	0	0.0242672484264178	0	0	0.0170451431161629	0	0	0	0	0.0134994289183012	0	0	0	0	0	0.407520007774966	0	0.164820625782211	0.0134485140731141	0	0
0	0	0.00159126426951893	0	0	0	0	0	0	0	0	0	0	0	0	0	0	0	0	0	0	0	0.0226713083495762	0	0	0	0	0	0	0	0	0	0	0	0	0.0779724553319677	0	0.0446377998089702	0.134430654488034	0	0	0	0	0	0	0.0174395499216649	0.0668624652127905	0	0	0	0.0361948464790135	0	0	0	0	0	0	0	0	0	0.0302780773905531	0	0.154724914181196	0.0362349993277167	0	0	0	0	0	0	0	0	0.0297614166434078	0.0304714031830046	0	0.0826915613126275	0	0	0.234037284099958	0	0	0	0	0	0	0
0	0	0	0	2.35833438165046e-08	0	0.0881463939550099	0	0	0	0	0	0.0145002086178242	0	0	0	0	0.0382187223173925	0	0	0	0	0	0	0	0.0091170093631089	0	0.0598384518316171	0.058353544935281	0	0	0.0201805399858482	0	0	0	0	0	0	0.0889880048103473	0.0705674003212412	0	0	0	0	0.150094300800746	0	0	0	0	0	0	0	0	0	0	0	0	0	0	0	0	0	0	0	0	0	0	0	0	0	0	0	0	0	0.118316478693079	0.040666298274141	0	0	0	0	0.149002673249783	0	0.0940099492612362	0	0	0
0	0	0	0	2.4081947471568e-08	0	0	0	0	0.017729978645232	0.0930071284931512	0	0.0072705632399793	0	0	0	0	0.274118784077433	0	0	0	0	0	0	0	0	0	0	0	0.042299889305566	0	0	0	0	0	0	0	0	0.0410019279124474	0	0	0	0	0	0	0	0.0910998554426785	0	0	0	0	0.142977891640106	0	0	0	0	0	0	0	0	0	0	0	0.0196170518734717	0	0	0	0	0	0	0	0	0	0	0	0	0	0	0.1338163185144	0	0	0	0.0434119305745413	0.0335944931247465	0.0294002702887637	0.0306538927855354
0	0	2.10205612253509e-08	0	0	0	0	0	0.0660186482195546	0	0	0	0.00850909657720351	0.0329205388507772	0	0	0	0	0	0	0	0.0312934508252061	0.030520351513945	0.0299647378285831	0	0	0	0	0	0	0.041647432950623	0	0	0	0	0.0053217601685915	0	0	0.201336782802234	0	0	0	0	0	0	0	0	0	0	0	0	0	0	0	0	0	0	0	0	0.0586374478653757	0	0	0	0	0	0	0	0.0388266963615287	0	0	0	0	0.141676570783289	0	0	0	0	0	0.165167978941334	0	0.148158485291194	0	0	0	0	0
0	0	0	0.0206040344091276	0	0	0	0.0459189048244786	0.0831968233944695	0	0	0	0	0	0	0	0	0	0	0	0	0	0	0	0	0	0.101543507849087	0	0	0.172005414678786	0	0	0	0	0	0.0397320964653568	0.0536661105371287	0	0	0.138178166874159	0	0	0	0	0	0	0.0592189483026982	0	0	0.0469865555015218	0	0	0	0	0	0	0	0	0	0	0	0	0	0.161327536720232	0	0	0	0	0	0	0	0	0	0	0	0	0.0150357812471117	0	0	0	0	0	0.0360961940403866	0.00853861253109613	0	0.0179513126243603
0	0	0	0	0	0	0	0	0	0.0252433149043556	0	0	0	0	0	0	0	0.0553984742589273	0.0178285248079852	0	0.0525206981141655	0.24257463135183	0	0	0	0.121711548890849	0.00745252791720503	0	0	0	0	0	0	0	0	0	0	0	0	0	0	0	0.0727098765282826	0	0	0	0	0	0	0	0	0.115478823393677	0	0	0	0	0	0.00920717417891337	0.00903204743056411	0	0	0	0	0.049530649839866	0	0	0	0	0.0244092462780371	0.00999211554816862	0.0150731073527678	0	0	0	0.0686219893669768	0	0	0	2.65443124464631e-08	0	0	0	0	0.103215223293117	0	0
0	0	0	0.0452331435280587	0.311036430403491	0	0	0	0.0628074989215046	0	0	0	0	0	0	0	0	0	0	0	0	0.0620945784972272	0.0228460505433273	0	0	0	0	0	0	0	0	0.0197508834401201	0.0660426409804437	0.020983413265359	0	0	0	0	0	0	0	0	0	0	0	0.0739861345539389	0	0	0.0508089642977196	0	0	0.0229964621213703	0	0.0293734033835642	0	0	0	0	0	0	0	0	0.00923753357895951	0	0	0	0.122782640589827	0	0	0	0.0296785420131221	0	0.0503416798819661	0	0	0	0	0	0	0	0	0	0	0	0	0
0	0	0	0	2.2986152838509e-08	0	0	0	0	0	0	0	0	0.0232465677729265	0	0	0	0.0297492175016503	0.0219632183827297	0	0	0.0681007422294468	0	0	0	0	0	0.0288088749683356	0	0	0	0.026529355805938	0	0	0	0.0858671721541977	0	0	0	0	0	0	0.0899529898008992	0	0	0.0826053559775125	0	0	0	0	0	0	0	0	0	0	0	0	0	0	0	0	0	0.00985207679074895	0	0	0	0	0	0	0.126941666949361	0	0	0	0	0	0	0	0.221303619915525	0.171411281543663	0	0	0	0.0136678372209134	0	0
0	0	0.0238474350159088	0	0	0	0	0	0	0	0	0	0	0	0	0	0	0.125834003937243	0	0	0	0	0.00732900561606269	0	0	0.166437863586598	0	0	0	0	0	0	0	0	0	0	0	0	0.0210955778009045	0	0	0	0	0.0863189317914035	0	0	0	0	0	0	0	0	0	0	0.0333034322336226	0	0	0	0	0	0	0	0.0454794258433299	0	0	0	0	0	0	0	0	0	0	0	0	0	0.0505838269148592	0	0	0	0.216360838044473	0	0.223409659215595	0	0	0
0	0.0406312778714528	0	0	0	0	0.0211279760872393	0	0.0188399042707514	0	0	0	0.0186869918992472	0.032414712161564	0	0	0	0	0.0342376603034506	0	0	0	0	0	0	0	0	0	0	0	0	0.0625999120288083	0	0	0	0	0	0.0751649598964027	0	0	0	0	0	0	0.0806582456069612	0	0	0	0	1.54683697351866e-08	0	0	0	0	0	0	0	0	0.0224996156601366	0	0	0	0.0700927115275778	0.0511493485652105	0	0	0	0	0	0	0.0819659895877754	0	0	0	0	0	0	0	0	0	0.330985606118288	0	0.0246910532708293	0	0.0342540196759355	0
0	0	0	0	0	0	0	0	0	0	0	0	0	0	0	0	0.0443236151267076	0.0300747318181529	0.0609324892742491	0	0	0.223285656380569	0.00610274956047321	0	0	0	0.0754452029690655	0	0	0	0	0	0	0	0	0	0	0	0	0	0	0.00641783650430141	0	0	0	0.131318339516461	0.0577527474777245	0	0	0.0539419304129924	0.03337657744103	0.0524055513945811	0	0	0	0	0.0170895275456461	0	0	0	0	0	0	0.0190884182202661	0	0	0	0	0	0.0267141031055685	0	0	0	0.0494414620571207	0	0	0	0	0	0	0	0	0	0.0790613861902278	0	0.0332276750048632
0	0	0.249216179101539	0	0	0	0	0	0.0227108755431891	0	0	0	0	0.0283114753755628	0	0	0	0.0546944651371533	0	0	0	0	0.0205005479188004	0	0	0	0	0	0	0	0	0	0.112583173562084	0	0.0819356319844173	0	0	0.068582451426195	0	0.105576656872109	0	0	0	0	0.0277152768986284	0	0	0	0	2.47434703370702e-08	0	0.016650213673547	0	0.0392235687261038	0	0	0	0	0	0	0	0	0.0143580957030798	0	0	0	0	0.0873619611702617	0	0	0	0	0	0	0	0	0	0	0	0	0	0	0	0	0	0.0705794021638596
0	0	0	0	0	0.0385522101662618	0.030049487667067	0.111801503461459	0.0678588665685252	0	0	0	0	0	0	0	0	0	0	0	0	0	0	0	0	0	0	0	0.012380734595378	0	0	0	0	0	0.0309249864862738	0	0	0	0.0486511104630159	0	0	0	0	0	0.0894715311065414	0	0	0	0	0.209901452463584	0	0	0	0	0	0	0	0	0	0.0294253865958599	0	0	0	0	0	0	0.0281760364648229	0	0.0162337678346051	0	0	0	0.0161331608112113	0	0	0	0	0	0.270439765315395	0	0	0	0	0	0	0
0.0190017211588413	0	0	0	0	0	0	0.0311465429142141	0	0	0	0	0	0	0	0	0	0.0349237949611789	0.0131237513673267	0	0	0	0.0326598142126348	0	0	0.0621933143576515	0.0169119825914859	0	0	0	0	0.0632168215366994	0	0	0	0	0	0	0	0.0496607280292984	0.0519594262336613	0	0	0	0	0	0	0	0	2.69233942267536e-08	0	0	0.0133738833833045	0.0999578271764318	0	0	0	0	0	0	0	0.0510486966335863	0	0	0	0	0	0.12010219264121	0	0	0	0	0	0	0	0	0	0	0	0.1938200314897	0	0	0	0.0761352553289857	0	0.0707641890603961
0	0	0	0	0.144590953116541	0	0	0	0	0	0	0	0	0	0	0	0	0	0	0	0	0.108721786602871	0.0234030632089156	0	0.105590442350744	0.0761167270469379	0	0.0375511600241589	0	0	0	0	0	0	0	0	0	0	0	0	0	0.0687483418014014	0	0	0	0	0.0964250093929448	0	0	0	0	0	0	0	0	0	0	0	0	0	0	0.0532984577505389	0	0	0	0	0	0	0	0	0.10308661612812	0	0	0.0153884754151122	0.098862357385789	0	0	0	0	0	0.0413269424127003	0	0	0.0268896673632247	0	0
0	0	0	0	0	0	0	0	0	0	0	0	0	0.0523610490850092	0	0.0248854652351714	0	0	0	0	0.0512288624862516	0.00938104744087943	0	0	0	0	0.0579764292633067	0.0526462652080865	0	0	0	0	0	0	0	0	0	0	0	0.0327613694885187	0	0	0	0	0	0	0	0	0	1.56398625677729e-08	0	0.0692548247486562	0	0	0.0321493031444154	0	0	0	0	0	0	0.014538300679548	0	0.0465305335023755	0	0	0	0.100426756024508	0.0106811616028451	0	0	0	0	0	0	0	0.0557970340411599	0	0.153318640598653	0	0.0821128088473456	0	0	0.0712735235405101	0.0333014595287285	0.0493751498941685
0	0	1.28737696462129e-08	0.0373718046908837	0	0	0	0	0	0	0.132886257806057	0	0	0.0340445299739636	0	0	0	0.0668526316016727	0	0	0.0109041495461638	0	0	0.0226125380247758	0	0	0	0	0	0	0	0	0	0	0	0	0	0	0	0.0242117030034443	0	0	0	0	0	0	0.0516965550511111	0	0	0	0	0	0	0.0521215606172632	0.0527462525839106	0	0	0	0	0	0	0	0	0	0	0	0	0.193473990632324	0	0	0	0	0	0	0	0	0	0	0	0.042836660400596	0.262166195677604	0	0	0.0160751575164602	0	0
0	0	0	0	1.6794677846151e-08	0	0.0611166402787569	0	0	0	0	0	0	0	0	0	0	0.0484261453005993	0	0	0	0	0	0	0	0	0.0423464372133098	0	0.0460808138830907	0	0	0.0474180707292017	0	0.0725808624185009	0	0	0	0	0	0	0	0	0	0	0.0738422851176075	0	0.0944937221764088	0	0	0	0	0	0	0	0	0	0	0	0	0	0	0.0138413477154532	0	0.0236655656053859	0	0	0	0	0	0	0.0318886294527787	0	0	0	0	0	0	0	0.18247234657044	0.211809905277082	0	0	0	0.0253840561376699	0	0.0246331553290369
0	0	0	0.148835737826521	2.42340177942128e-08	0	0	0	0	0	0.0594138743078382	0	0.00630904144315689	0	0	0	0	0.0507884523550804	0	0	0	0.0217175297158207	0	0	0	0.0696401337408658	0	0.0443334136467498	0	0	0	0	0	0	0	0	0	0	0	0	0	0	0	0	0	0	0	0	0	0	0	0.0390814295628	0	0	0	0	0	0	0	0.03932900145044	0	0	0	0	0	0	0.166868338277103	0	0	0	0	0	0.0655115228342088	0	0.0353051540733268	0	0	0	0.0971418695582982	0	0	0	0	0.0924706944645784	0.0632537825091944	0
0.0234692275978411	0.06832607889907	0	0	0.2717122173652	0	0	0	0	0	0.17330840554725	0	0.00667068592771523	0	0	0	0	0	0	0	0	0	0	0.00636975895950916	0	0.0533198144620657	0	0	0	0	0	0.0311766978180145	0	0	0	0	0	0	0	0.0210011449488707	0	0	0	0	0	0	0	0	0	0	0	0	0	0	0	0	0	0	0	0	0	0	0.0140425760419206	0.062900916921838	0	0	0	0	0	0	0	0	0	0	0	0.0690450868667316	0	0	0.198657388643973	0	0	0	0	0	0	0
0	0	0.0758194705155527	0	0	0	0	0	0.0698829528921968	0.031336971208718	0	0	0	0	0	0	0.0177624116129226	0.0165607759740324	0	0	0	0.0441882575972576	0.0447891072368506	0	0	0.0450986787579014	0	0	0	0	0	0.0453302190131474	0	0	0	0	0	0	0	0	0	0	0	0	0	0	0	0	0	0	0.0320725190081255	0	0	0.0138771532467635	0	0	0	0	0	0	0	0	0	0	0	0	0	0.0466503211895816	0	0.0150946099760352	0	0	0.0152708664398597	0	0	0	0	0	0	0	0.349646381014912	0	0	0	0	0.136619304316143
0	0	0.134305785993459	0.048010235599847	0	0	0	0	0	0	0	0	0	0.0366814076278803	0	0	0	0.10831318546056	0.0188914390195466	0	0	0	0	0	0	0	0.0462222118123767	0	0	0	0.0701602648110793	0	0	0	0	0	0	0.0517781114794374	0	0	0	0	0	0	0	0	0	0	0	0	0	0	0	0	0	0	0	0	0.0449728446529847	0.0268110141963404	0.0174605672224874	0	0	0.0190670139039833	0	0	0	0	0	0	0	0	0	0	0	0	0	0	0	0.0770747427961108	0.291666055817207	0	0	0.00858511960670082	0	0
0	0	0	0	0	0	0	0	0	0	0	0	0	0	0	0	0	0	0	0	0.0229403313382302	0.0499206962341077	0.0459914444219457	0	0	0.0439397910236086	0	0	0	0	0	0	0	0	0	0	0.0571325348027558	0	0.0311061162231671	0	0	0	0	0	0	0	0	0.111056766944945	0	0.342083839959691	0.0410584868476606	0	0	0.13662528384915	0	0	0	0.013704062451887	0	0	0	0.0106394875920808	0	0	0	0	0	0	0	0	0	0	0.0705879695389478	0	0	0	0	0	0	0.0232131887718219	0	0	0	0	0	0
0	0	0	0	0	0	0	0	0.046826212125816	0	0	0	0	0	0	0	0	0	0	0	0	0	0.00662175753037926	0	0	0	0	0	0	0	0.0134926417089162	0	0	0.119420239091136	0	0.0267365268151369	0	0	0.0887064289754991	0.107397720475248	0	0	0	0	0	0.0101018478953936	0	0	0	0.174579881583443	0	0	0	0	0	0	0	0	0	0	0	0.0413889427106902	0.0382895696008737	0.149635213128086	0	0	0	0	0	0	0	0	0.070161325602006	0	0	0	0	0	0.106641692757376	0	0	0	0	0	0	0
0	0	0	0	0	0	0	0	0	0	0	0	0.0161583672926333	0.0950035104779698	0	0	0	0	0	0	0	0.0703765791146945	0	0	0	0	0	0	0	0.019913938244918	0	0.119824618845144	0	0	0	0	0	0	0.220475560036637	0	0	0	0.0485332570475534	0	0	0	0.0640178319306958	0	0	1.96306104719815e-08	0	0.0501385214804059	0	0	0	0	0	0	0	0	0.0415208127015625	0	0	0.0477946196125082	0	0	0.0360914535381255	0	0	0	0	0.12734864827244	0	0	0	0	0	0	0	0	0.0428022617741018	0	0	0	0	0
0	0.0466302311723313	0	0	2.95541842908746e-08	0	0	0	0	0.0527499406059476	0	0	0	0.0290316022769787	0	0	0	0.0659038348416013	0	0	0.0632450489904573	0.100451806806334	0.0366817078086162	0	0	0.0565460152793308	0	0	0	0	0	0	0	0	0.040625337856097	0	0	0	0	0	0	0	0.03330023483562	0	0	0	0.0328391346830044	0	0	0	0	0	0	0	0	0	0	0	0	0.0790186678148109	0	0.0429297965624072	0	0.0753442429198704	0	0	0	0	0.0345600499826721	0	0	0	0	0	0	0	0	0	0.0693792321346825	0.0146457668779393	0.0791540498120383	0	0.0360820051886592	0.0108812639964169	0	0
0	0	0	0	2.39736599690075e-08	0	0	0	0	0	0	0	0	0	0	0	0	0	0	0	0	0.0833896915011198	0.0273156289532231	0	0	0.0345529244219211	0.0718744118413456	0.0136712805842592	0	0	0	0	0	0.149132889245947	0.0411191921740943	0	0	0	0	0	0	0	0	0	0	0.0216410220684642	0.0560965618214417	0	0	0	0	0	0	0	0.0265973265871925	0	0	0	0	0.0545358166152678	0	0.0495352819665191	0	0.0140518484973196	0	0	0.229536040009271	0	0.0288797250197093	0	0	0	0.00940806349922042	0.0240971413073972	0	0	0.0110946770525669	0	0	0	0	0	0	0	0	0.0534704528600599
0	0	0	0	3.60485659739915e-08	0.0359244445374598	0	0.041629606460475	0	0	0.147709739342179	0	0	0.0295723116226316	0	0	0	0.179435588604397	0	0	0	0.0504048281039508	0	0.00745175135580485	0	0.191500195710219	0.00765839514122717	0	0	0	0	0	0	0	0.0386057419603223	0	0	0	0	0	0	0	0	0	0	0	0	0	0	0	0	0	0	0	0	0	0	0	0	0	0	0.0241480846943067	0	0.0860644230926706	0	0	0	0	0.0422215282372501	0	0	0	0.0529062302845752	0	0.0647670948039647	0	0	0	0	0	0	0	0	0	0	0
0	0	1.72026943005185e-08	0	0	0	0	0	0	0	0	0	0	0	0	0	0	0	0.0716490578743892	0	0	0.029317053477092	0	0	0	0.087985274835485	0	0	0	0	0	0	0	0	0	0	0	0	0.061447326102039	0.120498457692771	0.0564020028862226	0	0	0	0	0	0	0	0	0	0	0	0	0	0	0	0	0	0	0	0	0	0	0	0	0	0	0.0544906855512432	0.0300212948502424	0.0106021265266469	0	0	0.0471012303546263	0	0	0	0	0	0	0.0176283033924809	0.40333990588917	0	0	0.00951726336489695	0	0
0	0.00558568611397528	0.316199275788016	0	0	0	0	0	0.0535786600361004	0	0	0	0	0.010967217232956	0	0	0	0	0	0	0	0.0788770013287257	0.0571516973378328	0.0116182688332007	0	0.00835407149631995	0	0	0.011881031782405	0	0	0	0	0	0	0.00646021125479314	0	0	0	0	0	0	0	0	0	0	0	0	0	0.194412584891777	0	0	0	0	0	0	0	0	0	0	0	0	0	0	0	0	0	0.100940802182411	0	0	0	0	0	0	0	0	0	0	0	0	0.108850938820124	0	0	0	0.0351225529013625	0
0	0	0	0.0321565317038401	2.16904166195814e-08	0	0.0338603628614218	0	0.0840097937181755	0	0	0	0	0	0	0	0	0	0.0335578694885886	0	0	0.177846465077055	0	0	0	0	0	0	0	0	0	0	0	0	0.0298938318918851	0	0	0	0	0.0117990928121043	0	0	0	0	0	0	0	0	0	0	0	0	0	0	0	0	0	0	0	0.0441824894591985	0	0	0	0.0959464390566083	0	0	0	0	0	0	0	0	0	0.129652096623461	0	0	0	0	0	0	0.299302067103959	0	0	0	0	0.0277929385132862
0	0	0	0	0	0	0.0115318195776857	0	0	0.0338051308481775	0	0	0	0	0	0	0	0.147787098045596	0	0	0	0.0836561217506919	0	0	0	0.135851526520913	0	0	0	0	0	0	0	0	0	0	0	0	0	0	0	0.0196568241372042	0.0354163691468859	0	0	0	0.110205095713609	0	0	0.13667517654182	0	0	0	0	0	0	0	0	0	0.0884787524358828	0	0	0.0687206941722052	0.0306460897192854	0	0	0	0	0.022067608612379	0	0	0	0	0.0443779164465524	0	0	0	0	0	0	0	0	0.0311237763311126	0	0	0
0	0	0	0	2.55919653698608e-08	0	0	0	0.0417270265427264	0	0.153994973899998	0	0	0.013343031190125	0	0	0.0415790511609413	0	0.0159280155009079	0	0.0153590435505243	0.10969612030869	0	0	0	0	0.0953301540294985	0	0	0	0	0	0	0.105849014723405	0.00774843723007307	0	0	0	0	0	0	0	0	0	0	0.0358543264728696	0	0	0	0	0	0	0	0	0	0	0	0	0	0	0	0	0	0.0502548535860288	0	0	0.0554407064682141	0	0	0	0.159017548461046	0	0	0	0	0	0	0	0.0988776712829868	0	0	0	0	0	0	0
0	0	0	0	2.16506991491268e-08	0	0	0	0.0225583454930785	0	0	0	0.0154719757269102	0	0	0	0	0	0	0	0	0.132426619620999	0.026542068810757	0	0	0	0	0	0.0418941372571716	0	0	0.0337790770177048	0	0	0	0	0	0	0	0.255611884296799	0	0	0	0	0	0	0.0955028193651003	0	0	0	0	0	0	0	0	0	0	0	0	0	0	0	0	0.012357490476525	0	0	0	0	0	0	0	0	0	0.0322659022788818	0	0	0	0	0.13004073521469	0.194057581779162	0	0	0	0.00749134101152157	0	0
0.0167717748753327	0	0	0	0	0	0.102933903667019	0	0	0.0206941336678603	0	0	0.0131948930994694	0	0	0	0	0	0.0618622604599105	0.0269736953583499	0	0.0594330039322695	0	0.0249158780956177	0	0	0	0.0393632010494121	0	0	0	0	0	0	0	0	0	0	0	0.020100248040825	0	0	0.0131068967567491	0	0	0	0	0	0	0.116107972528316	0	0	0	0	0	0	0	0	0.0384580101974118	0	0	0	0	0.0296165792014797	0	0	0	0	0	0	0.0614836237737001	0.110196507590702	0	0	0	0	0	0	0	0	0.137056387661123	0	0.0483999677294118	0	0	0.0593310623150393
0	0.0599305761452027	0	0	0	0	0	0	0.0306863816531509	0	0	0	0	0	0	0	0	0	0	0	0	0.0690272706552539	0	0	0	0.0192051814010453	0.052054120688443	0.056234652409896	0	0	0	0	0	0	0.0142060841716569	0	0	0	0	0	0.029730102138291	0	0	0	0.028466180857575	0	0.0964018772010802	0	0	1.63711083344918e-08	0	0	0	0	0	0	0	0	0	0	0.0126174237034704	0	0	0	0	0	0.0422579334579542	0	0.0400891754379842	0	0.0579241092557996	0.0494608121842317	0	0.0313330785433133	0.0531170477475459	0	0	0	0	0	0.257257975976998	0	0	0	0	0
0	0	0	0	0.000158602437174191	0	0	0	0.0523571282835105	0.0233282253050333	0	0	0.0301734343190622	0	0	0	0	0	0	0.0149937549185306	0	0.334452414714367	0.0171578789598811	0	0	0.0398405608484525	0	0	0	0	0	0	0	0	0	0	0.0149708665189351	0	0.0495299197591526	0.119584668902889	0	0	0	0	0	0	0.0382266111885501	0	0	0	0	0	0	0	0	0	0	0.00958789460097333	0	0.0462992523918679	0	0	0	0.0405186678942388	0	0	0.0268410813303728	0	0	0	0	0	0	0.0956273859333193	0	0	0.0463516516936896	0	0	0	0	0	0	0	0	0
0	0	0	0	0	0	0.0320577383248195	0	0	0	0.0914633187097621	0	0	0	0	0	0	0.0423301006397818	0.0328881191081179	0	0.035863135677488	0	0	0.0106637249739678	0	0	0	0	0	0	0	0	0	0	0.0211390244060589	0	0	0.015782873137523	0	0.0741986591825999	0	0	0	0	0	0	0	0	0	0.107858331794016	0	0	0	0	0	0.0795766288799601	0	0	0	0	0.0855104567431442	0.0101247073484678	0	0.0159281254886072	0	0	0	0	0	0	0	0	0	0	0.0636993379308467	0.117209247505062	0	0	0	0	0	0	0.0583351676939299	0.0141039752465942	0.091267327209254	0
0	0	1.81534277547619e-08	0	0	0	0	0	0	0.0537931376583174	0	0	0.0189526751648863	0	0	0	0	0	0	0	0	0	0.0704483976444037	0	0	0	0	0	0	0	0	0.0698883593333295	0	0	0	0	0	0	0	0	0	0	0	0.0718708624195304	0	0	0	0	0	0	0	0.0767921859004167	0	0	0	0	0	0	0	0.040288485353009	0.10082134783376	0	0	0	0	0	0	0.103057862515487	0	0	0.0933797032074654	0	0.0403159185443524	0	0	0.124864002861778	0	0	0	0.123219792511143	0	0	0	0.0123072508986932	0	0
0	0	0	0.0430363505367049	0	0	0	0	0.0158898439491175	0	0	0	0	0	0	0	0	0.0549473700180379	0.0277410900846518	0	0	0	0	0	0	0	0	0	0	0	0	0	0.0655309255231206	0.0355478837304866	0	0	0	0.0812344607603825	0	0	0	0	0	0	0.0313044983306831	0	0	0	0	0.252511729614364	0	0	0	0	0	0	0	0	0	0	0	0.0574819756268296	0.00865338471901219	0	0	0	0	0	0.0410885556757752	0	0	0	0	0	0	0	0	0	0.0875250691425253	0.131777378864772	0	0	0	0	0.0657294834235364	0
0	0	0	0	0	0	0	0.0296670499794646	0	0	0	0.0797378897222828	0	0	0	0	0	0	0	0	0	0	0	0	0	0	0	0	0	0	0	0	0	0	0	0	0	0.122499892205598	0	0	0	0	0	0	0.174387731854003	0	0	0	0.0517708682030398	2.56951288127309e-08	0	0	0	0	0.0663869017546142	0	0	0	0	0	0	0	0	0.0756931721619053	0	0	0	0	0.00659990831128047	0	0.0200350863317829	0	0	0	0	0	0	0	0	0	0.3732214737809	0	0	0	0	0
0	0.0297835915257123	0	0	0	0	0	0	0.0159964138969942	0	0	0	0	0	0	0	0	0.124900900485102	0	0	0	0	0	0	0.0319501009027266	0	0	0	0	0	0	0	0	0.013774536296918	0	0	0	0	0	0	0	0	0	0	0	0.0278331112832898	0.0453944022906198	0	0	0	0	0	0	0	0	0.0352429497144687	0	0	0	0	0	0	0.129286573788149	0	0	0	0.0939623086142312	0	0	0	0	0	0	0	0	0	0	0	0	0	0.279958264273195	0	0	0.033615351059811	0	0.138301495868782
0	0	0	0.0296561070130668	0	0	0	0.0133424983147202	0	0.0167747162501768	0	0	0	0.0243866256211187	0	0	0	0	0	0	0	0.0955561692586572	0.0101980434629516	0	0	0	0	0.0694396657255201	0	0	0.045870191123471	0	0	0	0	0	0	0	0.124417752604603	0	0	0	0	0	0.252957676944075	0.134377979431622	0	0	0	0	0	0.0512577499518781	0	0	0	0	0	0	0	0	0.0796022238745602	0	0.0521625553241895	0	0	0	0	0	0	0	0	0	0	0	0	0	0	0	2.24479256073596e-08	0	2.26514635155058e-08	0	0	0	0	0
0	0	0	0	1.76577943521492e-08	0	0	0	0	0	0	0	0	0	0	0	0	0.0452186652666495	0.0224083421877184	0	0	0.130025278958317	0	0	0	0	0.0314548060555818	0.0128065290682253	0.0120122042648747	0	0	0	0	0	0	0	0	0	0	0.0928418317305528	0	0	0	0	0	0.01416735591478	0.154928544156619	0	0	0	0	0	0	0	0	0	0	0	0	0.0756446734569606	0	0	0	0.0116178127795819	0	0	0	0.0327972483214022	0	0	0	0	0	0	0	0	0	0	0.149193951586444	0.214882738594498	0	0	0	0	0	0
0.0593334507681177	0	0	0	0	0	0	0	0	0	0	0	0	0	0.0149738389236992	0	0	0	0	0	0	0	0.0438323643104679	0	0	0.0412388284200487	0	0	0	0	0	0	0	0	0	0	0	0	0	0	0	0	0	0	0	0	0	0	0	0.00376119567875522	0	0	0	0	0	0	0	0	0	0.0131066477770673	0	0.0383518903488408	0.0311090786789964	0.0740896026915309	0	0	0.0276357759607491	0.0479871377481139	0	0	0.0862832742559752	0.127341114276867	0	0	0	0	0	0	0.390955800160771	0	0	0	0	0	0	0
0	0.0138016795160143	0	0	0	0	0	0.0528800901128069	0	0	0	0	0	0	0	0	0	0	0	0	0	0	0	0.0209365618147768	0	0	0	0	0	0	0	0.0793585159636411	0	0	0.0254103503563589	0	0	0	0	0	0	0	0	0	0	0	0.0841909772703927	0	0	0.103725163643067	0	0.0500994504591979	0	0	0	0.0347267244140617	0	0	0	0	0	0.017929876551971	0	0.00817291114968767	0	0	0	0.142616873919524	0	0	0	0	0	0	0	0	0.0299065022234948	0	0.0407174774336991	0	0.228228418106291	0	0	0.0672984270650152	0	0
0	0.0216452712316215	0	0	0	0	0	0	0	0	0	0	0	0	0	0	0	0	0.0388684508281624	0	0	0.0636660835896837	0	0	0	0	0.0716971298060027	0	0	0	0	0	0	0	0	0	0	0	0.0610822141226606	0.115414594576539	0	0	0	0	0	0	0.121224376143365	0	0	0.102423542396158	0	0	0	0	0	0	0	0	0.0147500663509985	0	0	0	0	0	0	0	0	0	0	0	0	0	0	0	0	0	0	0	0.164110178080384	0	0.225118092874424	0	0	0	0	0
0	0.0142148537242386	0.0195022521689516	0.0611414120183344	0	0	0	0.0684334105962738	0	0.0544470892031601	0.0313875777817525	0	0.0515695921158355	0	0	0	0	0	0	0	0	0.105713471806495	0.00833480539376259	0.0112472961361761	0	0	0	0.0411574529143459	0	0	0	0.0564961846419399	0	0	0	0	0	0	0.0278999462690092	0	0	0	0	0	0	0	0	0	0	0	0	0	0	0	0	0	0	0	0	0	0	0	0	0.0244009316595587	0	0	0	0	0	0	0	0	0	0	0.0581556810544687	0	0.0208604286450077	0	0	0	0.33567069738943	0	0	0.00936691648125942	0	0
0	0	1.49763716910954e-08	0.0270038985307459	0	0	0	0	0	0	0	0	0	0	0	0	0	0.114135623740206	0	0	0	0.0805864855297085	0	0	0	0	0.0325587057132906	0	0	0	0	0	0	0	0	0	0	0	0.191187622823461	0	0	0	0	0	0	0	0	0	0	0	0	0	0	0	0.0357459230499893	0	0	0.0214870367597586	0	0	0.0404928428720974	0	0	0	0	0	0	0	0	0	0.0891019519435656	0	0.0202763057238277	0	0.0229935193424071	0	0	0	1.49833669470355e-08	0.0415147394481889	0.282915314563014	0	0	0	0	0
0	0.0044519802928648	0	0	0	0	0	0	0.0214790731033695	0.0618277329439349	0	0	0	0.0136430046289017	0	0	0	0.113256070091626	0	0	0	0	0	0	0	0.117460543004261	0	0	0	0	0	0	0	0	0	0	0	0	0	0	0	0	0.0514364495043898	0	0	0.0260381521289053	0	0	0	0.315189166685142	0	0	0	0	0	0	0	0	0	0.0695923974041904	0	0	0	0	0	0	0	0	0	0	0	0	0	0.0592269421539555	0.0809451147287442	0	0	0	0	0.0242336335874809	0	0	0	0.0412197397422341	0	0
0	0.0153559380414554	0	0	0.109976683973058	0	0	0	0	0	0	0	0	0	0	0	0	0	0	0	0	0	0.0607298399230851	0	0	0	0	0	0.0418905865514839	0	0	0	0	0	0	0.033229290107975	0	0.0910748070738383	0	0.033236050322628	0	0	0	0	0	0	0.0729990053754439	0	0	2.39964775798775e-08	0	0.115310478975602	0	0.0396753982245237	0	0	0	0	0	0.0382800801786449	0	0	0.0604063269409937	0.0639909323054406	0	0	0	0	0	0	0	0.0335464534510455	0	0	0	0	0	0	0	0	0.163752871316291	0	0	0.0265452332420135	0	0
0	0	0	0	0	0.0619349758052699	0.0306835660463208	0	0	0	0	0	0	0	0	0	0.0753131341831052	0.0531864158682781	0	0	0	0	0.0346617074243911	0	0	0	0	0	0	0	0	0.165248642164969	0	0	0	0.0178119603525477	0	0	0	0	0	0	0	0	0	0	0	0	0	0.148784988431523	0	0.0457558400753994	0	0	0	0	0	0.025510741506429	0	0	0	0	0.070077295219458	0	0	0	0	0	0	0.010802231114593	0.024230939201901	0	0	0	0.0765261684156916	0	0	0	0	0.159471394190123	0	0	0	0	0	0
0	0.0176291206237008	0.0706375131067342	0.0279902057521958	0	0	0	0	0.0144089455539841	0.11352692556141	0	0	0	0	0	0	0	0	0	0	0	0.0140370812546238	0	0	0	0	0.0436460902713746	0	0	0	0.0131947861915391	0	0	0	0	0	0.0544494890977608	0	0.0874620978792741	0	0	0	0	0	0	0.0496787217265143	0	3.33587483876461e-08	0.139235791751389	0	0	0.0250298424113548	0	0	0	0	0	0	0	0	0	0	0	0	0	0	0	0	0	0	0	0	0	0.029066924867058	0	0	0	0	0	0	0	0	0.134454980696965	0	0	0.165551449895374
0	0.0106039839331803	0.312514597299399	0	0.0065037799966936	0	0.0391915111688917	0	0	0	0	0.0193721115610236	0	0.0169461672064599	0	0	0.0116365900221814	0.0481039344202934	0	0	0	0.0662420774306298	0	0	0	0	0.116013546815387	0	0	0	0	0	0	0	0	0	0	0	0.102154668493494	0	0	0	0	0	0	0	0	0	0	0	0	0	0	0	0.0353375909104461	0	0	0	0	0	0	0.0327785594984201	0	0.0124797399400798	0	0.0102551990295962	0	0	0	0	0.0174749111541093	0	0.0426347946865469	0	0.0331297474104571	0	0	0	0	0	0	0	0.0495029251980176	0	0.0171235638246937	0
0	0	0	0	0	0	0	0	0.0487299640197243	0	0	0	0	0	0	0	0	0	0	0	0	0.0768153395886916	0	0.0266766941032556	0	0	0	0	0	0	0.0874841611092583	0	0	0	0	0	0	0.0351717453951552	0.0492072922928545	0	0	0	0	0	0	0	0	0	0	1.85195675085992e-08	0	0	0	0.0680010507990533	0.0977156783892777	0	0	0	0	0	0	0.00946624093170717	0	0	0	0	0	0	0	0	0.218237041939857	0	0	0	0.0895156750130154	0.0536209550663758	0	0	0	0	0.11776854748767	0	0	0	0	0.0215895953445361
0	0	0	0	1.36555941780339e-08	0	0	0	0.0371448280387713	0	0	0	0	0.0448022214941482	0	0	0	0	0	0	0	0.0222967525066469	0	0	0	0	0	0.0577854648666442	0.00975274594997623	0.0658216792233047	0.0134927602718477	0.0342267399942984	0	0.0342388666845671	0	0	0	0	0	0	0	0	0	0	0.10288641861433	0.0395355516541639	0	0	0	0	0	0	0	0.138094085886966	0	0	0	0	0.00780597025056383	0	0.0218614759662013	0	0	0	0	0	0	0	0.0166813118470208	0	0	0.0173274635811461	0	0	0	0	0	0	0.113401767359688	0	0	0.106361742336183	0	0	0	0.116482139817937
0	0	0	0	0	0	0	0	0	0.0100619469528552	0	0	0	0	0.0137141458529531	0	0	0.0123787225080291	0	0	0	0.0160578719069984	0.0369715768106014	0	0	0.0714506245506373	0	0.0620221479902968	0	0	0	0	0	0	0	0	0	0	0	0.0115703801355316	0	0	0.0198098310405704	0	0	0	0	0	0	0.118275419172816	0.0215560674210799	0	0	0	0	0	0	0	0.0428005080951603	0	0	0	0	0.00869699806712784	0	0	0	0	0.0354263154719692	0	0.0974673999574149	0	0.0819242472859347	0	0	0	0	0	0.0961899111849837	0	0.243625885595041	0	0	0	0	0
0	0	0	0	0	0	0	0.0969510588690309	0	0.0103317173969088	0	0	0	0.0145205442392022	0	0	0	0	0	0	0	0	0.00891838419807639	0	0	0	0.133315917419521	0.00251037622889369	0	0	0	0	0	0.141107259144824	0.0466935255276559	0	0	0	0.0318780097388195	0.0801224533042792	0	0	0	0	0.126859915677978	0.0318350933153172	0.160698958184193	0	0	2.69442800063316e-08	0	0	0	0	0	0	0	0	0	0	0	0.0644974779903414	0	0	0	0	0	0	0	0	0	0	0	0.0173500909979594	0	0	0.0303129397858794	0	0	0	0.00209625103684023	0	0	0	0	0
0	0	0	0	0	0	0	0.0799145272344993	0	0.0481410805578411	0.187424141276336	0	0.00678417039503473	0.017446153918327	0	0	0	0.0305506029467518	0	0	0	0.0624941008263081	0.0328319228258365	0	0	0.142372546167489	0	0	0	0	0	0.0415092143805361	0	0	0	0	0	0	0	0.0315859868078604	0	0	0.0348055842124141	0	0	0	0	0	0	3.5535960985057e-08	0	0	0	0	0	0	0	0	0	0.0225430449811835	0	0	0	0.111109184075225	0	0	0	0	0	0	0	0	0.0887150839370321	0.0617726199213639	0	0	0	0	0	0	0	0	0	0	0	0
0	0	0.247816147680169	0	0	0	0	0.117918775536129	0	0	0	0	0	0	0.0512432664471426	0	0	0	0	0	0	0	0	0	0	0	0	0	0.0120107225585848	0	0	0	0	0	0	0.0192763960980787	0	0	0.0589629643509658	0	0	0	0.0346500566577552	0	0	0	0.151869292781767	0	0.0430884312401411	2.0697994477813e-08	0	0	0	0	0	0	0	0	0	0	0	0	0	0.119928168848583	0	0	0.0134882375709383	0	0	0	0	0	0.0302300793285761	0	0	0	0	0	0.0659329957694699	0	0	0	0	0.0335844444337057	0	0
0	0	0.163943850540392	0	0	0	0	0	0	0.0773491796281742	0.0241334221213446	0	0	0	0	0	0	0	0	0.0247506703919316	0	0.0554856776523576	0.0546637136630099	0.0332317717140818	0	0	0	0	0	0	0	0	0	0	0	0	0	0	0.0946544436662176	0.0863473674362444	0	0	0.0324246571774054	0	0	0.013528868329879	0	0	0	0	0	0	0	0	0	0	0	0	0	0.0690575144253309	0	0.0199809674878674	0.0126828591177204	0	0	0	0	0	0	0	0.0127663450357101	0	0	0	0	0	0	0	0	0	0.224998691612334	0	0	0	0	0
0	0	2.21493708411783e-08	0	0	0	0	0	0	0.0353508757902428	0	0	0	0	0	0	0	0.0242209411349379	0	0	0	0	0.0405737945161537	0.0110491847251176	0	0.0577140597288932	0	0	0.00935559564769305	0.0502988731791318	0	0	0	0	0	0	0	0	0.0234545102988368	0	0	0	0	0	0	0	0.127299844375653	0	0	0	0	0	0.0246530651892217	0	0.107735830862954	0	0	0	0	0	0	0	0	0.0898690784367901	0	0	0	0	0	0	0	0	0.051426428681387	0	0	0	0	0	0.222708678130762	0	0	0	0.124289217152855	0	0	0
0	0	0	0	2.33452964399033e-08	0	0	0.05504939371192	0	0.0505391349217408	0	0	0	0.00786407214314751	0	0	0	0.0326382841802791	0.0113498578100461	0	0	0.126734189125244	0	0	0	0	0	0	0	0	0	0.0482797398873721	0	0	0	0	0	0	0	0	0	0	0.0673393387343856	0	0	0	0	0	0	0	0	0	0	0	0	0	0	0	0	0.0732036561592612	0	0	0.0374925969275374	0.185785021715759	0	0	0	0	0	0	0	0	0.0714192504063622	0	0	0	0	0	0	0	0.182388925432388	0	0	0	0	0.0499165154992602
0	0	0	0	0	0	0	0	0	0.0307199026906465	0	0	0	0	0	0	0	0	0.0232262330618153	0	0	0.15335086337538	0.0212341505525518	0	0	0	0	0.0655806156952533	0	0	0	0	0	0	0	0	0	0	0.109740571284032	0	0	0	0	0	0.0220475478106659	0	0	0	0	0	0	0	0	0	0	0	0	0	0	0	0.0384793414099776	0	0	0	0	0	0	0.0825750749669993	0	0	0	0	0	0	0	0	0	0	0.133607428969965	0	0.253917569634969	0	0	0.0125694369355205	0	0.0529512636122233
0	0	2.50329767319277e-08	0.164434796267558	0	0	0	0	0	0.0159405852027373	0	0	0.00782098007402393	0	0	0	0	0	0	0	0	0	0.0501908758943766	0	0	0.0157054047243756	0	0	0.0159387507334846	0	0	0	0	0.126406312018145	0	0	0	0	0	0	0	0	0	0	0	0	0.179161830054544	0	0	0	0	0	0	0	0	0	0	0	0	0	0.027994746547708	0	0	0.02394631513307	0	0	0	0	0.0327656050799272	0	0	0	0.0220444770003549	0	0	0	0	0	0.178527156552965	0.0360708362259254	0.103051303457828	0	0	0	0	0
0.0238057460043026	0.015906339255517	0	0	0	0	0.00760788759505067	0	0	0	0	0	0	0	0	0	0	0.0162051890650626	0	0	0	0	0	0	0	0.0301381896927465	0	0.000809206678401919	0	0	0	0.0429588119229595	0	0.0913288035913214	0	0	0	0	0.14509281614169	0.0846695120639134	0.0771429282193512	0	0	0	0	0	0.0978304302036903	0	0	0.0475188944294902	0	0	0	0	0	0	0	0	0	0	0.0426588110383698	0.011398478632856	0	0	0	0	0	0	0	0	0	0	0	0	0	0	0	0	0	0	0.227048420206319	0	0.0217876173205237	0.0160919179384342	0	0
0	0	0	0	0	0	0.0120680432617323	0	0.0483061053408192	0.0517992447324836	0	0	0	0	0	0	0	0	0.00716379641285211	0	0	0.0977316376257826	0.0322007804197452	0	0	0	0	0	0	0	0	0.0224662920703416	0	0	0	0	0	0	0	0.11586802175928	0	0	0	0	0	0	0	0	0	1.22928774134753e-08	0	0.0531311020866553	0	0	0.0573782123689203	0	0	0	0	0	0	0	0	0	0	0	0	0.105884522672171	0	0	0	0	0	0	0.0183979613046262	0.203609318379516	0	0	0	0.0713475038656254	0.102647445406573	0	0	0	0	0
0.0273785412180578	0	0	0	0	0.0121512273414773	0	0	0	0	0	0	0	0	0	0	0.0179081823218835	0	0.0295176558122315	0	0	0.108823198779105	0.0638857015097702	0	0	0	0	0	0	0	0	0	0	0.113384791648148	0	0.0207472909358995	0	0	0	0	0.025359828783541	0	0.0248507433495042	0	0	0.034892501349516	0	0	0	0	0	0.0337328724065888	0	0	0	0	0	0	0	0	0	0	0.0655867530167238	0	0	0	0	0	0	0	0	0	0	0	0	0	0.0472453542894415	0	0.0267408204837875	0	0.334708656221123	0	0	0	0	0.0130858805332013
0.00746417131182986	0	0	0	3.55638188776558e-08	0	0	0	0.017123806473626	0	0	0	0	0	0.0216638158502215	0	0	0	0	0	0	0.136500660932101	0.0913838239785643	0.0366393632793659	0	0	0	0	0	0	0	0	0	0.0566513143911672	0	0	0	0.110275027200655	0	0.258886964139105	0	0	0	0	0	0	0.0749681784265489	0	0	0	0	0	0	0.0389454611914841	0	0	0	0	0	0	0	0.00514065248790374	0	0.053773981723305	0	0	0	0	0.0121501122875088	0	0	0	0	0	0	0.0784326307627946	0	0	0	0	0	0	0	0	0	0
0	0.0282388621218087	0	0	0	0	0	0	0	0	0	0	0	0.00880625577745115	0	0	0	0.0131601582299684	0.024221523095914	0	0	0	0	0	0	0	0	0	0.0151913632593798	0	0	0	0	0	0	0	0	0	0	0.0278648744855405	0	0	0	0	0	0.0483688142922324	0	1.54062093548341e-08	0	0	0	0	0	0	0	0	0	0	0	0.016062487928018	0.175312969314595	0.0299156502934325	0.0100846729134064	0	0	0	0.0828618142470887	0	0.0064144303810936	0	0.0933342265458454	0	0	0	0	0	0	0	0.261207501685561	0	0.158954380022455	0	0	0	0	0
0	0.00590475928990496	0.161921131683979	0	0	0	0	0	0.0152114246868544	0	0.0723802642364181	0	0	0	0	0	0	0	0	0	0	0	0	0	0	0	0	0.00983929608052956	0.0105686356476459	0	0	0	0	0	0	0.0164960013340702	0	0.0581526303037476	0.0653095118890878	0.0193038976125981	0	0	0	0	0	0	0.0250585520564742	0	0	0	0.037808878962764	0	0	0	0	0	0	0	0	0.0337539295369061	0.0265414099804657	0	0	0	0	0	0	0.098725454186915	0.00941757026374523	0	0	0	0	0	0.118454566960419	0	0	0	0.0378294726477361	0	0.108345721882623	0	0	0	0	0.0689768907571159
0	0.014851327454071	0	0	2.61533123455857e-08	0	0	0	0	0.038748774326641	0	0	0	0.00764438597364102	0	0	0	0	0.0184654323088964	0	0	0.119588753446097	0.00675311994173458	0	0	0	0.0410974772896384	0	0	0	0	0.0536260259273241	0.041541044851405	0	0	0	0	0	0	0	0	0	0	0	0	0	0	0	0	0	0	0.201921231169351	0	0.0215752077609084	0	0	0	0	0	0	0	0	0	0.0780957676115665	0	0	0	0.130775002552926	0	0	0	0	0	0.0629792529727162	0	0	0.00802021047752033	0	0	0	0	0	0	0	0	0.15431695978225
0.0370394796314474	0	0	0	2.1857058341088e-08	0	0	0	0	0	0	0	0	0	0	0	0	0	0	0	0	0.0816968461084808	0.0627772966470988	0	0	0	0	0	0	0	0	0.0255635440087322	0	0	0	0	0	0	0	0	0	0	0.160225096227563	0	0	0	0.0490353459850022	0	0	0	0	0	0	0	0.0433836693870223	0	0	0	0	0	0	0.0147135375359226	0	0	0	0	0	0	0	0	0	0	0	0	0	0	0	0	0.296902478880058	0	0	0	0.132322443412451	0.0104487440602069	0	0.0858914962589565
0	0	0.352035306864918	0	0	0	0	0.0630164607071466	0	0	0	0	0.0323127015180384	0.00927809478624955	0	0	0	0	0	0	0	0.0336696980925411	0	0.00820841403958336	0	0	0	0.10408601295669	0	0	0	0	0	0	0	0	0	0	0	0	0	0.0232092907472923	0.0867500441638806	0	0	0	0.099818958404319	0	0	0	0	0	0	0	0	0	0	0.0272534778265858	0	0	0	0	0.0525508672432097	0.0367691787775905	0	0	0	0	0	0	0	0	0	0	0	0	0	0	0	0	0	0	0	0	0	0.0710414938719556
0	0	0.0655328856098201	0	0.0516977273132558	0	0	0	0	0.0719316975637726	0	0	0	0.0107130259687976	0	0	0.0543260926037244	0.0763365885242379	0	0	0	0.064986331657765	0.00456038725616551	0.0265337784001972	0	0	0.0505741479128219	0	0.0543537272994978	0	0	0	0.0402124220271238	0	0	0.0123964421189857	0	0	0	0	0	0	0	0	0	0	0.0551319740159761	0	0	0	0	0.0223624809298235	0	0	0	0	0	0.0373310887038987	0	0.0866501731895057	0	0	0.0264688446635561	0.0412648021321076	0	0	0	0.0194315304820045	0.0164245475845225	0.0211809131123975	0	0	0	0.027994487050691	0	0	0	0	0	0	0	0	0	0	0	0.0616039038793513
0	0	0	0	0.175497622314014	0	0	0	0	0	0	0	0	0	0	0	0	0.0223377696030079	0	0	0	0.108190006903191	0.0570487300461217	0	0	0	0	0	0	0	0	0	0	0	0	0	0	0	0	0.0218960955578577	0.0599691408873373	0	0.0739499972493659	0	0	0	0.0200354493801536	0	0	0	0	0	0	0	0	0	0	0	0	0	0	0	0.0733909948770757	0.0175293017072646	0	0	0	0	0	0	0.0405625495977483	0	0.0370339786286634	0.0892494572336676	0	0	0	0	0	0	0	0	0.0807939514874145	0.122514954527117	0	0
0.0219710138568036	0	0	0.0678028062829852	0	0	0	0	0	0	0	0	0	0	0	0	0	0	0	0	0	0	0	0	0	0.0256249805092043	0.0596935534789283	0	0	0	0	0	0	0	0	0	0	0	0.161988620259615	0	0.0234045151621811	0	0	0	0.033785610336466	0	0	0	0	0	0	0	0	0	0.0251366275480458	0	0	0	0	0	0	0	0	0	0	0	0	0	0	0	0	0	0.0184065185651203	0.0739891869044067	0	0	0	0	0.244274289617604	0.168758769726548	0.032375663810819	0	0	0.0427878439412726	0	0
0	0	1.94033035202261e-08	0	0	0	0.0369452237511474	0	0.0394937103498792	0	0	0	0	0	0	0	0	0.0154970091761278	0	0	0	0.0281806330078509	0	0.00996966302820911	0	0	0	0	0.0552184635340607	0.0289465861382835	0	0	0	0	0	0	0	0	0	0	0	0	0	0	0	0	0	0	0	0	0	0	0	0	0	0	0	0	0	0	0.0393177611371829	0.0308516869912778	0	0.0807430993128093	0	0	0	0	0	0	0	0	0	0.0220812847602912	0	0	0	0	0	0	0.405899098843459	0	0	0	0	0.206855760566118
0	0.0264377495053644	0	0	2.25250285193338e-08	0	0	0	0	0.037692248920161	0	0	0	0	0	0	0.0704767871342998	0.0450984613505203	0.0305124442757447	0	0	0.158603856189853	0.0137910171461776	0	0	0	0	0	0	0.0621863350671021	0	0	0	0	0	0	0	0.0535471327657976	0	0.0442674573443365	0	0	0	0	0	0	0.0937972970457384	0	0	0	0	0	0	0	0	0	0	0	0	0	0	0	0	0.0591919113561603	0	0	0	0	0	0	0	0	0	0.0258314323383721	0	0	0	0	0	0	0.278565847035344	0	0	0	0	0
0	0	0	0.129014332398484	0	0	0	0	0.0888491954160392	0	0	0	0	0	0	0	0.0147151229512742	0	0.00675145837166616	0	0	0.0155527489696428	0	0	0	0.157491276436807	0	0	0.0128035133527179	0	0	0	0.208371383428787	0.0678657311122934	0	0	0	0	0	0.0161881534257572	0	0	0	0	0	0	0.057646869139339	0	0	0.0417080897972951	0	0	0	0	0	0	0	0	0	0.0619311403889793	0	0	0.0618971179488345	0.0342245954044593	0	0	0	0	0	0	0	0	0	0	0	0	0	0.0249892714576247	0	0	0	0	0	0	0	0
0	0	0	0	1.55527782982866e-08	0	0	0	0	0	0	0	0.0186548285828696	0	0	0.00774322085254063	0	0.0841995130056207	0	0	0	0.101785574686375	0.0136657471544042	0	0	0.0417255131008695	0.0457536505055522	0.0114877685332028	0	0	0	0.110328023365871	0	0	0	0	0	0	0	0.111578965323826	0	0.0449247381593798	0	0	0	0	0	0	0	0	0	0	0	0	0	0	0	0	0	0	0	0	0	0	0	0	0	0.0710736715867129	0.0201833336688487	0	1.52640887352856e-08	0	0.0138712832267753	0.0463842138082526	0	0	0	0	0.0664761650644969	0	0.0560917433757151	0	0	0.0370534374970461	0	0.0970185776847746
0	0	0.082648673644629	0	0	0	0	0	0.0266908874478223	0.0789524814860427	0	0	0	0	0	0	0	0	0	0	0	0.124203933674887	0	0	0	0	0	0	0	0	0	0	0	0	0	0	0	0.0247401060763326	0.146755624164078	0	0	0	0.0428775832125965	0	0	0	0.0471967126512639	0	0	0	0	0	0	0	0	0	0	0	0	0	0	0	0.0384747836975774	0.0147507400852061	0	0	0	0	0.0493404488893551	0	0	0	0	0	0	0	0	0	0	0	0.295405787791918	0	0	0.0279622371782912	0	0
0	0	0	0.0363823493334155	0	0	0	0	0	0	0	0	0	0	0	0	0	0	0	0	0	0.109585720539714	0.00968502088092644	0	0	0	0.0422908419301545	0	0	0	0	0	0	0	0	0	0	0	0.237863851933162	0	0	0	0	0	0	0.0484920669052567	0	0	0	2.10718737179841e-08	0	0	0	0.0597225901397603	0.00863916300975123	0	0	0	0	0	0.0453449983196534	0	0	0.0621320222131661	0	0	0.130550865463498	0.0388382087042863	0	0	0	0	0	0	0	0.170472279555381	0	0	0	0	0	0	0	0	0	0
0	0.00947944251402256	1.34443509092497e-08	0	0.0877789018009539	0	0	0	0	0	0	0	0	0.0078309293781983	0	0	0.0345912136102804	0	0	0	0	0.0133158785385214	0	0	0	0	0	0.0298344890353058	0.0264320439689273	0	0	0	0	0.0198524715635914	0	0	0	0	0	0	0	0.0082069935029449	0	0	0.0643952482115678	0	0.131048598793845	0	0	0	0	0.051902590566806	0	0	0	0	0	0	0	0	0	0	0.0482736865523568	0	0	0	0.046807402928414	0.0669187540063886	0	0	0	0	0	0	0	0	0	0	0	0	0.316798462189907	0	0	0	0.0116482435209161	0.0248846358727017
0	0	0	0	0	0	0	0	0	0	0.0850828489094673	0	0	0	0	0	0	0	0.0633488774889162	0	0.0382177040182603	0.0445867908791339	0	0	0	0	0	0	0	0	0	0.100498782981612	0	0	0	0	0	0.0230954160007342	0	0.0693702459314749	0	0	0	0	0	0	0	0	0	0.351218820517517	0	0	0	0	0	0	0	0	0	0	0	0	0	0	0	0	0	0	0	0	0	0	0	0	0.0346175395495604	0	0	0	0	0	0.134022758571969	0	0.0559402151513554	0	0	0
0.00919172702091535	0	0.0267360041778924	0.0778328513346092	0	0	0	0.0457075141713114	0.0126029321929716	0.0892309387723906	0	0	0	0	0	0	0	0.137478281276639	0	0	0	0	0.0116427757193755	0.0145770499029757	0	0	0.0713710446218046	0.0124778442771759	0	0	0	0.109788637272835	0.115358401332927	0	0	0	0	0	0	0	0	0	0	0	0	0	0	0	0	0	0	0.0236164185350865	0	0	0	0	0	0	0	0	0.0406321152216653	0	0	0	0	0	0	0	0	0	0	0	0	0.0865042883910446	0	0	0	0	0	0.11525117577838	0	0	0	0	0	0
0	0	0	0	0.000788992781211865	0	0	0	0.00914215482687408	0	0	0	0	0.0107456356135183	0	0	0	0	0	0	0	0.174581017672295	0	0	0	0	0.0266888817168295	0	0.0430541837102687	0	0	0	0	0	0	0	0	0.0525427049982216	0	0.0231580716656919	0	0	0	0	0	0.0182408613797625	0	0	0.203090091163202	0	0	0	0	0	0	0	0	0	0	0	0.0188087257192128	0.0146013249712849	0	0.0572501667762492	0	0	0	0	0	0	0	0	0.0378200175442058	0.0794180500957244	0	0	0	0	0	0	0	0	0	0.0492564335408781	0	0.18081268582457
0	0	0	0	2.6716450730989e-08	0	0.161900659525894	0	0	0.101738103557504	0	0	0	0	0	0	0	0	0.0171522445240667	0	0	0.0929393574303689	0.01885775602756	0	0	0	0.0578794296151746	0.0947577993438238	0	0.107373066122157	0	0.0461679944475167	0	0	0.0143877654685124	0	0	0	0	0.0303192041834255	0.0208111018897701	0	0	0	0.0402226997586347	0	0	0	0	0	0	0	0	0	0	0	0	0	0	0.0670780709607936	0	0.0474633673195975	0	0	0	0	0	0	0	0	0	0	0.00892692497578919	0.0402296808573746	0	0	0	0.00905830984060045	0	0	0	0	0	0.0227364374349842	0	0
0.0580366329494695	0.039413064186212	0	0	0	0	0	0	0.116968285023207	0	0.088852213904671	0	0	0	0	0	0	0.0133529110773351	0	0	0	0.14428596640871	0	0	0	0	0	0	0	0	0	0	0	0	0.0498734132566825	0	0	0	0	0.0145485404991987	0	0	0	0	0	0	0	0	0	2.21521657863334e-08	0	0.0946350096255434	0	0	0	0	0	0	0	0.0600087210974355	0	0	0.0729102342081234	0.0111723951418314	0	0	0	0.042751621150371	0.0393327958949441	0	0	0	0.039512193456271	0	0	0	0	0	0	0	0	0	0	0.0495379626238625	0	0.0648080173439668
0	0.0395247355672161	0	0	0	0	0	0	0.0521637236210538	0	0	0.0557835475171568	0	0	0	0.0645816120547335	0	0	0	0	0	0	0	0	0	0	0	0.0664996883575107	0	0	0.029072442224969	0.0290011127183766	0	0	0	0	0	0	0	0	0	0	0	0	0	0	0	0	0	0.251375912372861	0	0.113356665027267	0.0469295765939971	0	0	0	0	0	0	0.0205271222842477	0	0	0	0	0	0	0	0.15173083259986	0	0	0.0116698547533525	0	0	0	0	0	0	0	0	0	0	0	0	0	0.0677831743073975	0
0	0	1.9161315771157e-08	0	0	0	0.0432698664513994	0	0	0	0	0	0	0	0	0	0	0.072946463649042	0	0	0	0.127797796465851	0.0286380287139149	0	0	0	0	0	0	0	0	0	0	0	0	0	0	0	0.0981257864389721	0	0.018141972509083	0	0	0	0	0.0269003247441907	0	0	0	0	0	0	0	0	0	0	0	0	0.00530756079837402	0.16505268090669	0	0	0.0923906512562777	0	0	0	0.0619285030047652	0	0.0573917019458053	0	0.0575875039654664	0	0	0	0	0	0	0	1.90995369150757e-08	0.0458451123598435	0	0	0	0	0	0.0986760085294724
0	0	0.0219027896119877	0	0	0	0	0	0	0	0	0	0	0	0	0	0	0	0.012456520272852	0	0	0	0	0	0	0	0	0.0599100719370043	0	0	0.0423767923558028	0	0	0	0	0	0	0	0.116442598978168	0	0	0	0	0	0.0808392272291382	0.0210511937433022	0.0656056106766065	0	0	0	0	0	0	0	0	0	0	0	0	0	0	0.0305824326553174	0.04819855722657	0	0	0	0	0	0	0.0335099639600632	0	0	0	0.0158560219670655	0	0	0	0	0.402028410053226	0	0.0300318891431012	0	0	0.019207920189795	0	0
0	0	0	0	2.60904831895878e-08	0	0.0681533884639944	0	0	0.0200198226397463	0	0	0	0.00973788029367074	0	0	0	0	0	0	0.0546056363965121	0.162609637435876	0.0175716870428645	0.00297400687444083	0	0	0.0360819894236251	0	0	0.0140353907210718	0	0	0	0.0626426832550511	0	0	0.0471538505869718	0	0	0	0.091637355844944	0.0264550562394411	0	0	0	0	0	0	0	0	0	0	0	0	0	0	0	0	0	0	0.0284951482885553	0.0576640460256559	0	0.0718900246642919	0	0	0	0	0	0	0	0	0.0704030568486238	0	0	0	0.00667608164244667	0	0	0.144475873020074	0	0	0	0.00671735820165935	0	0
0	0.0279933895143364	0	0	2.37564694663254e-08	0.0423215912414007	0	0	0	0.0476043924279223	0	0	0	0.0112487244217642	0	0	0	0.185537633228807	0	0.00838099228794046	0	0.0214017085260445	0	0	0	0	0	0	0	0	0	0	0	0	0	0	0	0	0	0	0	0	0	0	0	0	0	0	0	0	0	0.0936655082070792	0	0	0	0	0	0	0	0.0504746389910257	0.0338583905387673	0.00855066334882801	0.00781574381222351	0	0	0	0	0	0.0324349675110647	0	0	0	0.154128363845568	0	0.0312911566288478	0	0	0	0	0	0.195472046338183	0	0	0.0478200653737282	0	0
0	0	0	0	0	0.0360107991643468	0	0	0	0	0	0	0	0	0	0	0	0	0	0	0.0793541636077509	0.0588431193983399	0	0	0	0	0	0	0.0469523603357305	0	0	0	0	0	0	0	0	0	0	0	0.0073990024831866	0	0	0	0	0	0.127547618606413	0	0	0	0	0.0272171105152358	0	0	0	0	0	0	0	0	0	0	0	0.0307902922897408	0	0	0	0	0	0	0.0439388451572949	0	0	0	0	0	0	0	0.397095630001367	0.124487553089852	0	0	0	0	0	0.0203635053507416
0	0.0360291790427517	0	0	1.80733618866589e-08	0	0.0335695194074428	0	0.0684334192364192	0	0	0	0	0	0	0	0	0	0	0	0	0.0901130339732466	0	0	0	0.0250916672946954	0	0	0	0	0	0	0	0	0	0	0	0	0	0	0	0	0	0	0.0757275125463167	0	0	0	0	0	0	0	0	0	0.096921028989767	0	0	0	0	0	0.0139083146075647	0	0	0.114429221382451	0	0	0	0	0	0	0	0	0	0	0	0	0	0	0	0.0363299104248502	0.322731476927294	0	0	0	0	0.0867156980938394
0	0	0	0	3.00887581723777e-08	0	0	0	0	0	0	0	0	0	0	0	0	0.0585948351906045	0	0	0.0186913795303897	0.151805327815886	0.0320899886657582	0.0100696032694828	0	0	0.0312714327831479	0	0	0	0	0.0206514381882949	0	0	0	0	0	0	0	0	0	0	0	0	0	0	0	0	0	0	0	0.282228920297513	0	0	0	0	0.0855800584339671	0	0.0154188946427064	0	0	0.0731653696697207	0	0.0566656705882268	0	0	0	0	0	0.0104741879566699	0	0	0.0930417621286302	0	0	0	0	0	0	0.0602511007502434	0	0	0	0	0	0
