	SBS2	SBS3	SBS4	SBS5	SBS7a	SBS7b	SBS7c	SBS8	SBS9	SBS11	SBS12	SBS16	SBS19	SBS20	SBS23	SBS24	SBS25	SBS26	SBS29	SBS31	SBS32	SBS35	SBS37	SBS38	SBS39	SBS40a	SBS40b	SBS40c	SBS41	SBS42	SBS44	SBS45	SBS46	SBS50	SBS53	SBS58	SBS84	SBS87	SBS89	SBS92	SBS93	SBS94	SBS95	SBS96	SBS97	SBS98	SBS99
Sample1	0.0	0.023745181154504108	0.0	0.04078203586039148	0.0	0.0	0.0	0.03111887969343076	0.0	0.0	0.0021514272011549217	0.0	0.0	0.0	0.0	0.0	0.05557746200199145	0.07230572245045373	0.0	0.07792483582370069	0.0	0.019240812738518763	0.0	0.0	0.07557837065901381	0.0	0.03695754461429346	0.07667232903852315	0.05786020898378094	0.11347710887376808	0.01993310114629848	0.0	0.04390732207076878	0.0	0.0	0.0	0.0	0.0	0.04525519204151868	0.1015519384687972	0.0	0.10596052717909145	0.0	0.0	0.0	0.0	0.0
Sample2	0.0	0.11570472364743262	0.0	0.11068855744839357	0.0	0.0	0.01817452402780801	0.09039215328322271	0.0	0.0	0.018733181111535473	0.09393025560407638	0.0	0.0	0.0	0.0	0.0387279762672907	0.05565685780352184	0.0	0.0	0.0	0.0	0.0	0.0	0.07537711019081993	0.0	0.0	0.12019225607123842	0.0	0.0	0.0	0.0	0.0	0.0	0.0	0.0	0.0	0.0	0.0	0.09096290799356357	0.0	0.16736740806932562	0.0	0.004092088481771263	0.0	0.0	0.0
Sample3	0.0	0.027499147040277942	0.0	0.08754630417196203	0.0	0.0	0.0	0.08713101171812472	0.06982109976515449	0.0	0.03355428795932516	0.128903108674098	0.0	0.0	0.0	0.0	0.004321579624599246	0.017637534489793622	0.0	0.0	0.11295214369505331	0.0	0.0	0.0	0.08622713411783098	0.0	0.0	0.04293695649127942	0.0	0.0	0.0	0.0	0.0	0.0	0.03907538794468443	0.0	0.0	0.0	0.07893345867982825	0.07149381914421378	0.0	0.10114335484726751	0.0	0.0028859506490625576	0.0	0.0	0.007937720987444462
Sample4	0.0	0.09018229736001512	0.0	0.05066852686873787	0.0	0.0	0.0	0.0	0.0	0.0	0.07973364601958924	0.031687048314475615	0.0	0.051871714914779155	0.0	0.0	0.025443357905804865	0.007881601373150056	0.0	0.0	0.07429886335581502	0.0	0.03102777253286406	0.0	0.10023594883448117	0.0	0.0	0.02189609419274173	0.0	0.0	0.013437995683539442	0.0	0.03820805480039868	0.0	0.0	0.0	0.058592720471013215	0.0	0.08194359300247435	0.08807483848763552	0.0	0.13752307107926395	0.0	0.0	0.0	0.0	0.01729285480322097
Sample5	0.0	0.06496596953001205	0.057360431617082853	0.024084305956466684	0.0	0.08459619468018649	0.031197171296218438	0.04942751211337688	0.0	0.0	0.0702913442364265	0.033418905159652935	0.0	0.0	0.0	0.0	0.0	0.002622288998574637	0.0	0.010884252661806872	0.0	0.02992090497077451	0.0	0.0	0.08030051048705909	0.0	0.0	0.11621073476569137	0.0	0.0	0.0	0.0	0.0	0.0	0.0	0.0	0.0	0.0	0.03461702689156166	0.08952738202548723	0.0	0.16010449851109396	0.0	0.0	0.023412474569958597	0.0	0.03705809152856922
Sample6	0.0	0.0888503418511714	0.0	0.1034964274736992	0.0	0.0	0.0	0.06339506030388802	0.0	0.0	0.043313845876855196	0.0	0.0	0.0	0.0	0.0	0.06030718829408042	0.051671530008243344	0.0	0.0	0.0	0.0	0.0	0.0	0.08427473344788666	0.0	0.008913923569942339	0.11242287743446938	0.013503191619893794	0.0	0.0	0.0	0.0	0.0	0.0	0.0	0.0	0.0	0.000577175280962416	0.13474975331806524	0.0	0.12562018401727293	0.0	0.01222410250854429	0.06595018946983604	0.0	0.030729475525189363
Sample7	0.0	0.09225082724227782	0.0	0.07011145911001852	0.0	0.0	0.0	0.0	0.0	0.0	0.008345664878165576	0.10573026598164677	0.0	0.0	0.0	0.0	0.11245743013731133	0.0	0.0	0.0	0.0	0.0	0.0	0.0	0.09862773132382317	0.0	0.09102453677274501	0.06603643596168819	0.0	0.0	0.0	0.0	0.0525913112304091	0.0	0.0	0.09659665520997933	0.0	0.0	0.009205633765304071	0.1422138426439619	0.0	0.0	0.0	0.05480820574266926	0.0	0.0	0.0
Sample8	0.0	0.10288527732168586	0.0	0.05010754243437996	0.0	0.0	0.0	0.0	0.0	0.0	0.07182922780696024	0.06784394345927144	0.0	0.0	0.0	0.0	0.0	0.0754437536047448	0.0	0.0	0.0	0.0	0.0	0.0	0.05489452456236166	0.0	0.0	0.06928629448779347	0.0	0.0	0.0	0.0	0.0	0.0	0.0	0.0	0.0	0.0	0.08502492220477448	0.12696591529979637	0.0	0.17221449597249347	0.0	0.0	0.05014211771181441	0.0	0.07336198513392385
Sample9	0.0	0.07472293194316934	0.0	0.06362460574669117	0.0	0.0	0.00880025482944116	0.03453670776449588	0.0	0.0	0.0	0.06554808172885035	0.0	0.0	0.0	0.0	0.02799181283695952	0.024697513301898052	0.0	0.0	0.0	0.0	0.0	0.0	0.09663390725978657	0.0	0.06263431412419132	0.13290631154530277	0.03215623008540784	0.0	0.05822018777925678	0.0	0.0	0.0	0.0	0.0	0.0	0.0	0.0	0.15835774671852207	0.0	0.15786930082575631	0.0	0.00130009351027089	0.0	0.0	0.0
Sample10	0.0	0.007261802720980071	0.01241865331483246	0.006776731529966131	0.0	0.0	0.0	0.07705120990696611	0.0	0.0	0.0	0.05435149960903892	0.0	0.015176192234742989	0.0	0.0	0.0	0.015971164356086653	0.02128719796100271	0.0	0.10986829189947964	0.0	0.0	0.0	0.1354342316624529	0.016946919640994037	0.026710853043758465	0.07143306599832762	0.0	0.0	0.02933658079126051	0.023488820343960243	0.04014642809742917	0.0	0.0	0.0	0.0	0.0	0.025959722441973542	0.1718913790794508	0.028786282650802356	0.1097029727164946	0.0	0.0	0.0	0.0	0.0
Sample11	0.0	0.1123558364484103	0.0	0.10165035761089293	0.0	0.0	0.0	0.020791394618611493	0.0	0.0	0.0	0.17569573948212563	0.0	0.0	0.0	0.0	0.029619194142904284	0.01470657183659134	0.0	0.0	0.0	0.0	0.0	0.0	0.07856802795322972	0.0	0.024229209673730722	0.059071930119776336	0.0	0.0	0.0	0.0	0.054999887137940136	0.0	0.0	0.030098505851657912	0.0	0.0	0.01746515325989935	0.10890254657549574	0.0	0.15372470066110916	0.0	0.0	0.0	0.0	0.01812094462762502
Sample12	0.0	0.032541472433251506	0.0	0.012076903340839695	0.0	0.0	0.02730125199214929	0.0	0.0	0.0	0.0106991121962446	0.021025001288146994	0.0	0.0	0.0	0.0	0.12451256216492868	0.0	0.0	0.0	0.0	0.04631416887917429	0.0	0.0	0.08854731604404398	0.0	0.0	0.06430695871466266	0.0	0.0	0.041055922581798854	0.0	0.04344944301062705	0.0	0.054857663410275426	0.04953516987510883	0.07053107597899573	0.02524802677979129	0.00673866153928141	0.11823774061868464	0.044280429619371973	0.07332358668038907	0.0	0.0	0.0	0.0	0.045417532852234085
Sample13	0.0	0.06134353501585516	0.033169096895688574	0.09044916568845954	0.0	0.0	0.03391068789889943	0.0	0.03291688352574417	0.0	0.0	0.04040917502636299	0.0	0.0	0.0	0.0	0.038736179011506125	0.05010883979428136	0.0	0.0	0.0	0.027768108331643917	0.0	0.0	0.08393865855620443	0.0	0.0023914885896134663	0.0893767124922786	0.0	0.0	0.0	0.029739750695896218	0.0	0.0	0.0	0.03534398456054875	0.0	0.0	0.06941043202841801	0.10345223959271316	0.0	0.10917735569636686	0.0	0.0	0.06347031627344413	0.0	0.004887390326075127
Sample14	0.0	0.09567455827966335	0.0	0.05746217874843054	0.0	0.0	0.0074798615196255604	0.10790213270091123	0.0	0.06842055701275282	0.0	0.01301735346455963	0.0	0.0	0.0	0.0	0.0	0.07665830385192679	0.0	0.0	0.0348560494208522	0.0	0.056484252973012856	0.0	0.07244498056715415	0.0	0.03268573420957032	0.05168334749463468	0.0	0.0	0.0	0.0	0.01230743554759421	0.0	0.0	0.0	0.0	0.0	0.01430424671541491	0.10023121981594985	0.032640980053962765	0.124575569132369	0.0	0.0	0.0411712384916152	0.0	0.0
Sample15	0.0	0.05903871751239235	0.0	0.05816041401853647	0.0	0.0	0.0	0.0	0.0	0.0	0.0011660929272579005	0.10856075174712224	0.0	0.0	0.0	0.0	0.04641290202689187	0.03836350325129625	0.0	0.0	0.11032458801396479	0.0	0.0	0.0	0.08168721132200883	0.0	0.0	0.09303303938281016	0.0	0.0	0.0	0.0	0.041853799103355106	0.0	0.0	0.0	0.0	0.0	0.024320197883755636	0.12647275072622666	0.0	0.1716794506057799	0.0	0.00796049899340311	0.0	0.0	0.030966082485198842
Sample16	0.0	0.07177091646145382	0.058652125229303465	0.05601265948861823	0.0	0.0	0.0	0.07299378712490184	0.0	0.0	0.029259194390193394	0.07726481314501298	0.0	0.0	0.0	0.0	0.054769641576398145	0.0	0.0	0.0	0.0	0.03195563700019217	0.0	0.0	0.0632587175060814	0.0	0.009460361126296269	0.09205872661041635	0.0	0.0	0.0940633429978026	0.0	0.020835066084553103	0.0	0.0	0.0	0.0	0.0	0.0	0.056693060891001186	0.04396170035341558	0.049297237504122356	0.0	0.061918229652862464	0.055774782857374805	0.0	0.0
Sample17	0.0	0.038661265985844795	0.025587087746214737	0.1026705822532876	0.0	0.0	0.0	0.021800321219428206	0.0	0.0	0.006396777147830977	0.0946626976197035	0.0	0.0	0.0	0.0	0.0	0.0	0.03621268076020095	0.0	0.0	0.03454406852499788	0.0	0.0	0.042193227527384546	0.0846980268263435	0.0	0.14333210884171224	0.0	0.0	0.0	0.0	0.0	0.0	0.0	0.0	0.0	0.031144614245773385	0.0	0.15421996703301247	0.0	0.11840109154025598	0.0	0.06547548272800942	0.0	0.0	0.0
Sample18	0.0	0.0517998753487926	0.0	0.06155053697622602	0.0	0.0	0.052711663173321335	0.0	0.0	0.0	0.0	0.03583890418263462	0.0	0.0	0.0	0.0	0.0628655523466817	0.013992135089785158	0.0	0.0	0.0	0.0	0.0	0.0	0.03092586474890692	0.05515430412658267	0.07127780178659218	0.1244199807513833	0.02424153057952228	0.0	0.0	0.02759524339498714	0.0	0.0	0.0	0.0	0.06419185510448819	0.0	0.04328955647110063	0.13095859841108595	0.0	0.08366509329289498	0.06552150421501443	0.0	0.0	0.0	0.0
Sample19	0.0	0.09983405776888091	0.0	0.04915194480683207	0.0	0.0	0.0	0.048283010192849925	0.0	0.0	0.020136291094729697	0.037272805557550207	0.0	0.0	0.0	0.0	0.0	0.026501248446820048	0.0	0.06826612399091242	0.0	0.014333817557153919	0.0	0.0	0.03825317328248469	0.0	0.03212391943539653	0.12246056775851735	0.0	0.0	0.0	0.005180703358860038	0.0	0.04108670910715912	0.03879821666884176	0.0	0.0	0.038753543058019944	0.06015285570466714	0.0913099309701319	0.0	0.12003094083484742	0.03553868256373837	0.0	0.0	0.0	0.012531457841606392
Sample20	0.0	0.07053437089348169	0.0	0.06302079946759293	0.0	0.0	0.0	0.05921690609832153	0.0	0.0	0.009581816368633124	0.12983102079079523	0.06786244540160115	0.0	0.0	0.0	0.04921228396023264	0.006751614597955083	0.0	0.0	0.027898357711516244	0.0	0.0	0.0	0.0	0.05741640541591849	0.05429337575670545	0.056691034936892544	0.0	0.0	0.06939761264572013	0.0	0.059148444402099244	0.0	0.0	0.0497499928391954	0.0	0.0	0.0	0.06521969304012827	0.0	0.10417382567321064	0.0	0.0	0.0	0.0	0.0
Sample21	0.0	0.09623758327304233	0.05829656275192958	0.0	0.0	0.0	0.0	0.049076949849397006	0.0	0.0	0.00928059667401937	0.04458571396689618	0.0	0.0	0.0	0.0	0.08727135300407057	0.011361358922851164	0.0	0.0	0.0	0.0	0.0	0.0	0.039375945427363064	0.0	0.0	0.0862621706485235	0.0	0.0	0.10550542271117908	0.0	0.0	0.0	0.0	0.04681043669982123	0.0	0.0	0.08104208959710134	0.16131971305632364	0.05025122626455082	0.0	0.0	0.0	0.05315605299059591	0.0	0.020166824162335183
Sample22	0.0	0.11986332812155434	0.0	0.1262397451262096	0.0	0.0	0.0	0.0	0.0	0.0	9.19416077852276e-05	0.008661136281252157	0.0	0.0	0.0	0.0	0.01806457264634026	0.023236387109865458	0.0	0.0	0.0	0.0	0.0	0.05404414220327789	0.08456272106370914	0.0	0.05969700194286996	0.20379659385780097	0.0	0.0	0.0	0.0	0.0	0.0	0.03541538486519801	0.0	0.0	0.0	0.03239547764033639	0.15332299568091803	0.0	0.0	0.0	0.05947062934530664	0.0	0.0	0.021137942507575818
Sample23	0.0	0.08497121686125751	0.0	0.10323035760936358	0.0	0.0	0.0	0.027187854901165806	0.0	0.0	0.0421126039988029	0.05854618338387156	0.0	0.0	0.0	0.0	0.04169020791722316	0.0	0.0	0.0	0.0	0.0	0.0	0.0	0.02732806298974468	0.0	0.02543256858117409	0.1263110059026984	0.013522845809373813	0.0	0.05596304956815967	0.0	0.0	0.0	0.0	0.0	0.0	0.03529196531878583	0.07856945110121916	0.08856173281452198	0.0	0.15676061464857724	0.0	0.034520278594060566	0.0	0.0	0.0
Sample24	0.0	0.10946154284880497	0.11650518028905198	0.062377050062629884	0.0	0.0	0.0	0.018167638772333444	0.0	0.0	0.0	0.07720486275309062	0.0	0.0	0.0	0.0	0.006969411454368473	0.0	0.0	0.0	0.08876850790763413	0.0	0.0	0.0	0.1176168335790593	0.0310291113540952	0.0853189736140322	0.0841548156402825	0.035868045717880985	0.0	0.0	0.0	0.0	0.0	0.0	0.0	0.035343071946011245	0.0	0.0	0.09424290716005519	0.0	0.0	0.0	0.03697204690066992	0.0	0.0	0.0
Sample25	0.0	0.01104416088442569	0.0187274698723794	0.013938764113217988	0.0	0.0	0.0	0.013878955888481941	0.0	0.0	0.02436864385960037	0.02681383211145347	0.0	0.0	0.0	0.0	0.0	0.09696343224423631	0.0	0.0	0.08949957236911131	0.09344193162995276	0.0	0.0	0.05292846817359801	0.08760167074634549	0.016112238314281557	0.06874998608756852	0.050929800176272834	0.049628121999300355	0.0	0.0	0.0	0.0	0.0	0.0	0.0	0.0	0.0	0.017032459003129465	0.028745213596111124	0.12765074342945892	0.049255777238270036	0.0	0.06268875826280441	0.0	0.0
Sample26	0.0	0.08843081480520192	0.0	0.025037867482970377	0.0	0.0	0.0	0.026685892671477182	0.0	0.0	0.0	0.05699758386515834	0.0	0.0	0.0	0.0	0.0	0.07804712197805877	0.0	0.0	0.08683486950727212	0.0	0.0	0.0	0.062074822829183515	0.0	0.09632918630362292	0.07802716470844519	0.0	0.0	0.04011254044383676	0.0	0.0	0.03871343076223599	0.043196923423558485	0.005689490311598034	0.017391700462813596	0.0	0.042776690951582104	0.11657057650500431	0.0	0.09708332298798059	0.0	0.0	0.0	0.0	0.0
Sample27	0.0	0.055946591870537285	0.021154861993756144	0.09592807336521751	0.0	0.0	0.0	0.019751262409802826	0.0	0.0	0.0	0.07121876737262149	0.0	0.0	0.0	0.03559676325803579	0.0	0.0	0.013982984384936822	0.0	0.0	0.0	0.0	0.0	0.10660948087851808	0.08578971793109139	0.026994000251468246	0.1388238055679327	0.0	0.0	0.05832177787768992	0.0	0.020471071540934867	0.0	0.0446745566601743	0.0	0.0	0.0	0.0	0.09631727463996138	0.0	0.058001184087316436	0.0	0.05041782591000487	0.0	0.0	0.0
Sample28	0.0	0.12433832461839402	0.0	0.07419001339865143	0.0	0.0	0.0	0.08048446668010452	0.0	0.0	0.04776521206147968	0.0887297637185681	0.0	0.0	0.0	0.0	0.048365250875369525	0.030997356505327617	0.0	0.11433885746136306	0.0	0.0	0.0	0.0	0.08877384083433987	0.0	0.0	0.1140165672698628	0.0	0.0	0.0	0.0	0.0	0.0	0.0	0.0	0.0	0.0	0.011921344778018131	0.06840995827417437	0.0	0.0	0.0	0.07639372118789518	0.0	0.0	0.03127532233645169
Sample29	0.0	0.072483112536322	0.0	0.09463437803588244	0.0	0.0	0.006397431745599912	0.06706741871753535	0.0	0.0	0.0	0.07935759482348215	0.0	0.0	0.0	0.0	0.0	0.0	0.0	0.05873706765453021	0.0	0.0324902649954352	0.0	0.0	0.01562832366373234	0.0	0.03294416935512015	0.13179538034508262	0.03421517488636477	0.0	0.0	0.0	0.08321197920510087	0.0	0.0	0.0	0.0	0.0	0.06368146453541612	0.09984685910344956	0.0	0.10133560422988092	0.0	0.0	0.0	0.0	0.026173776167065513
Sample30	0.0	0.05245901322883609	0.08492910376774271	0.06509626829675881	0.0	0.0	0.0	0.024897991628133376	0.0	0.0	0.0	0.01077943133652948	0.0	0.025378461909032774	0.0	0.0	0.0019447413628569598	0.06930948742782371	0.009697026187603796	0.131218811478261	0.0	0.0	0.0	0.0	0.07617238651428321	0.0	0.0	0.11328217548532181	0.0	0.0	0.0	0.0	0.0	0.0	0.0	0.0	0.0	0.0	0.0	0.16217634255186128	0.0	0.17068296959098642	0.0019757892339687805	0.0	0.0	0.0	0.0
Sample31	0.0	0.06444713351220129	0.0	0.053926437431108275	0.0	0.0	0.034884900488364526	0.0	0.0	0.0	0.07658841419161141	0.045565660812624656	0.0	0.0	0.0	0.0	0.047467145517069355	0.0	0.0	0.039545185904242164	0.09163865548790945	0.13797316919526895	0.0	0.0	0.08150572771891264	0.0	0.0	0.10556080872147415	0.0	0.0	0.0	0.0	0.0	0.0	0.0	0.0	0.0	0.0	0.007643617908495922	0.0784703380444396	0.0	0.11833345870721038	0.0	0.0	0.0	0.0	0.01644934635906719
Sample32	0.0	0.04426813891135619	0.0	0.015298468855108605	0.0	0.0	0.0	0.0	0.012507616494215158	0.0	0.0	0.2034908543973161	0.0	0.03341838539668243	0.0	0.0	0.0	0.05068755794728099	0.0	0.0	0.0	0.0	0.0	0.03645915450259574	0.02259795463016835	0.0	0.016228035692845935	0.07569279105902874	0.03895353680780197	0.12810458747240056	0.0	0.0	0.0	0.0	0.0	0.0	0.0	0.029279772145380658	0.04244858009997768	0.03967776118536541	0.0	0.09730502369890018	0.0	0.0	0.07051840855309412	0.021564451968259634	0.021498920182221524
Sample33	0.0	0.13586766049120635	0.0	0.04374611758734298	0.0	0.0	0.0	0.05699499727563754	0.0	0.0	0.05566621525170111	0.06998346606390607	0.0	0.0	0.0	0.0	0.0	0.025486177792563087	0.0	0.09720515433157895	0.0	0.057368584808418464	0.0	0.0	0.03881788758874312	0.0	0.02947820081607607	0.05735279934790377	0.0	0.0	0.07344194081630606	0.0	0.0	0.0	0.0	0.0	0.0	0.0	0.0	0.0942629185146729	0.0	0.15525567342007476	0.0	0.009072205893868607	0.0	0.0	0.0
Sample34	0.0	0.0692907871146625	0.0	0.134677630849535	0.0	0.0	0.01641367663909954	0.054332384850768606	0.0	0.0	0.024947350774990204	0.07067812809848223	0.0	0.0	0.0	0.0	0.0	0.04402166745957348	0.0	0.0	0.0	0.0	0.0	0.0	0.023533182693438452	0.0	0.0	0.12541830822658892	0.0	0.0	0.0	0.0	0.025559072480097835	0.0	0.0	0.0	0.0	0.0	0.0	0.09910095853511584	0.0	0.17835952285811416	0.0	0.06337892504308415	0.0	0.0	0.07028840437644929
Sample35	0.0	0.05285194731561796	0.0	0.06875410345615915	0.0	0.0	0.0	0.040435727062415674	0.0	0.0	0.025902877250973975	0.08878145816991924	0.05732919043658459	0.0	0.06672120360283808	0.08021841338757663	0.0	0.00284573019780055	0.0	0.024838646441638225	0.0	0.007780521511699904	0.0	0.0	0.057012937143951205	0.0	0.03156959886669796	0.0361668998077025	0.0	0.0	0.0	0.0	0.06090889495331995	0.0	0.0	0.0	0.005182617657070807	0.0	0.0	0.05204367233390671	0.0	0.14144148491134872	0.0	0.08773195412977242	0.0	0.0	0.011482121363005582
Sample36	0.0	0.05653999597036851	0.007930237538450244	0.08229386240900015	0.0	0.0	0.04208282702192199	0.05120708692139009	0.0	0.0	0.016249537638166917	0.08962968133637378	0.0	0.023719788700958457	0.0	0.0	0.0	0.04297653863546121	0.0	0.0	0.09460574908666528	0.0	0.0	0.0	0.03142451814444493	0.09754857413055097	0.010978021257291679	0.0996022221797698	0.0	0.0	0.014000749017913853	0.04533203156057857	0.0	0.0	0.04427801868489027	0.0	0.0	0.0	0.0	0.09431213819062856	0.0	0.029247656169785557	0.0	0.008617573362808049	0.0	0.0	0.01742319204258105
Sample37	0.0	0.018277614830930943	0.034888570645279206	0.08600485948750586	0.0	0.0	0.0	0.02777721170554365	0.0	0.0	0.011332258631883273	0.07770233771613737	0.0	0.0	0.0	0.06533782127610757	0.06362823119753394	0.0	0.0	0.07700590160386993	0.0	0.04167831206981488	0.0	0.0	0.06910441677547842	0.0	0.016256235036251624	0.08033776459947041	0.028047779084925145	0.0	0.0	0.0	0.0	0.0	0.0	0.0	0.0	0.0	0.026036720988179607	0.10459435927851676	0.02187196866633174	0.05866999932294397	0.0	0.044781031934438505	0.0	0.0	0.04666660514885706
Sample38	0.0	0.10839917382962791	0.0201094402644879	0.059014112198898606	0.0	0.0	0.0	0.0	0.0	0.0	0.019349616680572574	0.0	0.0	0.0	0.0	0.0	0.024388218757000008	0.023815125224284667	0.0	0.0	0.0	0.0	0.0	0.0	0.06096556153030813	0.10337965404760928	0.01786888115715439	0.05627936001596082	0.03447412572569815	0.0	0.06973769591780611	0.04197296660390331	0.04967029991664351	0.0	0.0	0.05630074179574267	0.0	0.02307761365305852	0.017631362057846215	0.06284415211394669	0.0	0.06544979049399767	0.0	0.0	0.08527210801545265	0.0	0.0
Sample39	0.0	0.0105466079795077	0.01931326067085943	0.04197377734503448	0.0	0.0	0.0	0.005368158397212037	0.0	0.0	0.026712338815962015	0.06414776136079516	0.0	0.0	0.0	0.0	0.04465293508812037	0.0	0.06384716744917479	0.04516937264383271	0.04893712897310476	0.0	0.0	0.0	0.10067470845726288	0.048999473915727426	0.0	0.07597891208101173	0.0	0.017190971892735926	0.034557723636393464	0.0	0.0	0.0	0.0	0.008698874328796749	0.0	0.0	0.0	0.13313433504308167	0.0	0.17796150167950894	0.00041951356157678653	0.0	0.0317154766803008	0.0	0.0
Sample40	0.0	0.13582625824664432	0.0	0.15108242834600474	0.0	0.0	0.0	0.06078896549070396	0.0	0.0	0.0438589459946905	0.05161839792714448	0.0	0.0	0.0	0.0	0.004476736026109755	0.0	0.0	0.0	0.0	0.0	0.0	0.0	0.0	0.0	0.04681404081609598	0.15573217417821453	0.0	0.0	0.0	0.0	0.0	0.0	0.0	0.0	0.0	0.0	0.07114722111761267	0.12739770131789507	0.0	0.0	0.0	0.07367837779929383	0.0	0.0	0.07757875273959021
Sample41	0.0	0.11001724127440791	0.0	0.08374496794492783	0.0	0.0	0.01436369386643803	0.028364395971376882	0.0	0.0	0.0	0.04150050200431736	0.0	0.0	0.0	0.0	0.08743394316282856	0.018885853977618276	0.0	0.0	0.0	0.0	0.0	0.0023263524876746644	0.09027557133078523	0.0	0.05761965093782502	0.11464743336651179	0.0	0.0	0.0	0.0	0.0	0.0	0.09782825018229717	0.0	0.0	0.0	0.0	0.09332522016159199	0.0	0.12842829547558704	0.0	0.00264792994655931	0.0	0.0	0.02859069790925291
Sample42	0.0	0.05574583383747195	0.0968333493884939	0.07816486264989551	0.0	0.0	0.0	0.027822276815650145	0.0	0.0	0.02273963983329187	0.05005989800862055	0.0	0.0	0.0	0.0	0.0	0.06093422640251032	0.0	0.0	0.0	0.05241284395027311	0.0	0.0	0.0	0.08463133795493043	0.0	0.07606356026853292	0.02727685516565091	0.0	0.0	0.0	0.0	0.033727390785995646	0.0	0.0352423072991334	0.0	0.0	0.05778522853538465	0.15119879480220028	0.050357794094926606	0.0	0.0	0.0	0.0	0.0	0.0390038002070378
Sample43	0.0	0.05566878807921772	0.007185213231700776	0.07101752225740847	0.0	0.0	0.01919864377724466	0.05037087763188147	0.0	0.0	0.0	0.14350120114768222	0.0	0.0	0.0	0.0	0.06910250767410861	0.005061952368486374	0.0	0.0	0.0	0.0	0.0	0.0	0.037145770128268106	0.0	0.025613615554948666	0.04250256919608278	0.0	0.0	0.06182368294243155	0.0	0.0	0.0	0.0	0.0	0.047248161084368336	0.0	0.02673620959463438	0.09961078636556539	0.0	0.2013416999417955	0.0	0.01050314260905637	0.0	0.0	0.026367656415118557
Sample44	0.0	0.07582566175497663	0.0	0.05561115204548908	0.0	0.0	0.0	0.03838845359830163	0.0	0.0	0.026114607450232714	0.13746644900157565	0.0	0.0	0.0	0.0	0.0	0.0	0.0	0.0	0.0	0.05221692700367822	0.024759975697772184	0.0	0.03582615571733962	0.0	0.0	0.10633157907490566	0.0	0.0	0.0	0.0	0.0	0.0	0.02742674325473941	0.02001514562185964	0.0	0.0	0.07553215756082715	0.16127215955690194	0.009882280086424755	0.14566927961248438	0.0	0.0	0.0	0.0	0.007661272962491384
Sample45	0.0	0.0648483868239883	0.0	0.10748889290875718	0.0	0.0	0.0	0.04685325209013603	0.0	0.0	0.0	0.03267024948214828	0.0	0.0	0.0	0.0	0.08951645458316514	0.03006940325307466	0.0	0.0	0.04853541800000047	0.0	0.0	0.0	0.10805512676026213	0.05853472185554479	0.010903606047892355	0.0937720565450094	0.0	0.09991063686742405	0.0	0.0	0.03993113377008831	0.0	0.0	0.0	0.0	0.0	0.018633049282297705	0.010122902151766578	0.0	0.0	0.0	0.05170533141630737	0.04145551766154428	0.0	0.04699386050059282
Sample46	0.0	0.02001241822499037	0.0	0.07979440018755574	0.0	0.0	0.036671630416594464	0.11165647418125747	0.0	0.0	0.033882276794533546	0.02842712425313483	0.0	0.0	0.0	0.0	0.021463350720097217	0.04248626842553668	0.0	0.07905230156357702	0.0	0.0	0.0	0.0	0.1405361492641721	0.11435436154934708	0.038855923600367145	0.057882895263322215	0.0	0.0	0.0	0.0	0.0	0.0	0.0	0.0	0.0	0.0	0.0	0.09482535169179016	0.0020369078064495223	0.09806216605727455	0.0	0.0	0.0	0.0	0.0
Sample47	0.0	0.10730290046246953	0.0	0.05481167913585644	0.0	0.0	0.04542483035203948	0.0013092495105463898	0.0	0.0	0.0	0.020474111934116364	0.0	0.0	0.0	0.0	0.0	0.02459319209153891	0.0721051260659818	0.0	0.0	0.0	0.0	0.0	0.056575807245640486	0.0	0.0	0.09268086482482658	0.0	0.0	0.0	0.0	0.06621471342175281	0.0	0.0	0.11628765441157586	0.0	0.0	0.012614079388510132	0.03911353924410921	0.0	0.1385860421260795	0.0	0.026267354910028535	0.04679216634405493	0.0	0.07884668853087302
Sample48	0.0	0.053545921504747705	0.0	0.07076185144220731	0.0	0.0	0.04256800339869961	0.046403754101012204	0.0	0.0	0.06337112051659671	0.0	0.0	0.0	0.0	0.0	0.0	0.0	0.0	0.0	0.0	0.0	0.03546910813942777	0.0	0.007039540829843333	0.0	0.05084627625673273	0.11948944124581637	0.0	0.0	0.04957144780971439	0.03146511888515221	0.0035274115076507177	0.0	0.028706427285935726	0.0	0.0	0.0	0.03367899460522021	0.1574970251780841	0.0	0.11804103575151358	0.0	0.04960157692405568	0.0	0.0	0.03841594461758966
Sample49	0.0	0.07734500976405144	0.0	0.1374258928934005	0.0	0.0	0.0	0.04163624071781041	0.0	0.0	0.006317977051503626	0.13464354038459134	0.0	0.0	0.0	0.0	0.07610428607832834	0.002519355571359688	0.0	0.0	0.0	0.0	0.0	0.0	0.009441231281385345	0.0	0.0	0.14276010025393476	0.0	0.0	0.0	0.0	0.03347521638708351	0.0	0.0	0.029571867582896764	0.0	0.0	0.05788306568274713	0.12053039906231836	0.0	0.13034581728858885	0.0	0.0	0.0	0.0	0.0
Sample50	0.0	0.029664162813631764	0.0	0.04091057463590968	0.0	0.0	0.0	0.015728172879018544	0.0	0.0	0.0	0.08657690557307668	0.0	0.04406321819996207	0.0	0.0	0.01094377598103515	0.0	0.0	0.06388396187266773	0.0	0.030538438404765663	0.0	0.0	0.0	0.0	0.0	0.07592500720719632	0.0	0.0	0.0	0.02641953610058857	0.10071911050046344	0.0	0.0	0.05049984743547912	0.0	0.0671278820955135	0.0	0.04470768597776406	0.0	0.1653916925182547	0.0	0.06316670871664799	0.029522960702940807	0.0	0.054210358385084534
Sample51	0.0	0.09418612397064975	0.0	0.035538185224439404	0.0	0.0	0.0	0.07199614083848775	0.0	0.0	0.0	0.0717917937908178	0.0	0.0	0.0	0.0	0.06425117120169675	0.0441770510325276	0.0	0.0	0.0	0.04768325599626582	0.0	0.0	0.0	0.0	0.05668123655997353	0.09163580358485877	0.0	0.0	0.0	0.0	0.046185343805632016	0.0	0.0	0.0	0.0	0.0	0.06865281900190982	0.09634106991579779	0.0	0.11062953298331649	0.0	0.00407588320827399	0.0	0.0	0.09617458888535278
Sample52	0.0	0.12209252100571652	0.0	0.0296479145011364	0.0	0.0	0.0	0.0	0.0	0.0	0.0036012429546427287	0.11859755339079596	0.0	0.0	0.0	0.0	0.02507790057100204	0.0317905152737721	0.0	0.0	0.13698688673069612	0.0	0.0	0.0	0.05097843307384899	0.0	0.0	0.12753783562181928	0.03174212158700891	0.0	0.0	0.0	0.06419945053200923	0.0	0.0	0.016604625208228977	0.0	0.0	0.12465915655240446	0.07935581176993033	0.03712803122698797	0.0	0.0	0.0	0.0	0.0	0.0
Sample53	0.0	0.09931333515665186	0.005410981601308872	0.1028763388219297	0.0	0.0	0.03316840043684145	0.008568532562046025	0.0	0.0	0.0	0.08710398625908439	0.0	0.017198175551115188	0.0	0.0	0.06930683499206532	0.028238929660730865	0.0	0.0	0.0	0.0	0.0	0.004243463242495466	0.04646657488518555	0.0	0.0	0.08896223666247649	0.0	0.0	0.0	0.051377965564473056	0.02160840710402309	0.0	0.0	0.0	0.0	0.0	0.0	0.07918671235186851	0.0	0.17022412923696295	0.038910708604328416	0.0	0.047834287306412815	0.0	0.0
Sample54	0.0	0.08121137433658732	0.0	0.14650119320776747	0.0	0.0	0.0	0.0200423366592985	0.0	0.0	0.013541707234344058	0.06029568074065975	0.0	0.0	0.0	0.0	0.05678825390991481	0.011840168979585298	0.0	0.0	0.0	0.0	0.0	0.0	0.031340984415531514	0.0	0.020161146961408992	0.12303846651890957	0.0	0.0	0.0	0.0	0.05977502678860918	0.0	0.0	0.0	0.0	0.024084486007416257	0.0	0.15318719847089352	0.0	0.16690207508372631	0.0	0.0	0.0	0.0	0.03128990068534745
Sample55	0.0	0.042442090419340474	0.05507832971817691	0.015301816348621747	0.0	0.0	0.0	0.0014662497347425333	0.0	0.0	0.0	0.02846129032180445	0.0	0.0	0.09755760170411179	0.0	0.09042253774214806	0.06849511170326679	0.0	0.016858048950150587	0.0	0.02444773991250235	0.0	0.0	0.08876643992115954	0.07296631758089532	0.055176125475942896	0.024536007806199123	0.0	0.0	0.0	0.0	0.0	0.0	0.0	0.0	0.0	0.0	0.0	0.09897230282260554	0.023262680275477187	0.16118943150345436	0.0	0.0	0.0	0.0	0.03459987805940043
Sample56	0.0	0.10486096276611702	0.0	0.07975428308730986	0.0	0.0	0.0	0.04880832101424882	0.0	0.0	0.0	0.06239797416583126	0.0	0.0	0.0	0.0	0.0	0.01478693569856827	0.0	0.0	0.06642044771906605	0.0	0.0	0.0	0.11528016965681637	0.07297342211502206	0.0	0.12205691193409064	0.0	0.0	0.06389057709468471	0.0	0.0	0.0	0.0	0.0	0.016485659598174714	0.01871489403238497	0.03945515754534633	0.07146999013609452	0.0	0.10264429343624429	0.0	0.0	0.0	0.0	0.0
Sample57	0.0	0.060536840686901246	0.0	0.06689888129508391	0.0	0.0	0.023820460035387354	0.030051713845237683	0.0	0.0	0.01929072755586496	0.13137636408513906	0.0	0.05592488315645872	0.0	0.0	0.0330375810378942	0.0	0.0	0.0	0.0	0.0	0.02416240388325773	0.0	0.05378147239177527	0.0	0.0	0.08894822832498424	0.0	0.0	0.09053677009155954	0.0	0.0	0.0	0.0	0.0	0.0	0.0	0.016136918586696133	0.11109874547394544	0.0	0.13871638223254942	0.0	0.052701115540394194	0.0	0.0	0.0029805117768708176
Sample58	0.0	0.09254089236098002	0.0	0.1327659883625383	0.0	0.0	0.0	0.03619920986307254	0.0	0.0	0.06522514052710941	0.08605967099247046	0.0	0.0	0.0	0.0	0.07030165388472503	0.007871226431831121	0.0	0.0	0.0	0.0	0.013192475651110909	0.0	0.07191510367132277	0.0	0.0	0.09944033879645803	0.0	0.0	0.0	0.0	0.028035974858051694	0.0	0.0	0.0	0.0	0.0	0.0	0.040209960636177614	0.0	0.18313331110578257	0.0	0.006721149871196475	0.06638790298717315	0.0	0.0
Sample59	0.0	0.11018531684088476	0.0	0.06666146006555228	0.0	0.0	0.0	0.021633690303933587	0.0	0.0	0.0	0.12311045507805728	0.0	0.0461458265636525	0.0	0.0	0.0	0.0	0.0	0.0	0.0	0.0	0.07245275810087758	0.0	0.04487634618813703	0.0	0.0499824263919906	0.1201010222072532	0.0	0.0	0.0	0.017116706399826744	0.0	0.0	0.0	0.0	0.0	0.0	0.0	0.12198659734748978	0.0	0.19723935106709414	0.0	0.0	0.0	0.0	0.008508043445250456
Sample60	0.0	0.07279244898029992	0.058828067677932624	0.07313045451326662	0.0	0.0	0.0	0.039069912038273515	0.0	0.0	0.004282922310235988	0.07457684360415806	0.0	0.0	0.0	0.0	0.06217430761122316	0.08854695181142067	0.0	0.0	0.07819110558786868	0.0	0.0	0.0	0.05391930413873234	0.06943497093707629	0.0	0.03948465304071594	0.0	0.0	0.025230409079161655	0.0	0.018378703030217665	0.0	0.0	0.0	0.0	0.0	0.0	0.10521074756074024	0.0	0.1367481980786766	0.0	0.0	0.0	0.0	0.0
Sample61	0.0	0.0620793418210371	0.0	0.08220826631324415	0.0	0.0	0.0	0.0	0.0	0.0	0.028223717536468833	0.05101995874436956	0.0	0.0	0.0	0.0	0.06972937402170318	0.006290764933022001	0.0	0.11019597250050436	0.0	0.0	0.0	0.0	0.1408665549748631	0.0	0.0313547345980969	0.076556940228737	0.0	0.0	0.08780324466078346	0.0	0.04753816585500191	0.0	0.0	0.0	0.0	0.0	0.0	0.15605242262397853	0.0	0.0	0.0	0.0	0.0	0.0	0.050080541188189956
Sample62	0.0	0.09216687783958182	0.0	0.0947778813294051	0.0	0.0	0.0	0.0	0.0	0.0	0.0	0.11384746755937893	0.0	0.04694668318642406	0.0	0.04807393748004612	0.0	0.010267488281701868	0.0	0.0	0.0	0.031634213730893715	0.0	0.0	0.0833659712410479	0.0	0.07054289543208386	0.09558416901852565	0.0	0.0	0.0	0.0	0.0	0.0	0.0	0.0	0.05830278782321206	0.0	0.0256119128591619	0.08636601360869499	0.05753414175613364	0.08497755885370849	0.0	0.0	0.0	0.0	0.0
Sample63	0.0	0.0732680239077256	0.0	0.13355168261210398	0.0	0.0	0.0	0.04379596461010609	0.0	0.0	0.05530076259366643	0.10342829424172374	0.0	0.0	0.0	0.0	0.04858982974900477	0.015920278181161183	0.0	0.0	0.0	0.0	0.0	0.0	0.04112900974039753	0.0	0.027853122887688844	0.07544644094135686	0.0454201235568604	0.0	0.0	0.0	0.0	0.0	0.0	0.0	0.0	0.0	0.0	0.15595406707611578	0.0	0.18034239990208886	0.0	0.0	0.0	0.0	0.0
Sample64	0.0	0.11773286306410273	0.0	0.014505255956510242	0.0	0.0	0.0	0.10043347244874508	0.0	0.0	0.014605984320479852	0.07417693838119933	0.0	0.0	0.0	0.0	0.0	0.0	0.01808141823209021	0.07236188334604715	0.0	0.0	0.0	0.0	0.10845514218820367	0.0	0.050318035265132115	0.034331275777072165	0.0	0.0	0.0	0.0	0.09994005283896053	0.0	0.0	0.0	0.0	0.0	0.02741307497532845	0.0830630276541958	0.0	0.08306123007233662	0.060841930731241604	0.0	0.0340006316241859	0.0	0.006677783124168286
Sample65	0.0	0.0514406484339462	0.05914043172934835	0.02510134167639984	0.0	0.0	0.0	0.12826548837329524	0.0	0.0	0.03454485555872981	0.017929214400123922	0.0	0.0	0.0	0.0	0.03737186969940381	0.023193239463857162	0.0	0.0	0.0	0.0	0.03349296225057707	0.0	0.06293193652777446	0.0	0.1013234300809197	0.08461021352453649	0.019716013992539718	0.0	0.07721837440858055	0.0	0.008633387377891967	0.0	0.0	0.0	0.0	0.028024508833087478	0.0	0.036092933969207146	0.0	0.11649345236318134	0.0	0.0	0.05447569733659978	0.0	0.0
Sample66	0.0	0.12051327952654284	0.0	0.07738781526015799	0.0	0.0	0.0	0.13129010580596917	0.0	0.0	0.0	0.0	0.0	0.0	0.0	0.0	0.010561148488967975	0.05050665589179941	0.0	0.07600607055791517	0.0	0.014043109141194773	0.0	0.0	0.08821053411960787	0.0	0.0	0.08533503619388386	0.0	0.0	0.0	0.0	0.03980058849878688	0.0	0.0	0.0	0.055274495599644924	0.0	0.0	0.11057744610390471	0.0	0.12675999407990945	0.0	0.0	0.0	0.0	0.013733720731714987
Sample67	0.031538403678571005	0.06842198154324951	0.0	0.13034862121385712	0.0	0.0	0.02516087091418199	0.006768191061403205	0.0	0.0	0.032402062863064025	0.01568979027786976	0.0	0.0	0.0	0.0	0.008695567511157489	0.010326368374749526	0.0	0.04307512866068043	0.056021716137012706	0.02020002344045948	0.017661382909140523	0.0	0.06011480987167823	0.03576160758459961	0.0	0.07165741551740426	0.0	0.0	0.0	0.0	0.04496372790665309	0.018479143309802198	0.0	0.0	0.0	0.0	0.08403248186611298	0.10026368268539393	0.0	0.11841702267295884	0.0	0.0	0.0	0.0	0.0
Sample68	0.0	0.09008945442582977	0.0	0.09005511782854911	0.0	0.0	0.0	0.0	0.0	0.0	0.0	0.0	0.0	0.0	0.0	0.0	0.0	0.041052634708961915	0.0	0.0	0.0	0.0	0.0	0.0	0.09843073404854986	0.11752361863249028	0.0601540200433937	0.11624925884577435	0.0	0.0	0.0	0.0	0.03172569920945966	0.0	0.024503669188154623	0.0	0.0	0.0	0.0	0.08236294976665412	0.0	0.1476863683323757	0.0	0.044593100490465505	0.04622948166067443	0.0	0.009343892818666995
Sample69	0.0	0.0886416951407084	0.01948144543981717	0.0669765024257131	0.0	0.0	0.0	0.0	0.0	0.0	0.03940166616028608	0.05438506283366543	0.0	0.0599688170845113	0.0	0.0	0.19351695664909394	0.0214059747001768	0.0	0.0	0.0	0.0	0.0	0.03395728810494145	0.02901970501379397	0.0	0.0	0.08256058326877724	0.04546611508354188	0.0	0.0	0.0	0.0	0.0	0.0	0.0	0.0	0.0	0.05286480703916914	0.11360549704392299	0.0	0.08752979904815864	0.0	0.0	0.0	0.0	0.011218084963722603
Sample70	0.0	0.0955284481334476	0.0	0.07353648444543659	0.0	0.0	0.0	0.017215302353468413	0.0	0.0	0.0	0.06600469984250174	0.0	0.0	0.0	0.0	0.06211552800230424	0.0	0.0	0.0	0.0	0.0	0.0	0.0	0.08024285865124046	0.0	0.021825799407337212	0.12381347869781079	0.04236738670595193	0.0	0.0	0.0	0.04606491829328718	0.0	0.0	0.0	0.0	0.026788356526131006	0.0	0.13463275922327783	0.0	0.14049883648875128	0.0	0.0	0.0	0.0	0.06936514322905363
Sample71	0.012678790245632574	0.0871167057240293	0.0018981729809812756	0.0017275772772639365	0.03723650872924768	0.0	0.0	0.002834508223109736	0.0	0.0493070552033561	0.009950257478573131	0.06722125459965783	0.0	0.0	0.0	0.0	0.08957719774674475	0.01699409681815339	0.0	0.0	0.06158813701220231	0.0	0.0	0.005158693942655264	0.09154116050463704	0.0	0.007049081501214815	0.09094541935343334	0.0	0.0	0.0	0.06165424310077766	0.0	0.0	0.0	0.016739133957230642	0.0	0.0	0.016090806670447707	0.08871886322939164	0.077034569391819	0.10693776630944087	0.0	0.0	0.0	0.0	0.0
Sample72	0.0	0.1181534729677621	0.0	0.04885793023188234	0.0	0.0	0.0	0.04841196471166838	0.0	0.0	0.006530383568173984	0.0	0.0	0.0	0.0	0.0	0.027316992563515947	0.07440820938684321	0.0	0.0	0.0	0.0	0.0	0.02553987707364023	0.0849124717389453	0.0	0.0	0.10987854441467486	0.034119669822583416	0.0	0.0	0.013050263314777977	0.0	0.0	0.0	0.0	0.0	0.0	0.0680336149868502	0.17477171975837794	0.010077570170307117	0.1475183442374601	0.0	0.0	0.0	0.0	0.008418971052536826
Sample73	0.0	0.10320602512157614	0.0	0.0729401279795887	0.0	0.0	0.0	0.11485512043744543	0.0	0.0	0.044989606767582416	0.08612476273222403	0.0	0.0	0.0	0.0	0.0	0.03221441852931128	0.0	0.060770716208129856	0.0	0.002963757953409692	0.010383321845738473	0.0	0.08045358879043238	0.0	0.03049073904969873	0.0	0.0	0.0	0.0	0.0	0.0	0.0	0.0	0.0	0.0	0.0	0.0	0.07405748979794653	0.0	0.1513389868992341	0.0	0.07970614392653276	0.055505193961149425	0.0	0.0
Sample74	0.0	0.05796978863182151	0.0	0.052734829957603514	0.0	0.0	0.0	0.11305416216598263	0.0	0.0	0.020763454560030016	0.07642582249025333	0.0	0.0	0.0	0.0	0.014861759577666788	0.0668052677294152	0.0	0.0	0.10086279030484073	0.0	0.0	0.0	0.05635608369566045	0.0	0.0	0.09271802458212698	0.0	0.0	0.040602280307617006	0.0	0.0	0.0	0.0	0.0	0.0	0.03084498088850199	0.0	0.09130821644621694	0.0	0.16372887429676208	0.0	0.02096366436550087	0.0	0.0	0.0
Sample75	0.0	0.08812149758098911	0.0	0.04014890692442117	0.0	0.0	0.0	0.0	0.04724261056763639	0.0	0.0	0.038756427715704984	0.059433307528916804	0.0	0.041693473855473194	0.0	0.04597663255745681	0.06577699504982806	0.0	0.03901795015158031	0.0	0.0	0.0411056456538115	0.0	0.06648905029493894	0.0	0.0	0.07138187760011055	0.0	0.0	0.008301573157737536	0.0	0.027874304538801964	0.0	0.0	0.0	0.015182268147781472	0.0	0.0	0.08715605309314266	0.0	0.21634142558166852	0.0	0.0	0.0	0.0	0.0
Sample76	0.0	0.11183452804833079	0.039393769810887026	0.07046378946767663	0.0	0.0	0.0	0.04960196457915574	0.0	0.0	0.0	0.21895608170767306	0.0	0.0	0.0	0.0	0.03130175829110276	0.032384136506306394	0.0	0.0791873199165733	0.0	0.015682301612834192	0.0	0.0	0.06683609879058153	0.0	0.0	0.11324045503260721	0.0	0.0	0.0	0.0	0.0	0.0	0.0	0.0	0.0	0.0	0.004936618578512756	0.08321563355972872	0.0	0.08296554409802995	0.0	0.0	0.0	0.0	0.0
Sample77	0.0	0.10244344738388009	0.0	0.07289951453083263	0.0	0.0	0.0	0.0	0.0	0.0	0.0	0.05033343195865523	0.0	0.0	0.0	0.0	0.020154340786175853	0.0267320397900984	0.0	0.0	0.0	0.0	0.0	0.0	0.14569062438741298	0.0	0.019728661214051285	0.09448901673604457	0.0	0.0	0.0	0.04512743930030412	0.0	0.0	0.0	0.0	0.0	0.027267727236104638	0.0	0.16094502123506807	0.0	0.12555346165593098	0.0	0.04044349310922532	0.0	0.0	0.06819178067621597
Sample78	0.0	0.08179735556679096	0.06204851144310088	0.08613095133832713	0.0	0.0	0.0	0.0	0.0	0.0	0.044251938151757444	0.0	0.0	0.0	0.0	0.0	0.03340085745640179	0.030943652152447973	0.02888629287041107	0.0	0.0	0.0	0.0	0.0	0.17326147761733407	0.0	0.006233670473958205	0.05518649497763306	0.0	0.0	0.0	0.0	0.0	0.03356753796151526	0.0	0.04048693096858484	0.0	0.0	0.0008957074139725582	0.13579449837928803	0.0	0.10526710281514401	0.027763079167923203	0.0	0.05408394124540962	0.0	0.0
Sample79	0.0	0.017050157522743675	0.11032260354746355	0.022963753219552595	0.0	0.0	0.04920684056522423	0.026380659342907398	0.0	0.0	0.028276500942949766	0.06613697856767353	0.0	0.0	0.0	0.0	0.11069655777913338	0.07670913724633864	0.0	0.0	0.11427231474881845	0.0	0.0	0.0	0.0353701395014805	0.0	0.0	0.021926853911977778	0.0	0.0	0.0	0.0	0.0	0.0	0.0	0.0	0.0	0.0	0.0	0.10144034400946447	0.0	0.0	0.08608004782417455	0.0	0.08434839602307338	0.0	0.048818715247024275
Sample80	0.0	0.08647151377171158	0.0	0.06654270712157359	0.0	0.0	0.0	0.05963019790464668	0.0	0.0	0.04079712924107722	0.033240019035099704	0.0	0.039664159160668365	0.0	0.0	0.01241841874828385	0.005089592433520348	0.0	0.0	0.0	0.0	0.0	0.0	0.08261477536984209	0.0	0.028003638937510258	0.11220899275079232	0.029764033440760757	0.07614857524980899	0.05187979538042095	0.0	0.021657763714475215	0.0	0.0	0.0	0.011420842962747348	0.0	0.017542548038113122	0.11590446515246561	0.0	0.07562737192882889	0.0	0.0	0.0	0.0	0.03337345965765314
Sample81	0.0	0.024511419094508602	0.0	0.07061547380766625	0.0	0.0	0.01671831281628983	0.08656931006494817	0.0	0.0	0.0	0.0	0.0	0.03226088676514905	0.0	0.0	0.0	0.06071082331853911	0.0	0.08937606552782615	0.0	0.0	0.0	0.0	0.08089894056104249	0.0	0.0	0.09552405853158011	0.0	0.0	0.04922130209312856	0.0	0.035717943688571424	0.0	0.0	0.0	0.0	0.02558386751459393	0.0018609967111878137	0.16626508164524725	0.0	0.11689629651236909	0.0	0.0	0.0	0.0	0.04726922134735212
Sample82	0.0	0.0494116741149984	0.06704929383081065	0.01704605622366324	0.0	0.0	0.0	0.07331305398127153	0.0	0.0	0.019975940744807588	0.020659195825699205	0.0	0.0	0.0	0.0	0.0	0.13220965225742692	0.0	0.06802851457898176	0.06610559821840761	0.010147731104494307	0.0	0.0	0.06897690937112912	0.06949801086422186	0.04988956349095689	0.07047344257308973	0.0	0.0	0.0	0.0	0.0	0.0	0.0	0.0	0.035300620514183416	0.0	0.0	0.08940548914873984	0.0	0.05137456905755269	0.041134684099565215	0.0	0.0	0.0	0.0
Sample83	0.0	0.08772637177257252	0.0	0.058257608265289265	0.0	0.0	0.0	0.0	0.0	0.0	0.009985238377189745	0.019981290119310654	0.0	0.0	0.0	0.043762688894446795	0.0	0.018168325987957125	0.0	0.07441029791221516	0.0	0.03192027399496844	0.0	0.0	0.10137685824007181	0.07783311769783376	0.03937393543618238	0.09003320729814804	0.0	0.0	0.0	0.0	0.052958200412792096	0.0	0.0	0.03892903860148083	0.0	0.0	0.0	0.10065722747923318	0.035075637900101805	0.11955068161020643	0.0	0.0	0.0	0.0	0.0
Sample84	0.0	0.09435879021633845	0.0	0.08019862419998343	0.0	0.0	0.0	0.0	0.0	0.0	0.0	0.1347179798706487	0.0	0.04084019474947156	0.0	0.0	0.05368617702343995	0.03548273272167447	0.0	0.0	0.0	0.0	0.0	0.0	0.07752642177350363	0.0	0.0	0.0721469410274967	0.0	0.0	0.044285724281270575	0.0	0.0	0.0	0.0	0.0	0.0	0.022669576693993904	0.0	0.15372881498441046	0.0	0.15992378278895145	0.0	0.03043423966881666	0.0	0.0	0.0
Sample85	0.0	0.08468005805587463	0.0	0.06283030700558259	0.0	0.0	0.0	0.0	0.0	0.0	0.034914679444908565	0.047901022894425146	0.0	0.0	0.0	0.0	0.0263870188737595	0.014367718784026368	0.0	0.05388373211923795	0.0	0.05699568052635688	0.044383499206515555	0.0	0.015765180917420258	0.11793782120822177	0.04501463579109481	0.04415023811348742	0.0	0.0	0.0	0.0	0.0	0.0	0.0	0.0	0.0	0.033778000882086184	0.03911704007011526	0.10902878481726977	0.0	0.10737371243511899	0.0	0.0	0.0	0.0	0.06149086885449851
Sample86	0.0	0.037337711157525946	0.04323711076698033	0.030926423408609224	0.0	0.0	0.03250181766616082	0.0	0.0	0.0	0.0	0.10614330167379028	0.0	0.0	0.0	0.017622719998245395	0.0	0.014035172043530211	0.0	0.0	0.0	0.0	0.0	0.0	0.0905467422172919	0.0	0.019670739667927217	0.09248424116989873	0.0	0.0	0.08324135719742044	0.02200679739325649	0.0	0.0	0.023499106549851746	0.0326359648082124	0.0	0.029743738904557775	0.05115526354827248	0.10717817283191408	0.0	0.06017493671348509	0.0526058218898543	0.03152436727380409	0.0	0.0	0.021728493119411118
Sample87	0.0	0.0808927089679383	0.02580607001649683	0.07324376186021139	0.0	0.0	0.02384727666772802	0.0	0.0	0.0	0.0	0.0	0.0	0.04268545465471835	0.0	0.0	0.016181239528271493	0.06979530009524958	0.0	0.0	0.0	0.04754614186320049	0.0	0.0	0.08147205158406465	0.0	0.0	0.10534256198527354	0.018019680962650844	0.0	0.04948937650115194	0.018539049897997418	0.007576026881225124	0.0	0.0	0.0	0.0	0.0	0.054237393548612865	0.12549277411734958	0.0	0.15479240390645466	0.0	0.00504072696140487	0.0	0.0	0.0
Sample88	0.0	0.02645810966556285	0.0	0.10075712588987704	0.0	0.0	0.0	0.05590288268028682	0.0	0.0	0.04620619796816721	0.048057523416947634	0.0	0.0	0.0	0.0	0.009885371248127767	0.0	0.0	0.0	0.0	0.028956262006104665	0.0	0.0	0.08640641551268369	0.0	0.0	0.09027093382145493	0.0	0.0	0.06784598500026541	0.0	0.0	0.0	0.0	0.034245890080287125	0.0	0.0	0.06676818726161447	0.16615006430590185	0.0	0.17146612882055087	0.0	0.0006229223221677529	0.0	0.0	0.0
Sample89	0.0	0.11329738338728468	0.0	0.09073856331992208	0.0	0.0	0.0	0.0	0.0	0.0	0.0	0.023357896817637353	0.0	0.0	0.0	0.0	0.010535668447213889	0.0	0.0	0.0	0.0	0.0	0.0	0.0	0.16407362953717877	0.0	0.0	0.15420243806449485	0.0	0.0	0.0	0.0	0.06535394945010774	0.0	0.0	0.0	0.0	0.0	0.0022038335152520035	0.1558863112773907	0.0	0.22030473602571748	0.0	4.5590157800498724e-05	0.0	0.0	0.0
Sample90	0.0	0.06259597678388451	0.0	0.11837763193531439	0.0	0.0	0.0	0.019741426859729315	0.0	0.0	0.026764141139773674	0.018352913969069892	0.0	0.0	0.0	0.0	0.0	0.042143816821368786	0.0	0.0	0.0	0.0	0.0	0.0	0.04527268828124952	0.0	0.0	0.10161903530935919	0.0	0.0	0.0	0.0	0.020438043460124074	0.05872384863520003	0.0	0.0	0.0	0.018292383248568647	0.0	0.14797469899083462	0.0401029664547316	0.21040577619280149	0.0	0.0	0.04106510071131865	0.0	0.028129551206671745
Sample91	0.0	0.056302456698760404	0.07718190981116033	0.04509000121771151	0.0	0.0	0.01775713063257369	0.013668933467250292	0.004651651262878566	0.0	0.023298788692954764	0.05272230553297327	0.0	0.0	0.0	0.0	0.03502030085938486	0.028748794866544893	0.0	0.0	0.0	0.0	0.0	0.0	0.0	0.11383824138575473	0.07866665604881559	0.06261742990231778	0.03201860906234932	0.0	0.0	0.02895483398276426	0.038443789969217615	0.0	0.0	0.0	0.0	0.0	0.02120157773363802	0.10820759433598164	0.0	0.09108795297115167	0.0214493691991099	0.0066764240294922735	0.0	0.0	0.04239524833721466
Sample92	0.0	0.12545247763291165	0.0	0.0743645944098099	0.0	0.0	0.0	0.0648989604282556	0.0	0.0	0.03459815822019863	0.020822041845657852	0.0	0.0	0.0	0.0	0.019096389501010863	0.035316325548214234	0.0	0.0	0.0	0.034000470348049455	0.0	0.0	0.022826642755570867	0.0	0.02853370924911753	0.13119713792988272	0.061615314407854796	0.0	0.0	0.0	0.0	0.0	0.0	0.0	0.0	0.0	0.057945877840430295	0.15567072555888023	0.020488087948676206	0.11317308637547904	0.0	0.0	0.0	0.0	0.0
Sample93	0.0	0.10801439367634753	0.0	0.05689056132224365	0.0	0.0	0.0	0.018603274177992863	0.0	0.0	0.0004995614883899627	0.05755864339807803	0.0	0.06817745415151945	0.0	0.0	0.0	0.054947644378875254	0.02101902154928785	0.10227510217373549	0.0	0.0	0.0	0.0	0.01589416657245486	0.0	0.0	0.10397667370449674	0.0	0.0	0.0	0.0	0.038010313452453176	0.0	0.0	0.0	0.0	0.0	0.0	0.08306382063513346	0.0	0.20463292907902186	0.02069413691601781	0.0	0.0	0.0	0.04574230332395187
Sample94	0.0	0.05547167137211912	0.08033515408498482	0.05778641705556383	0.0	0.0	0.0	0.0	0.0	0.0	0.034896625148251155	0.08124092489090314	0.0	0.0	0.0	0.0	0.0021362639524248814	0.0	0.0	0.0	0.0	0.0	0.0	0.0	0.11115212973476704	0.08921204873481592	0.0383920337837522	0.08221562278319208	0.036739169421795254	0.0	0.0	0.0	0.0	0.0	0.0	0.03722462925944468	0.0	0.0	0.003329467748301994	0.20026053745745204	0.006757948538176722	0.08284935603405535	0.0	0.0	0.0	0.0	0.0
Sample95	0.0	0.1300211674610179	0.0	0.08734268597938026	0.0	0.0	0.011655258202080247	0.0	0.0	0.0	0.08760726319090546	0.01881680033522967	0.0	0.0	0.0	0.0	0.0	0.0	0.0	0.0	0.0	0.0	0.0	0.0	0.02449204416834619	0.0	0.07951106270162084	0.10799440800597546	0.0	0.0	0.0	0.02364351017790867	0.03371788468214744	0.0	0.038093516405063935	0.0	0.0	0.0	0.0	0.0950702651072969	0.0	0.15231324482302824	0.0	0.021717519510706815	0.04357938218106481	0.0	0.0444239870682272
Sample96	0.0	0.09119665433771405	0.0	0.051713546862300924	0.0	0.0	0.0	0.04183653181600422	0.0	0.0	0.07524587638175505	0.0	0.0	0.0	0.0	0.0	0.02768699672296627	0.041979985560502524	0.0	0.0	0.0	0.05547041703444671	0.0	0.0	0.08804228193142355	0.0	0.03852699875152753	0.08409540440652653	0.0	0.0	0.007380515884713914	0.0	0.022428278294973226	0.0	0.0	0.0	0.09136325678906257	0.0	0.0	0.12109207323395028	0.0	0.15146466161568745	0.0	0.010476520376445206	0.0	0.0	0.0
Sample97	0.0	0.051667735145760806	0.0	0.09034531831809768	0.0	0.0	0.0	0.0	0.0	0.05792776688614854	0.05442237345434207	0.041231913512887144	0.0	0.048909347262823526	0.0	0.0	0.0	0.027806110105210873	0.0	0.0	0.047971223987761734	0.0	0.0769469180813848	0.038056933540221605	0.004988998812730115	0.0	0.040773306090531466	0.11145941383592252	0.0	0.0	0.0	0.0	0.0	0.0	0.0	0.0	0.03219106084696919	0.0	0.0	0.07600983317204556	0.0	0.17368897927011467	0.0	0.025602767677047736	0.0	0.0	0.0
Sample98	0.0	0.09664630633528196	0.0	0.09967122203863185	0.0	0.0	0.0	0.08086766157672061	0.0	0.0	0.015607411888438154	0.015032568625324413	0.0	0.07469605349132102	0.0	0.0	0.0	0.06196302155286941	0.0	0.0	0.0	0.008941868755814817	0.029999074560946835	0.0	0.053483279454032605	0.0	0.016234681740621152	0.08917609279110476	0.0	0.08414214837893291	0.0	0.0	0.0	0.0	0.0	0.0	0.0	0.0	0.07869391895362361	0.05773287486008245	0.0	0.10825180280342009	0.0	0.028860012192833507	0.0	0.0	0.0
Sample99	0.0	0.051284377840968724	0.0	0.1178838508397308	0.0	0.0	0.0	0.010050056675133283	0.02074700710632949	0.0	0.0	0.022713150284789735	0.0	0.0	0.0	0.0	0.013363980394778511	0.0	0.0	0.09375258685124302	0.0	0.0	0.0	0.0	0.09435540932474071	0.0	0.005335566581285979	0.17745379004827805	0.0	0.0	0.0	0.0	0.04218327272274217	0.0	0.0	0.05752207669333382	0.0	0.0	0.0	0.12541353927667087	0.013289326716238116	0.14630813437283965	0.0	0.008343874270897134	0.0	0.0	0.0
Sample100	0.0	0.05583512493788146	0.0680149091925679	0.10990621477698906	0.0	0.0	0.0	0.0	0.0	0.0	0.03857342487705527	0.050980866756090364	0.0	0.0	0.0	0.0	0.0	0.0	0.0	0.0	0.0	0.0	0.0	0.0	0.11598317417876464	0.07047955819729412	0.0	0.07718334160449217	0.0	0.0921766493933403	0.054697509382818164	0.0	0.0	0.0	0.0	0.0	0.0	0.0	0.09578576788185005	0.13391098154851852	0.0	0.0	0.0	0.0	0.036472477272337954	0.0	0.0
