"SBS1"	"SBS2"	"SBS3"	"SBS4"	"SBS5"	"SBS6"	"SBS7a"	"SBS7b"	"SBS7c"	"SBS7d"	"SBS8"	"SBS9"	"SBS10a"	"SBS10b"	"SBS10c"	"SBS10d"	"SBS11"	"SBS12"	"SBS13"	"SBS14"	"SBS15"	"SBS16"	"SBS17a"	"SBS17b"	"SBS18"	"SBS19"	"SBS20"	"SBS21"	"SBS22a"	"SBS22b"	"SBS23"	"SBS24"	"SBS25"	"SBS26"	"SBS27"	"SBS28"	"SBS29"	"SBS30"	"SBS31"	"SBS32"	"SBS33"	"SBS34"	"SBS35"	"SBS36"	"SBS37"	"SBS38"	"SBS39"	"SBS40a"	"SBS40b"	"SBS40c"	"SBS41"	"SBS42"	"SBS43"	"SBS44"	"SBS45"	"SBS46"	"SBS47"	"SBS48"	"SBS49"	"SBS50"	"SBS51"	"SBS52"	"SBS53"	"SBS54"	"SBS55"	"SBS56"	"SBS57"	"SBS58"	"SBS59"	"SBS60"	"SBS84"	"SBS85"	"SBS86"	"SBS87"	"SBS88"	"SBS89"	"SBS90"	"SBS91"	"SBS92"	"SBS93"	"SBS94"	"SBS95"	"SBS96"	"SBS97"	"SBS98"	"SBS99"
0	0	0.0209796659667477	0	0	0	0	0.0287982787527558	0	0.0254381760318136	0	0	0	0	0	0.00388801649041981	0.014713077121624	0	0	0.0139479440156392	0.017277620872309	0	0	0	0	0	0	0.00207200691704888	0	0.0133827996179037	0.00526741191200328	0	0.00894149816671768	0.0460001479197322	0	0	0	0	0.0412375643180897	0	0	0	0	0	0	0	0.0650398492629301	0	0	0.113300547039178	0.0114223934914096	0.0735203167792184	0	0	0.01478145699942	0.0296000424013834	0	0	0	0	0	0.00473440357866487	0	0.0271021419158477	0	0	0	0	0.0112706162650353	0	0	0	0	0	0	0.0615571838414712	0.0255910769568333	0	0.1528278615899	0.00605810922759903	0.117792885831537	0.00201305950846865	0.0292629029738829	0	0.0121809442344159	0
0	0	0.217188724670509	0	0.019590604034983	0.00638945370626774	0	0	0.00762311754333891	0	0.0836864145697279	0	0	0	0	0	0	0.0567322553921131	0	0	0	0.0579318267629988	0.00416037459503875	0	0	0.0820644635053829	0	0	0	0	0	0	0	0	0	0	0	0	0	0	0	0	0	0	0	0	0	0	0	0.106301189473346	0	0	0	0	0	0	0	0	0	0	0	0	0	0.0794378838018071	0	0	0	0	0	0	0	0	0.0323865992884756	0	0.0458149700897614	0	0	0	0	0	0.20069212256625	0	0	0	0	0
0.011431427031576	0	0	0	0.210270719273343	0	0	0	0.0162357091897001	0	0.0222368837770679	0	0.00606079916391401	0	0	0	0	0.033440666680732	0	0.0169618240096393	0	0.104139028249415	0	0.0136990050874921	0	0.0182047778897911	0	0	0	0.049424409056082	0	0	0	0	0	0	0	0	0	0.0809743185231139	0.0286941517358332	0	0	0	0.0108550309562777	0	0.075444839056714	0	0	0	0	0	0	0	0	0	0	0	0	0	0	0	0.0411799621774598	0	0	0	0	0	0.00928280197966651	0	0	0	0	0	0	0.0628416673375991	0	0	0	0	0.16553309952304	0	0	0.014990145651999	0	0.0080987336495454
0	0	0.195464831744746	0	0.0833705295395973	0.0181605182505338	0	0	0	0	0	0	0	0	0	0	0	0.16754400902373	0	0.00495862651394243	0	0	0	0	0	0	0	0	0	0	0	0	0	0	0.0334074051530954	0	0.0200164093061955	0	0.0385671211249889	0.0859952377985669	0	0	0	0	0	0	0.0862117913083239	0	0	0	0	0	0	0.0456631040182644	0.0614801377374188	0	0	0	0	0	0	0.00387248023343156	0	0	0	0	0	0	0.00683672272705685	0	0.0323701226581301	0	0	0.00647205824725722	0.0320556183811781	0.0129504476051584	0	0	0	0	2.24944254200813e-08	0	0	0.0398910449665869	0	0.0247117611673719
0	0	0.197347918380935	0	0	0	0	0.0474909393754475	0.00627831039697722	0	0.00943670014757108	0	0.00690379823437462	0	0	0	0	0.0656867886972389	0	0	0	0.00736702499282191	0.0206156518318696	0	0	0	0	0	0	0	0	0	0	0	0	0	0	0.0376954267911316	0.0166841093147188	0	0	0	0.0161343781876858	0	0	0	0	0	0	0.16163735106077	0	0	0	0	0	0	0	0	0	0	0	0	0.00769213789975043	0.00702377798256699	0	0	0	0	0	0	0	0	0.00868201532280629	0.0170444236632932	0	0	0	0	0.0902576108742463	0.0168762765552271	0.2545837909639	0	0	0.00456156932666697	0	0
0.0148777839185655	0	0.200178078307035	0	0	0	0.0129084299201459	0	0	0	0	0	0	0	0.00675650163257357	0	0.0294697923681485	0.00793220166391834	0	0	0.00678133099616345	0	0	0	0	0	0.0122260800983881	0.0418479715604494	0.0121498296216621	0	0	0.0364211457287253	0	0	0	0	0	0	0	0	0	0	0	0	0	0	0.0851147545033038	0	0	0.0808967726429773	0.0131048882393778	0.0068782531546571	0	0	0	0	0	0	0	0.0193481880288237	0	0	0	0.020545886163299	0	0	0.0176250497710343	0.0192475771842663	0	0	0	0.0311548114667151	0	0	0	0	0	0	0.188941615829596	0	0.0496798405867614	0	0.0284522364816363	0.0484665081526478	0	0.0089944719791286
0	0.00560491034407798	0.137539562418742	0	2.37248881848352e-08	0.0316721302934767	0	0.0143175160853875	0	0	0	0	0	0	0	0	0	0.0864790889364575	0.0166577600748783	0	0	0.0889087171682414	0.00487777913990884	0	0	0.0283117513889849	0	0	0.0390615658189985	0	0	0	0	0	0	0	0	0	0	0	0	0	0	0	0	0	0.0360039054226386	0.0594202015066891	0.0860877403084678	0	0	0	0	0	0	0.0260443028549404	0	0	0	0	0	0.00325565147528176	0	0.0171957421186738	0	0	0	0.107287316852406	0	0	0	0	0	0.0153558277727362	0	0	0	0	0	0	0.135197793575833	0	0.0491814281809158	0.011539284537376	0	0
0	0	0.197701305749794	0.0198262233657256	0	0	0	0	0	0	0	0	0	0	0	0	0	0.104832081026902	0.00464995751447545	0	0	0	0	0	0	0.0220028506365009	0.0123514772500782	0	0	0	0	0.0324031489590654	0	0.00771985499239711	0	0.0168953196908303	0	0	0	0	0	0	0	0	0.0090638936514971	0	0	0	0	0.158088718690486	0	0.00723854614242024	0	0	0	0	0	0	0	0	0.010213793822933	0	0	0.0163417476337204	0	0	0	0	0	0	0	0	0.0183720547331535	0	0.00702539928639136	0	0	0	0.194241911544028	0	0.106929170874002	0	0	0.0236490913583816	0	0.0304534530772174
0	0	0	0	0	0	0	0	0.00673477569030274	0	0.0328255556714419	0	0	0	0	0	0	0	0.0146513551262987	0	0.0123687915983722	0.0256844816278583	0	0	0	0	0	0.0107675545738417	0	0	0	0	0	0	0	0	0	0.0197469658322019	0	0	0	0	0	0	0	0	0.0890858823026116	0	0	0.21740480642773	0.0679260037257016	0.0343486233623845	0	0	0	0	0	0	0	0.0127615774837957	0	0.00360174143274506	0	0.0176456013440264	0	0	0	0	0	0	0	0	0	0	0.0127735430799664	0	0	0	0.230850347788622	0	0.174520747078987	0	0.0163016458531117	0	0	0
0.00813262169814555	0	0	0	0	0	0	0	0	0	0.110306160925454	0	0	0	0	0	0	0	0	0	0	0	0	0	0	0	0.0230991185578146	0	0	0	0	0	0	0	0	0	0.0120847083416454	0	0	0.0930913930139973	0	0	0	0	0	0.0141369363458799	0.0366891333175174	0	0	0.00129746218214815	0	0	0	0.0169838966405079	0	0.0206215441329368	0	0	0	0	0	0.0124433705986119	0	0.0246753664569617	0	0	0	0	0	0	0	0	0.0738598871387676	0	0	0.015953716184116	0	0	0.343546167675214	0.0427394750805581	0.107282488073066	0	0.0197510849120697	0.0233054687245881	0	0
0	0	0.214576257823926	0	2.78848942927444e-08	0.00748602508382244	0	0.01262844479317	0	0.0209194461920888	0	0	0.00212961340738264	0	0	0	0	0	0	0	0	0.174566131673387	0.020045409112438	0	0	0	0	0	0.012395268200191	0	0	0	0	0.0246937062587924	0	0	0	0.0592875204464498	0	0	0	0	0	0	0	0	0	0	0	0	0	0	0	0.0520444234503064	0	0	0	0	0	0.0471122933908994	0.0126941586664653	0	0	0.0201668838549092	0	0	0	0	0	0	0	0	0.0636551151937467	0	0	0	0	0	0.0946092403135733	0	0.151227906666805	0	0	0.00976212758675285	0	0
0.0155819537579654	0	0	0	0	0	0.00832060198674872	0	0.0238288251740322	0	0	0	0.00869049014016113	0	0	0	0	0	0	0	0	0.0290508432554882	0	0.0103520436620597	0	0.0506772356356055	0.0377019735361971	0	0.0308176263691339	0	0	0	0.109791314531863	0	0	0	0	0	0	0	0	0	0	0	0.0311340735263083	0	0.0522175521630771	0	0	1.74891879157216e-08	0	0	0	0	0.0156347985427407	0.0373671090344289	0	0	0	0	0	0	0.0398846919156984	0	0	0	0.0388993421575181	0.0257247269611378	0	0	0.0702849989875161	0	0.0408175306762561	0.00879134640894293	0	0	0	0	0.189469908378044	0	0.0765361413456233	0	0	0	0	0.0484248543642655
0	0	0.135549775311787	0.0203380350002217	0	0	0.0350180513830235	0	0.0254894173514835	0.00807218262119347	0	0.0151512856657094	0.00893151620154369	0	0	0	0	0	0.0172666525340261	0	0	0.0131436753178136	0	0	0	0.00654760687688664	0	0	0.0205980937044458	0	0.011807734999511	0	0	0	0	0	0	0.0236985656059949	0	0	0	0	0	0	0.0108966293873143	0	0.0341814404897828	0	0	1.96218010539854e-08	0	0.024384541198875	0	0	0	0	0	0	0	0	0	0	0.00402671524175908	0.0748477849105671	0	0	0	0.0245533137036745	0	0	0	0	0	0	0.0364796270488149	0.0473406394517709	0	0	0.115002545557889	0	0.254470709702758	0	0	0.032203441111353	0	0
0	0	0.250314378601302	0	0	0	0	0	0.0164131248345091	0	0.014745026948006	0	0.0197361618396711	0	0	0	0.0203406297660839	0	0.0160757302411331	0	0	0.0246532857562464	0.0346442182151957	0	0	0	0	0	0	0	0.00722800460982157	0	0	0.0285923283864287	0	0	0	0.0605093279876849	0	0.0467876331282469	0	0	0	0	0.0708859736098799	0	0	0	0	1.7462313366279e-08	0	0	0	0	0	0	0	0	0	0.0107792137820171	0	0	0	0.0216988369914715	0	0	0	0	0.00927325328445635	0	0	0	0	0	0	0	0	0	0.121686476092632	0.0391402786736044	0.168507876725253	0	0	0.0179882230640439	0	0
0	0	0	0	3.01256978254239e-08	0	0.0057647764781731	0.0261523197920157	0.00422118163253316	0	0	0	0	0	0	0.00952333230316074	0	0.0391860675577204	0	0	0	0.070298676066698	0.0210099173408996	0	0	0.0500151014303791	0	0.00701281657993698	0.0184409085919145	0	0	0	0	0.0219896377539123	0	0	0	0	0	0.102396081991339	0	0	0	0	0	0	0.129666537270557	0	0	0.0443723124367239	0	0	0	0	0	0	0	0	0	0	0	0.00968331295070604	0.0181184545993996	0.0315886577514091	0	0	0	0	0	0	0	0	0	0	0.0435965745054241	0	0	0	0.0874288473243721	0	0.219103848270726	0	0.0168520169335517	0.010453536886585	0	0.0131250534261658
0	0	0.211618286178143	0	0	0.0101444650867546	0	0	0	0.0131511368004313	0.0958886894010615	0	0	0	0	0	0	0.0236552915925938	0	0	0.0322739652958153	0.0505278803788212	0	0	0	0	0.0195250668650947	0	0	0	0	0	0	0	0.0180422690873838	0	0	0	0	0	0	0	0	0	0	0	0.0169179528803593	0	0	0.221412689419128	0	0.012131053645478	0	0	0.00512346654439089	0	0	0	0	0	0	0.0175674938912931	0	0	0	0	0	0.00938267690524037	0	0	0	0	0	0	0	0	0	0	0.124393634531273	0.0380879256386894	0	0	0.0440052396345925	0.0361508162234559	0	0
0	0.00230169027442637	0	0	0.0721219358126727	0	0	0	0	0	0.0241324657110161	0	0	0	0	0	0.0158103086362864	0	0	0	0	0.0429608128650058	0.00292799575071463	0	0	0	0	0	0	0	0	0	0	0	0	0	0.0367643998033683	0.00804100442215878	0	0	0	0	0	0	0	0	0.0632670556776966	0	0	0.221479665734157	0	0.0132322217818854	0	0.0062996377722339	0	0	0	0.00997588919914525	0	0	0	0	0.0322306787508362	0	0	0	0	0	0	0	0	0	0	0.0374586171948247	0	0	0	0	0.202350634151923	0	0.13085665865834	0	0.0777883278033095	0	0	0
0	0	0.152491401392476	0	0	0.0110032201652073	0	0	0.0201228914431242	0	0	0	0.0183886957474987	0	0	0	0.0184510990329931	0	0	0	0	0	0.0361240834353068	0	0.0238177971011678	0	0	0	0	0	0	0	0	0	0	0	0	0.0393737190807717	0	0.0124453598471046	0	0	0	0	0	0	0.0367935710123738	0	0.0798435204617954	1.71331193030205e-08	0	0	0	0	0.00964936440723911	0	0	0	0	0	0	0.00346787336415125	0	0.0306473950701333	0	0	0.0372047464509514	0	0.00973955271649642	0.009391319412573	0.0265595444644216	0	0	0	0	0	0.0321856458982821	0	0.227085951360157	0	0.157478707264367	0	0	0.00773452373828903	0	0
0	0	0.242666762320117	0	0	0	0.036165366630223	0.0128661789368403	0	0	0.0104870092268735	0	0	0	0	0.0102344780688717	0.00750704790853361	0.0120063807625867	0.00251210164230923	0	0	0.0438215843628948	0.00312764498429949	0	0	0	0	0	0	0	0.0148346296647921	0.00823521494261455	0	0.00727359039322303	0	0	0	0	0	0	0	0	0.0198798566324283	0	0	0	0	0	0	0.113325092703714	0	0.0107211676325527	0.0105697021782071	0	0	0	0	0	0	0	0	0.00491645790009218	0.0388407834922256	0.013111988693569	0	0	0	0	0.00815521688073273	0.0157014006788149	0	0	0	0.0368715077931172	0	0	0.00421423360860194	0	0.116906094619806	0	0.188255367176125	0	0	0	0.00679314016583514	0
0	0	0.0271055110200868	0	0.0411391591043077	0	0	0	0	0.00627694726858129	0.0331458372314386	0	0	0.00654862850775757	0.0211055632220862	0	0	0	0	0	0	0.0889905412733879	0.0246206779974552	0	0	0.0398178088752269	0	0.0165188088006286	0	0	0	0	0.0202988812600396	0	0	0	0	0	0	0.0071027131465882	0	0	0	0	0	0.00932436643237505	0	0.055891058497254	0.0298911684785069	0.079507122682571	0	0	0	0.0400027078412166	0	0.0217460423776793	0	0	0	0.0285635431091531	0	0.00599523641116398	0.0140412281744578	0	0	0	0	0.0531922338629025	0.00331968856662967	0	0.0443751188572334	0	0.0287984681164323	0.0239248763900121	0	0	0	0	0.118039856059709	0	0.110716206435119	0	0	0	0	0
0	0	0.157957984049975	0.0780798209357033	0	0.0225003142717584	0.0180592210432581	0	0.0209110491106493	0.00936202625738889	0	0	0.0132750767799455	0	0	0	0	0	0	0	0	0.0372994146868345	0.0220685108980952	0	0	0	0	0	0	0	0	0	0.0566097251780786	0	0	0	0	0	0	0	0	0	0	0	0	0.00646301674875377	0.014342680690964	0	0	1.27154921425644e-08	0	0	0	0.0515628235210683	0	0	0	0	0	0.02330663567277	0	0	0	0	0	0	0	0.0204323883879353	0.00660400287428601	0	0.0162722029115273	0	0.0135212067933201	0	0	0.018567280001649	0	0	0.31985954841377	0.0272918837727312	0	0	0	0.0304756562389529	0	0.015177518045093
0	0	0.19359889752293	0	0	0	0.0124898860260749	0	0	0	0	0	0	0.00896189354682215	0	0	0.00540331817793234	0.0112685539486733	0	0	0.0211134831155003	0.0350748988136693	0.0142290538327938	0	0	0.00801693494962914	0	0	0	0	0	0	0	0	0	0.00669767616268595	0	0	0	0.0266098461067857	0	0	0	0	0	0.0465113890134111	0.0784031724488146	0	0	0.222074174593204	0	0.00559232665438719	0	0	0	0	0	0	0.00865937262416184	0.026790921882594	0	0	0.0240684471554494	0.0321867557462261	0	0	0	0	0	0	0	0	0	0	0	0	0	0	0.121718300162031	0	0	0	0.0566670961705909	0.0156755853022148	0	0.0181880160434169
0	0	0	0	0.109902403230725	0	0	0	0	0	0	0	0.00278666058692062	0.0142295441207176	0	0	0	0.0638432301867347	0.00782603194112016	0	0	0.0142931727544437	0	0	0	0.0483172868479745	0.0124511480741678	0.0151609702914184	0.00662760488325607	0	0	0	0	0	0.0145609569298478	0	0	0	0	0	0	0	0	0	0	0	0	0	0	0.201883036279986	0	0	0	0.00983832117875149	0	0	0	0.0140556610560238	0	0	0.0147609132886991	0	0	0.0088031744386594	0	0	0	0.0063914049638626	0	0	0	0	0.012561898397147	0.0295380192736258	0.0348509062895427	0.108209430939639	0	0	0	0.027964668170975	0.221143555875762	0	0	0	0	0
0	0.0162188036915143	0.403265967614678	0	0	0	0	0	0.0271500383869614	0	0	0	0.00182249634501128	0	0	0	0	0	0.0305255135968317	0	0	0.099648873184424	0	0	0	0	0	0	0	0.0580182542291171	0	0	0	0	0	0.0202821990210858	0	0.0143470284934192	0	0.109542305241983	0	0	0	0	0	0	0.0140510118907175	0	0	1.72437970073843e-08	0	0	0	0.0492278999995717	0.0554976037642793	0	0	0	0	0	0	0	0	0.0387423936204172	0	0	0	0	0	0	0.011870137961834	0	0	0.0115111552879296	0	0	0.003308257088834	0	0	0	0	0	0.0160502775129045	0.0189197658246896	0	0
0	0	0	0	0	0	0	0	0	0	0	0	0	0	0	0	0.0235320016066911	0	0	0	0	0	0	0	0	0	0	0	0.00553779949633342	0	0	0	0	0.0904421887056014	0.0313844901141275	0	0	0	0	0.0388430666290289	0	0	0.0128340720234578	0.0174490838940033	0	0	0	0.1717152393638	0	0.107283770990226	0	0.0320906928942445	0	0	0	0	0	0	0	0.0265883614512443	0	0.00468789305721992	0.0134571384199684	0.0291041844995081	0	0	0	0	0	0	0	0	0.0406511211330118	0	0.0336928326792857	0	0	0	0	0.0758192558387897	0.169125743848824	0.0145318909790797	0	0.0612291723755545	0	0
0	0	0.184732268722969	0	0	0	0	0	0	0	0	0	0	0	0	0	0	0	0.00910277459252165	0	0	0.0428672735370949	0.0107912403308611	0	0	0	0.0364501309538388	0	0.0171042784173403	0	0	0	0	0.0723185023479852	0	0	0	0.0322246298905725	0	0.0670101730065686	0	0	0	0	0	0.00761577712631583	0	0	0.0817904786903087	1.89560145487546e-08	0	0	0	0	0	0	0	0	0	0.0267719799032976	0	0	0.0431812420912266	0	0	0	0	0.0382532746068475	0.0172987302280238	0	0.0278892506947812	0	0	0	0	0	0	0	0.172662997402384	0	0.0701369643324761	0	0	0.00964906685132898	0.032148947317243	0
0	0	0	0.0808830544386258	0.176238536508988	0.00845063080585915	0	0	0.00890671357526883	0	0	0	0	0	0	0	0	0	0	0	0	0.0665758178937617	0	0	0	0	0	0	0	0	0.00948829627979535	0.0159068029634111	0	0	0	0	0	0.0277812537605409	0	0	0	0	0	0	0	0	0.0256177172483583	0	0	0.303242817759855	0	0	0	0	0	0	0	0	0.0078115363049183	0.00706052579493789	0.0124765787032036	0.0162428411964139	0	0.0249179254411042	0	0	0	0	0	0	0	0	0.048582953289818	0.0241654003411789	0	0	0	0	0	0	0.0777486921025603	0	0.0579019055914008	0	0	0
0	0	0.206049540594062	0	0	0.00536143380331759	0	0	0	0.00880710854262266	0	0	0.00250718509411235	0	0	0	0.0179718868543517	0.0873798639514148	0	0	0	0.0950216585926786	0.00218295456570207	0	0	0.00996273574134819	0	0	0.0058651753342615	0	0	0	0.0231139654065955	0	0	0	0	0	0.0804790060759465	0	0	0	0	0	0	0	0.0518685671737399	0	0	0.128393132797553	0	0.0567717227568855	0	0	0	0	0	0	0	0.0069249766556823	0.0312929615856931	0.00795967237251286	0	0	0	0	0	0	0	0	0.0143015695887368	0	0	0	0	0	0	0	0	0.0295925281989051	0.0968506090711872	0	0.0313417452426915	0	0	0
0	0	0.102385091547777	0	0.137283836525401	0	0	0	0	0.0328915433028376	0	0	0	0	0	0	0	0	0.0116684304215971	0	0	0.0657187705398953	0.0292362515448998	0	0	0	0	0	0	0.045790086372483	0	0	0	0	0	0.0077421288088043	0	0.0168888553128106	0.0545894621431604	0	0	0	0	0	0	0	0	0	0	0.237413124436143	0	0.0105747721449916	0	0	0	0	0	0	0	0.0347312382504206	0	0.0187364795881013	0.00422199817497782	0.0114669623039929	0	0	0	0	0.0118393229713252	0	0.0195591560994534	0	0	0.00507176167719225	0.0142169096946245	0.0168539749937166	0	0	0	0	0.111119843145394	0	0	0	0	0
0.00963426293122062	0	0	0.111380582533573	0	0	0	0	0	0	0	0	0	0	0	0	0.0114049866308945	0	0	0	0	0	0.0139514982867215	0	0	0	0.00835977036070952	0	0.0110159844772059	0	0	0	0	0.0337058755481825	0	0	0	0.0423165153100803	0.0846788428479607	0	0	0	0	0	0	0	0.0286562061064484	0	0	0.00836539833477049	0	0	0	0	0	0	0	0	0	0.0206386472498421	0	0	0	0.0418632632590511	0	0	0.0266615564382896	0.00812834071707839	0	0	0	0	0.0281418473153639	0	0	0	0.004079948546778	0	0.277613059522782	0	0.229403413583047	0	0	0	0	0
0	0.00670146089208802	0.0980734929679082	0	0.0512564744885627	0	0	0	0.0396929338706937	0	0	0	0	0.0040307735747927	0	0	0	0.0704538191891124	0	0	0	0.0384087412927959	0	0	0	0	0	0	0	0	0	0	0	0	0.00670919063928127	0	0	0.024089325022511	0	0.0737260993037414	0	0	0.150010583004503	0	0	0	0	0	0	0.168940477782869	0	0	0	0	0.017788185027529	0	0	0	0	0	0	0.00886178789563843	0.0252262114561959	0	0	0	0	0	0	0	0	0	0.0579123273754599	0	0	0	0	0	0.0889113017679422	0	0.0415303038289929	0	0.0226192370728238	0.00505727354655858	0	0
0	0	0.0244761427102061	0	2.01497747479684e-08	0	0.0107732269051393	0	0	0.00935933837678289	0	0	0	0	0	0	0.00547103329865212	0.0230618168007101	0	0	0	0.155434299443279	0	0	0	0.0189108464117971	0.0220247354619568	0	0	0	0.00444949486534348	0	0	0	0	0.0262979182763109	0	0	0	0.0379510676421279	0	0.0303855933767581	0	0	0	0.0262252731562966	0.0231904689400739	0	0	0	0	0.0839091634261183	0	0	0	0	0	0	0	0	0	0	0	0.062442644641383	0	0	0	0	0.00481477105811297	0	0	0	0.0220860586419808	0.00837262347562456	0	0	0	0	0.0676938315892436	0	0.215825266035445	0	0	0.0517784037627695	0.0305491516012304	0.0345168099528828
0	0	0.330139329992622	0	0	0	0	0	0.00586153393060504	0.0142973221509862	0	0	0	0	0	0	0	0.0284653219426951	0	0.00746634283253977	0.0176579633414439	0.0552190605862648	0	0	0	0	0	0	0	0	0.03785855128043	0	0	0	0	0	0	0	0.0647622212023979	0	0.0203499629236442	0	0	0	0	0.0140583882076018	0	0	0	0	0	0	0	0	0	0	0	0	0	0	0	0	0	0	0	0	0	0	0.00321071519320844	0	0	0	0.00902243978768454	0	0	0	0	0	0.177969183441309	0	0.165136334532822	0	0.0485253286537455	0	0	0
0	0.00197540001744948	0.101285338707715	0	0.238775294344073	0	0	0	0.0216674695479514	0.0325379184904605	0.0364149449745545	0	0	0	0	0	0.0348310659050492	0	0	0	0	0.0920674649436424	0.0122414491278997	0	0	0	0.0296852391102685	0.0346330990228674	0.00626479875474094	0	0	0	0	0.0146652240984188	0	0	0	0	0	0.0157771380991963	0	0	0	0	0	0	0	0	0	0	0	0	0	0	0	0	0	0	0	0	0	0	0	0.00325386811284234	0	0	0.025527869536018	0	0	0	0	0	0.00657765842950687	0.00554271371203408	0	0	0	0	0.0138483105540942	0	0.170893194904387	0	0.0298799027247909	0.0293516672175624	0	0.0423029696644772
0.00724706845602072	0.0211212310693347	0	0	0	0	0	0	0.00947002411203997	0.0500916565346998	0	0	0	0	0	0	0	0.030406531745332	0	0.0216228416205761	0	0.0940322759076264	0.00593815842314382	0	0	0.021188089146846	0.0104603888145538	0	0	0	0.0191168830798057	0.0857227891968462	0	0	0	0	0	0	0.146258308292237	0.0127363804609397	0	0	0	0	0	0	0.0699342050907742	0	0	2.12644541838941e-08	0	0	0	0	0	0	0	0	0	0	0	0	0	0.0366975365625104	0	0	0	0	0	0	0.052131901045632	0	0	0	0.0147238699626575	0	0	0	0.0208495487229514	0	0.153720123308992	0	0.104495237908093	0	0	0.0120349292739332
0	0	0	0.0252366247933937	0.20611589188619	0	0.00925724850115662	0	0.0408832409440875	0.0201768839030586	0.027468122718347	0	0	0	0	0	0	0	0	0	0	0.0400898065716874	0.0254558026038252	0	0	0	0	0	0	0	0	0	0	0	0	0	0	0	0	0.060742706450795	0	0	0	0	0.0203468302828848	0.00948493266923061	0	0.0429585215560128	0	0.163469963886618	0	0	0	0.00836630240823738	0.0674141253173253	0	0	0	0	0.0206446426283611	0	0	0.00945444085295682	0	0	0	0	0	0	0	0	0	0.0176514342052088	0	0	0	0	0	0.152297459121554	0	0.0101681287257335	0	0	0	0	0.0223168899733361
0	0.0112072887785613	0.225016282241931	0.00960470638691124	0	0	0	0	0.00442448594853509	0	0	0	0.0118049184929949	0	0	0	0	0.019979148325925	0	0	0.0182574792183931	0.0215703558499305	0	0	0	0.0249747033242052	0.00501045639983316	0	0.0424964864390049	0.0311263084695201	0	0.0566914232511559	0	0	0	0	0	0	0.0320939255128817	0.0428165372404592	0	0	0.0146572312763359	0	0	0	0	0	0	0.00831639065117909	0	0	0	0	0	0	0	0	0	0	0	0	0.0114992299851049	0	0	0	0	0	0	0	0	0	0.0306896084358538	0	0.0425831093419355	0	0	0	0.19255540382885	0.0242595968364297	0.0618200912945923	0	0.0342216058588672	0	0.0223232266106084	0
0	0	0.201179406420628	0	0.0550671127012064	0	0.00556895689796861	0.0122888087283843	0	0	0	0	0	0	0	0	0	0.0261020360759462	0	0	0	0	0.0190446950964374	0	0	0	0	0	0	0	0	0	0	0.0140260369992713	0	0	0	0.0077278647157196	0	0	0	0	0	0	0	0	0.0136661601860629	0.0899758042039677	0	2.19346513075552e-08	0	0.0149342562327365	0	0.0416186190176004	0.0351260688665178	0	0	0	0	0	0.0429122875910332	0	0	0.0194988771972671	0	0	0.049919032404227	0.0130289775574787	0.00450456382295989	0	0.0234237830326862	0	0.0117278120002898	0.0462217077652395	0	0	0.0130003729530689	0	0.10054034870626	0	0.0745845830693008	0	0	0.0643118058230903	0	0
0	0	0.0184198700861768	0	0	0.0324775936487118	0	0	0	0	0	0	0.00360835711089252	0	0	0	0	0	0	0	0	0.0226125187529419	0	0	0	0	0	0	0.009037866260662	0	0	0	0	0	0	0	0	0.0428929571920178	0.0252950120275169	0	0.0173686547592856	0	0	0	0	0	0.0800345738763614	0	0	0.144802464762987	0	0	0	0	0	0	0	0	0	0.0439056275127423	0.0216120285016034	0	0.032223730196143	0	0	0	0	0	0.0255468509564441	0	0	0	0	0	0.00500899434350091	0	0	0	0.221864224093363	0	0.239074055204943	0	0	0.0142146207137059	0	0
0	0	0.13271778781466	0	0.0208946736010259	0	0	0.0293534080464664	0.0215517590842881	0	0	0	0	0	0	0	0	0.0632882033344701	0	0.0215153996483183	0	0.073410691272873	0	0	0	0	0	0	0	0	0.0306550421083502	0	0	0	0	0	0	0.0486746448993413	0	0	0	0	0.015544903369831	0	0	0	0	0	0	0	0	0.0332615560463434	0.0175212784526715	0	0	0	0	0	0	0	0.0338443478498128	0.00359210745197173	0.0325290882012732	0.045661470553044	0	0	0	0	0.00497319552149338	0	0	0	0	0	0	0	0	0	0.0500173923548186	0.026942607681173	0.0951908480030313	0	0.117072625096676	0	0.00735550290041871	0.0744314667076479
0	0.0101588172537641	0.285655417365244	0	0	0	0.00238305997445751	0	0.0197462178810692	0.0334137142568484	0	0	0.00180852989028359	0.0119249546127955	0	0	0	0	0	0	0.00790789796748358	0.0761874173989532	0.00424699073220538	0	0	0.0624634156697553	0.009454414791195	0.00489679047119342	0	0	0	0	0.0689803531280295	0	0	0	0	0	0.0106045643916522	0	0	0	0	0	0	0	0.0361956396296824	0	0.0148142843455276	0	0	0	0	0	0.00427276856708035	0	0	0	0	0	0	0	0.0900042168711547	0.00857104125344737	0	0	0	0	0	0	0	0	0.0107874168469051	0.00416158249531498	0	0	0	0	0.0664015780161141	0	0.123115019724836	0	0.0318438964650074	0	0	0
0	0	0.0542677986529642	0.128226981991422	0.214632581890324	0	0	0	0	0	0	0	0	0	0.0255345538914083	0	0.0340129321075326	0.0355296502688306	0.0281356555299594	0	0	0.0248290130256395	0.00550706519451499	0	0	0	0	0	0	0	0	0	0	0	0.0133224943206788	0	0	0	0.0467699947405142	0	0	0	0	0	0	0	0	0.0209597610100906	0	0	0	0	0	0.00952994823103496	0	0	0	0	0	0.0466887906273443	0	0.00281339323839327	0.0338855940545021	0.0311381488775539	0	0	0.0312351653852474	0.0198349476559928	0	0	0	0	0	0	0.00561831473434631	0	0	0	0.109045879638115	0.0784813349335908	0	0	0	0	0	0
0.00716855545243086	0	0.160223099162764	0	0.00714702843721799	0	0	0	0.0150533856269779	0.00827355807567353	0	0	0	0	0	0	0	0	0.00903535819763661	0	0	0.127921560237877	0.0167953680483051	0	0	0	0	0	0	0.0543310859032864	0	0	0	0	0	0	0	0.0203256715833985	0	0.0549794757392742	0	0	0	0	0	0	0.0213451451842332	0	0	0	0	0	0	0.0733680388644051	0	0	0	0	0	0	0	0.00583806440226229	0	0.00977573617081561	0	0	0	0	0.0122740678597132	0	0	0	0	0.009051570113345	0	0	0	0	0.12776807669128	0	0.235451328251529	0	0.0238738259975747	0	0	0
0	0	0.106927358387108	0	1.8911040267839e-08	0	0	0	0.00457954511016115	0	0.0181942852301957	0	0	0	0	0	0.0288048249572595	0.0168880850885132	0.00644267209069555	0	0	0.0685296927913516	0.00719179406996616	0	0	0	0	0	0	0	0	0	0	0	0	0	0	0.0665482036100398	0	0	0	0	0.00877452543192888	0	0.0680247080387885	0.00390050736590727	0	0	0	0	0	0.0106777651731066	0	0	0	0	0	0	0	0	0	0.0128240910252604	0.0390298143407144	0	0	0	0	0	0.0173427776018139	0	0	0	0.0151981753742201	0	0.0515140656320638	0.0800072553239749	0	0	0.178281964265717	0.0222048077576233	0.16811306242255	0	0	0	0	0
0	0	0.0597943718403987	0	0.343659099649182	0.0107573010833955	0	0	0	0	0	0	0.0127693263840015	0	0	0	0	0	0	0	0	0	0	0	0	0	0	0	0	0	0	0.014498363045377	0.0796133398758911	0	0	0	0	0	0	0.0164273352617686	0	0	0	0	0	0.0346871865918151	0.0683008496897482	0	0	0.112316581408108	0	0.0715936298944841	0	0	0	0.0110744377886813	0	0	0	0	0	0	0.0120644402739405	0.0107612275620679	0	0	0	0	0	0	0	0	0	0	0	0.0540864158802595	0	0	0	0	0	0	0.0308108020347843	0.0317042551982364	0	0.0250810365378603
0.0129602267377177	0.0147719219925058	1.54028979495723e-08	0	0	0	0	0	0.0203685514509098	0	0.165797482408232	0	0.015991900296243	0.00660983346195169	0	0	0	0.0412451926273373	0	0	0	0	0.00610679721579939	0	0	0.0322167517755943	0	0.0101120853275357	0	0	0	0	0	0.00707464502613252	0	0	0	0	0.0632203629773344	0.00802011932814333	0.0178805449356997	0	0	0	0	0	0.16972737468209	0.0319428800505676	0.0201439650545717	0.0186008370877684	0	0	0	0	0	0	0	0	0	0	0.011268192133725	0	0	0.00779783901741526	0	0	0.0152665472368341	0	0	0	0.00632973704563531	0	0	0	0.0294110568553045	0	0	0	0.151412558239746	0.0220841504997831	0.0936384311325244	0	0	0	0	0
0	0.00382755797544283	0.174937280065839	0	0	0	0	0	0.0294985625899687	0	0	0	0	0.0146801580445965	0.0187213539855452	0	0	0	0	0	0	0.0386253792313456	0.00653741489421851	0	0	0.00488420756040237	0.0149239781767048	0	0	0	0.0211628915064332	0.0106471670856998	0	0.0116627393611101	0	0	0	0	0	0	0	0.00902598535570741	0	0	0	0	0	0	0	0.0728257290846201	0	0	0	0	0	0.0554766457340937	0	0	0	0	0	0.00439317264279448	0	0	0.00586849681369246	0	0.0168259769098123	0.107364342643901	0.0191583228719173	0.0128940191170464	0	0	0	0	0	0	0	0	0.0621373349805306	0	0.175679079873489	0	0	0.0267997132042788	0.00742208312158427	0.0740204071692251
0	0.00435662242560226	0	0.0450804039290897	0	0	0	0	0.0389906327653001	0	0	0	0	0	0	0	0	0.0450527007869191	0	0	0	0	0	0	0	0.00976887811076566	0	0.0268462553892217	0	0	0	0	0	0	0	0	0	0	0.00761800304934538	0	0	0	0	0	0.0765590095678584	0	0	0.0482916861931679	0.01586614585721	0.114938090112832	0	0	0	0	0.0231440842812161	0	0	0	0	0	0	0	0.0279321087307653	0	0	0	0	0.0322125237545448	0	0	0.0511254703551551	0	0	0	0	0	0.0166057589666978	0	0.105283568912043	0	0.184602276136995	0	0.0714550863738655	0.0132846506361684	0	0.0409860436652366
0	0	0	0	0.066095357155997	0	0	0.0213249118224922	0	0.0150920631819477	0	0	0	0.0112232855904065	0	0	0	0.0431543588333369	0	0	0.012117177079544	0.0966265061646618	0	0	0	0	0	0	0.0191602122041584	0	0	0	0.0292512813576833	0	0	0	0	0	0	0	0	0	0	0.00440038921081527	0	0	0	0	0	0.265579103100896	0	0.0250631992755745	0	0	0	0	0	0	0	0.025647937689336	0	0	0.0203087929679047	0.0260422286918493	0	0	0	0.0205055023781653	0	0	0.0289731091525648	0	0.0266216633459192	0	0.00622002085672305	0.0394452051285522	0	0	0.0337325728707411	0	0.16341512194073	0	0	0	0	0
0	0	0	0	0.0634315075234547	0	0	0	0	0	0	0	0	0	0	0	0	0.0324295140413623	0	0	0	0.0658468421422756	0.022209511906485	0	0	0.00917362646809354	0.0332354914497869	0	0	0	0	0	0	0	0	0	0	0.0122416719239465	0.0667779131387076	0.0235240641073526	0	0	0	0	0	0	0	0	0	0.0824737419613865	0	0	0	0.0102645327159376	0	0.0448274756221493	0	0	0	0	0	0.0189252331460311	0	0	0	0	0.0147913854462711	0.0357179693959436	0.0119558707739953	0	0	0	0.00642289104220118	0.0567092789275638	0.00503201113892546	0.0216342099554673	0	0	0	0	0.244244346116501	0	0.0681474148073623	0.024600666588239	0	0.0253828296605613
0	0.00455039010635061	0.202740355222732	0	0	0	0	0	0	0	0	0	0	0	0	0	0	0	0.0201882082297964	0	0	0.104714603405932	0.0375764202398612	0	0	0	0	0.00931193768839409	0.0511539293049708	0	0	0	0	0.0678030296457581	0	0	0	0	0	0.0478573696646863	0	0	0	0	0	0	0	0	0.047412783575861	0	0	0.0834310455561055	0	0	0	0	0	0	0	0.0580749879758353	0	0	0	0.0109281011358552	0	0	0	0.0153199362370574	0.012072761387114	0	0	0	0	0	0	0	0	0	2.5523179769066e-08	0	0.152991270166679	0	0	0.0383881019858075	0	0.0354847429480241
0	0.00384299370244463	0	0.00968279706366425	0	0	0	0	0	0	0	0	0.00870445678184271	0	0	0	0	0	0	0	0	0.0968516045663028	0.0261949089097094	0	0	0	0.0119521948894681	0	0	0	0	0	0	0.0213354190893514	0	0.00937578960535934	0	0	0	0.128391377883241	0	0	0	0	0	0	0.0348379970644492	0	0	0.153831222032572	0.00827817983549166	0.0102017599945579	0	0	0	0	0	0	0	0	0.00897431295708696	0	0	0.0521557430866148	0	0	0	0.0169879848636995	0	0	0	0	0.0291082154183059	0	0	0.103744035961317	0	0	0.0592412540679556	0.0767508700499412	0.129556882176626	0	0	0	0	0
0	0.0056043031193673	0.177055428090931	0	0	0	0	0	0.0224727000046734	0.0143884791316538	0	0	0	0	0	0.00390813661368406	0.0042590400123847	0	0	0	0	0.0549587434597894	0.00330616249089701	0	0	0.0273869897836184	0	0	0	0	0	0	0	0	0	0	0	0.0107361311149718	0	0.0251968840328401	0	0	0	0	0.015001890179724	0.00400841413295213	0	0	0	0	0	0	0	0	0.009050798548061	0	0	0	0	0	0	0.0220948383544871	0	0.0476381393900421	0	0	0.00614346576591067	0	0	0	0.00754592326180553	0	0.00529649137053819	0	0.0305549235185635	0	0	0	0.100895140618263	0	0.386462677268671	0	0	0.0160342997361708	0	0
0	0.00534199638311484	0	0	0.415591596014654	0	0	0	0	0.0231700196578504	0	0	0	0	0	0	0	0.0393646066345739	0	0	0	0.00476820669369833	0.011290826020415	0	0	0.00536540342212619	0	0	0	0	0	0	0	0	0	0	0.0110383374538674	0	0.0588675435924151	0	0	0	0	0	0	0	0.0359109036800905	0	0	0.0724284005546781	0	0	0	0	0	0	0.00817273769688668	0	0	0	0	0.00800868215581988	0.00521994821424081	0	0	0	0	0	0	0	0	0	0	0.0212766569759506	0	0	0	0	0.0562051828245864	0	0.206686863814666	0	0	0	0	0.0112920882103657
0	0.00816194543736043	0.178121414981429	0	0	0	0	0	0	0.0228305304904369	0	0	0	0.0146261199874895	0	0	0	0	0.0275551799559543	0	0	0.0186144688121395	0	0	0	0	0	0	0.0224241018093241	0	0.101465873419868	0	0	0.0103368951749502	0.0131150928944973	0	0	0	0.0127262291435638	0	0	0	0	0	0	0	0	0	0	0	0	0	0	0	0	0	0.00410810259336537	0	0	0.0239897936203358	0	0.00615767080789675	0	0.0443401535095866	0	0	0	0	0	0	0	0	0.00959264256373997	0	0	0	0	0	0.140247210865716	0.0419203516436932	0.269009696416685	0	0	0	0.01276493794647	0.017891587925499
0.0199625380179683	0	0.308156658298412	0	1.65637077152498e-08	0.0127411042517655	0	0	0.0121338443871488	0	0	0	0	0.00380441663070033	0	0	0	0	0	0	0	0.0942030853771159	0	0	0	0	0.0223389127296888	0	0	0	0	0	0	0.0287414936991683	0	0	0	0.0717800672995949	0	0.0187607492930972	0	0	0	0	0	0	0.0151474054171893	0	0	0.157517726147386	0	0	0	0	0	0	0	0	0	0.0166958087161038	0	0	0	0.013014276334716	0	0.0292721746017898	0	0	0	0	0.0337072570627578	0	0	0	0	0.0675073346429561	0	0	0	0	0.0745151305287332	0	0	0	0	0
0	0	0.156880640474236	0	0	0	0	0	0.0134279040776088	0	0	0	0	0	0	0	0	0.0226620202151184	0	0	0	0.135131338463598	0	0	0	0.0114086403929443	0.0096048195300384	0	0	0.0278940683587741	0	0	0	0	0	0	0	0	0.0644776392869632	0.0253760199463312	0	0.00544597193754233	0	0	0.0516161542976871	0	0	0	0	0.138683769778019	0	0	0	0.120904232947097	0	0	0	0	0	0	0	0	0	0	0	0	0	0	0	0	0	0	0	0	0	0	0	0	0	0	0.192828479976972	0	0	0	0.0236583003170704	0
0	0.0142792671388246	0.166184393811497	0	0.156194788803223	0	0.0332449092482953	0	0	0	0	0	0.00292734857597596	0	0	0	0.0275122628807501	0.113714550616376	0	0	0	0.00870628190621404	0	0	0	0	0	0	0.0290234367394226	0	0.00634178824870555	0	0	0	0	0	0	0	0	0	0	0	0	0	0.0176144205443383	0	0.0316040038433456	0	0	0	0	0	0	0	0	0	0	0	0	0	0	0	0	0.0260341655752968	0	0	0	0	0	0	0	0	0.0139900221241247	0	0.0560407814561152	0	0	0	0	0	0.249879939663385	0	0	0.0467076388241106	0	0
0	0.00291035037080808	0.153633138742975	0	0	0	0	0	0	0	0	0	0	0	0	0	0.00899662125792593	0.0103448150690383	0	0	0	0.0784925452763371	0	0	0	0	0.0170865158870002	0	0	0	0	0	0	0	0	0	0	0.0207157533054395	0	0.00874431639291559	0	0	0	0	0.0527883493137025	0	0.0179748830189991	0	0	0.107398934007532	0	0	0	0	0	0	0	0	0	0	0	0	0	0.0140697751227308	0	0	0	0	0	0	0	0	0	0	0	0	0	0	0.157095408246681	0.0267443646898602	0.317733448885663	0	0	0.00527078041239197	0	0
0	0	0.166473807215191	0.128449255681015	0.0201442780644776	0	0	0.0714681482237125	0	0.0291875615066813	0	0	0	0	0	0	0	0	0	0	0.038210994896475	0.0917228569054985	0.0183232970384644	0	0	0	0	0.0492637587845874	0	0	0	0	0.0388510249262605	0	0	0	0	0.00379294138159861	0	0.0729610184419558	0.0119823059125386	0	0	0	0	0	0	0	0	0	0	0	0	0	0.0179478709498186	0	0	0	0	0	0	0	0	0.0357658828421386	0	0	0	0	0	0	0	0.0399932264833701	0.0412634579716618	0	0.0509430124590183	0	0	0	0	0	0.0564532308630052	0	0	0.0168020694525317	0	0
0	0	0.152592403018572	0	0.111074443200341	0.0278133439932519	0	0	0	0	0	0	0	0	0	0	0	0	0	0	0	0	0	0	0	0	0.0354168158572479	0	0	0	0.0200191257921897	0	0	0	0.00797407161110514	0	0	0	0.0580193201011792	0	0	0	0	0	0.0343161543051023	0	0.0855263916119004	0	0	0	0	0	0	0	0	0.0468505972459204	0	0	0	0	0	0.00785489228448909	0	0.0165096805932916	0	0	0	0	0.0112855627833472	0	0	0	0	0	0	0	0.015289790926214	0	0.304248872723187	0	0	0	0.0155547772725408	0	0	0.0496537566801196
0	0.0137545737762025	0.205248242043215	0	1.5423838704741e-08	0	0	0	0	0	0	0	0	0.00895742341748084	0	0	0	0	0	0	0	0.100592768820587	0.0123372118476689	0.00932709512276368	0	0	0.0284145447096097	0	0.00388969753414898	0	0.00952559343813427	0.0264945553996522	0	0	0	0	0	0.0408719166692849	0.00714320794174924	0	0.0222718140125446	0	0.0184640744073906	0	0	0	0	0	0	0	0	0	0	0	0	0	0	0	0	0	0	0.00275068762934145	0	0.0279789696528099	0	0	0	0.00984833248906655	0.0112573006086164	0	0.0592682945698564	0	0.0396434682646838	0	0	0	0	0	0.115508921891928	0.0753375178309006	0.140098645395351	0	0	0	0.0110151271031756	0
0	0.0149552520843097	0	0	0.0993778888151078	0	0.00324000415893263	0	0	0	0.0168904528950385	0	0	0.00836958252628349	0	0	0	0.0902644858067498	0	0	0	0.055685209379259	0	0	0	0	0	0	0	0	0	0	0	0	0	0	0	0	0.0223926581134149	0.0721927701115891	0	0.0234044736281774	0	0	0.0632772148488897	0	0.11045209603101	0	0	0	0	0	0	0	0	0	0	0	0	0	0	0	0.0331811594695229	0	0	0	0	0	0	0	0	0.00254365534948032	0	0	0	0	0.016481871448665	0	0.171486406090549	0	0.195804819243021	0	0	0	0	0
0	0	0.255581474834325	0	0	0	0.00747453621364483	0	0	0.00903255190105996	0	0	0	0	0	0	0	0	0	0	0	0.0244514019018632	0.00947669182331825	0	0.031178559195319	0	0	0	0	0	0	0.0353614400813263	0	0	0	0	0	0	0.052251749691859	0	0	0	0	0	0	0.0223394967245415	0.0120562526423209	0	0.0524438376466063	0	0	0	0	0	0	0.0714981770711153	0	0	0	0	0	0.010616520466382	0	0	0	0	0	0	0.0112814696481394	0	0	0	0.0460691105406529	0	0.0121900611892935	0	0	0	0.202029862687157	0	0.0938285523402731	0	0.0191803216862476	0.0216579317145546	0	0
0	0.011119928068492	0.253471690110289	0	0	0	0	0	0	0	0.0719324210073405	0	0	0	0	0	0	0.0539235175799361	0	0	0.00428180899841954	0.0156504443175322	0.0129116316760349	0	0	0	0.010882631962221	0	0	0.0174358992893734	0	0.00989909438099275	0	0	0	0	0.0228845186869784	0	0	0	0	0	0	0	0.0521748499473261	0	0.0247313498992922	0	0.0287997852514125	0.0910778262887032	0	0	0	0.0629190245565451	0	0	0.00631634791887241	0	0	0	0	0.0251792814710941	0	0.00589683121050856	0	0	0.00704525100917664	0	0	0	0	0	0	0.0369640051393007	0	0	0.0124455101412357	0	0.0136839991813979	0	0.0996968844909691	0	0	0.0486754674165556	0	0
0	0	0.368288855135072	0	0	0.0244800115946678	0.00900549386777466	0	0	0	0.0293925033147679	0	0	0	0.0322036829541173	0	0	0	0.00483563531273991	0	0	0.0081135483742009	0.0299166958706776	0	0	0.0242088346698506	0.03166410139088	0	0	0	0.00772745289904888	0	0	0.0203257745902157	0	0	0	0	0	0	0	0	0.052006569250255	0	0	0	0	0	0	0	0	0.0182660149404761	0	0	0	0	0	0	0	0.0428794855419364	0	0	0	0.00814754619225458	0	0	0	0	0	0	0.00728377176753703	0	0	0.0177639259966746	0	0	0	0	0.223718489667975	0	0.0397716066688775	0	0	0	0	0
0	0.0287521537364986	0.0383130616348143	0.0113517460073871	0.363565268409725	0	0	0	0.0187045493675315	0	0.0225498716400015	0	0	0.00544925839886716	0	0	0	0.0611661760688547	0.00912990390522376	0	0	0	0.0157444035312174	0	0	0.0122559478907078	0.00538349401330385	0	0	0	0	0	0	0	0.00585079759879431	0	0	0	0.0339351047638135	0.00841459947850686	0	0	0	0	0	0	0	0	0	0.0493757874554145	0	0	0	0	0	0	0	0	0	0	0	0	0.0103680625546505	0.00916074650790282	0	0	0	0	0	0	0.0125359262804819	0	0.00657768884339939	0.0187297559096838	0	0.107485107750456	0	0	0	0	0.135325874145337	0	0	0.00987471410742673	0	0
0	0	0.129687523702787	0	0.0278284709732327	0	0.0157006425993179	0	0	0	0	0	0	0	0	0	0	0.019141753830707	0.0221173840815853	0.00608329642628226	0	0.0341521028717831	0	0	0	0.0566730684065559	0	0.0344371054951118	0	0	0	0	0	0	0	0.0128823536493813	0	0	0	0.0331194957766612	0	0	0	0	0	0	0	0	0	0.217782158722941	0	0	0	0	0	0	0	0	0	0	0.0147995344914293	0	0.0231991261076618	0.0176121754695538	0	0	0	0	0	0	0	0	0.0376412159948221	0	0	0	0	0	0	0	0.191059400131731	0	0.0827511561316507	0.0233320351368052	0	0
0	0.00179969894575372	0.0461118529019332	0	0	0	0	0	0.0054182046236326	0	0	0	0	0	0.00641786910324136	0	0	0.0982679228487283	0	0	0	0.0636182418347839	0	0	0	0	0.0168321465894283	0	0	0	0.0403233888567655	0	0.149218106981262	0	0.00633312454815681	0	0	0	0	0.0203714881317595	0	0	0	0	0	0.0471931840982635	0.0319797945414099	0	0	0.115622822485384	0.0421719045816633	0	0	0	0	0	0	0	0	0	0	0	0.00426310735663332	0.0392745286498074	0	0	0	0	0.00713016063653207	0.0125800137998881	0	0	0.0112828551521591	0.0240986963791336	0	0	0	0	0	0.0159635488012551	0.107830664314886	0.0481233210719284	0	0.0208187635723597	0	0.0169545891932509
0	0	0.245071448964033	0	0	0	0.0517539551813904	0	0	0	0	0	0	0	0	0	0	0.0393242940815962	0.0299975454814108	0	0	0.0541718198889548	0.0140876106905982	0	0	0	0	0	0.0220731864522867	0	0	0	0	0	0.00572697540842976	0	0	0	0	0	0	0.00266098676665944	0	0	0	0.0124366745491146	0	0	0	0.116749207696525	0.0389076216870419	0	0	0	0	0	0	0	0	0	0	0.00738490341052254	0	0.0178664104356004	0	0	0	0	0	0	0.0354467074279199	0	0	0.0508331149447338	0.0108517398536804	0	0	0	0.0569781305212542	0	0.121153610268745	0	0	0.0116076869875617	0	0.0549163693019419
0	0.00990783616508751	0	0	0	0	0.0391519168345183	0	0.00560032564171657	0	0	0	0	0	0	0	0	0	0	0	0	0.0495624812000856	0.0112642906953661	0	0	0	0	0	0	0	0	0	0.0386523771504685	0	0	0.00831142042292264	0	0.0293756938994152	0	0.0437570445877206	0	0	0	0	0	0	0.0577078237172934	0	0	0.0396099310565952	0	0.0352659934546599	0	0	0.0227308919501155	0	0	0	0	0	0	0	0.0195098013338972	0.0131089941536907	0	0	0	0.0136734120015898	0	0	0	0	0	0	0	0.0518440595857487	0	0	0.206095614351946	0.0804767245006103	0.224393367296553	0	0	0	0	0
0	0.0047300221507513	0.24409301316816	0	0	0	0	0	0	0.028172242261935	0	0	0.00248317046674373	0	0	0	0	0	0	0	0	0	0	0.0105051475485709	0	0.00664568670802384	0	0	0	0	0	0	0	0.0160832554760554	0	0	0	0	0	0.0466287248459448	0	0.0208884792993529	0	0	0	0.0270643488482512	0.0304851525846696	0	0	0	0	0	0	0	0.0059447545117799	0	0	0	0	0	0	0	0	0.0269646966383261	0	0	0.0498922915975832	0	0	0	0	0	0.0103183260932718	0	0	0	0.00690270091578419	0	0.285636086442423	0	0.176561900442374	0	0	0	0	0
0	0	0.217927332291691	0	0	0	0	0	0.0063153993653971	0.00483987287854107	0.0569254091974648	0	0	0	0	0	0	0.0174272611807326	0	0	0	0.0562800961441336	0	0	0	0.048771716018451	0	0.005260421153631	0	0	0	0.0105444286264684	0	0.03223069923457	0	0	0	0	0.0145659328913001	0	0.00527325233341873	0.00476039270550772	0	0	0	0	0	0	0	0	0	0.00870025592338807	0	0	0	0	0	0	0	0.027645605691353	0	0	0	0	0	0	0	0	0.0123856392909316	0	0	0	0.00648300114049174	0.0308805078588121	0.0206068549188058	0	0	0	0.163261456368975	0.0119949273115005	0.132765003104933	0	0.0756227227355836	0.0285318116339186	0	0
0.00787493603140355	0	0	0	0	0	0	0	0	0.0246112129985371	0.0378876990085016	0	0	0	0.00514372646891886	0	0.018989469741534	0	0	0	0	0.0713050259638454	0	0	0	0	0	0.0358186042303936	0	0.00516956044407037	0.012300984098321	0	0	0	0	0	0	0	0.0171639648626862	0.0317959311186142	0	0	0	0	0	0	0	0	0	0.219695302458103	0	0.0249335541430469	0	0.0068258791177981	0	0	0	0	0	0	0.0394766175588008	0.00895043922013864	0	0.02736684530107	0	0	0	0.0201487601891059	0	0	0	0	0.0229793280072406	0	0	0	0	0	0.0856837540323313	0.00985833101382097	0.214914183329884	0	0.025483577971089	0	0.0256223126907438	0
0	0.00576196367031452	0	0	0	0	0	0	0	0.011143994762559	0	0.00991116451794543	0	0	0	0	0	0	0	0	0	0	0.00679347140666868	0.00735239598230174	0	0.0280169725458438	0	0	0	0	0.0564024008839852	0.0277974593239991	0.0131090162903147	0	0	0	0	0	0.0192943473520722	0	0	0	0	0	0.10976021407079	0	0.011141753262975	0	0	0.107213838201377	0	0	0	0	0	0.0160343722171061	0	0	0	0	0	0	0	0.0420852257245932	0	0	0	0	0	0	0.0242724544595813	0	0.0292125729588557	0	0	0.0326640909934111	0	0	0.180003021128196	0	0.26202927024711	0	0	0	0	0
0	0	0.221352795639813	0.0567723498650348	2.03584170434192e-08	0	0.011272644345528	0	0	0	0	0	0	0	0	0	0	0	0	0	0	0.142342208614617	0	0	0	0	0	0	0	0	0	0	0	0	0	0	0	0	0.0658145740062601	0.00776188966682668	0	0.0068283182309158	0	0	0	0	0	0	0	0.102473876240555	0	0.0120212992134728	0	0	0	0	0	0	0	0	0	0	0	0.0809777246621094	0	0	0.00869277377955263	0.0208304462683943	0.0109759189130111	0	0	0	0	0	0	0	0	0	0.131184822032731	0	0.120698338162761	0	0	0	0	0
0	0.0154481843734222	0.239266557000178	0	0	0	0	0	0	0	0	0	0	0	0	0	0	0	0.0135329409524044	0	0	0.0468582443077874	0.0110153722650067	0	0	0.0350337670827097	0	0	0	0	0	0	0	0	0	0	0	0	0	0	0	0	0	0	0.0105167172877453	0	0	0	0	0	0.0257536232516979	0.0225469992133278	0	0	0.00880211515115312	0	0	0	0	0	0	0.0165688055877315	0.0121770946175296	0.0333745198680009	0	0	0	0	0	0	0	0	0.0330027662465921	0.0491379417537102	0	0	0	0	0.195799767226876	0.0148508164619345	0.159809896862187	0	0	0.00559280800070105	0	0.0509110624893049
0	0	0.17413408260967	0	0.0984817819495834	0	0.0211748405568613	0	0	0	0	0	0.00185070491118523	0	0	0	0	0.0214778451418721	0	0	0	0	0	0	0	0	0	0.0201372871460295	0.00694243962209138	0	0	0	0	0	0	0.00328519211814766	0.0616759841658324	0.0492086697215227	0.00716587436304625	0	0	0	0	0	0	0.0321395502141696	0.143652158787846	0	0	0	0	0	0	0	0	0	0.0279847802166406	0	0	0.006502293667362	0.0107197904612939	0	0.00977615150632042	0.0152622341640176	0	0	0.0214980274909305	0	0.00540840277248573	0	0	0	0	0	0	0	0	0	0.183189142940222	0	0.0577140905270951	0	0	0.0206186749457754	0	0
0	0	0	0.128193095631631	0.0296088611001204	0	0	0	0.0491500824109703	0	0	0	0	0	0	0	0	0	0	0	0	0.0291052480016981	0.00615932422025165	0	0.0228767703958714	0	0	0.0348329803603226	0.0142871681947586	0	0	0	0.0495069034732106	0.0468902814604818	0	0	0	0	0	0.10812849112665	0	0	0	0.00512801565672539	0	0.00549350634814573	0.0401535722633136	0	0	0.0498496823618606	0	0.00876168072086543	0	0	0.00809403772319968	0	0	0	0.0117007757635415	0	0	0	0	0.00474639814805941	0	0	0	0	0.0144873119493979	0	0	0	0	0	0.0345920701459929	0	0	0	0.180926013389576	0	0	0	0	0.0766756929823549	0	0.0406520361710007
0	0	0.231823791950219	0	0	0	0.0187243133996379	0.00585410973974843	0	0	0	0	0	0	0	0	0	0.0331450324032305	0	0	0	0.00515357410157932	0	0	0	0	0.0236103333302317	0	0	0	0	0	0	0	0	0	0	0	0	0	0	0.00591750713848356	0	0	0	0	0.040167905315922	0	0	0.163453994307014	0	0.0412665787674917	0	0.0716130437228128	0	0	0.0157163580326937	0	0	0	0.00724442729000061	0.00758417786248227	0	0.0190557697809408	0	0.0172085363384558	0.0334442053222876	0	0	0	0	0	0	0	0.0154643210956611	0	0	0	0.132527181513768	0	0.0796625674859807	0	0	0.0113758794776845	0	0.0199863916236743
0	0.0174117816753644	0	0	0	0.0201680905831204	0.0137562690156571	0	0.0384742234585444	0	0.0126181962325451	0	0	0	0	0	0	0	0	0	0	0	0	0	0	0	0.0264280028244675	0	0	0	0	0	0	0.0319836857227004	0	0	0	0.0125472645912035	0.0486995763790622	0	0	0	0	0	0	0	0.0826863756241837	0	0	0.0138536552624837	0	0	0	0.0219577260579464	0	0.0120652155699347	0	0	0	0.0250033798674344	0.0155227923149925	0	0.00624753615804732	0.0308263887639105	0	0	0	0	0.0182162640574379	0	0	0	0	0	0	0	0	0	0.265939290475433	0	0.182747389321046	0	0.0347385065229711	0	0	0.0681083895215144
0	0.0161292953933302	0.206218966444361	0.0370402376712706	0	0	0	0	0	0	0.0989642874496462	0	0	0	0	0	0	0.0188245662958721	0	0.0142041708061372	0	0.0164280087588118	0	0	0	0.0704668356383192	0	0.0188882811557317	0	0	0	0	0	0.0311814847715597	0	0	0	0	0.0139031302414155	0.0559567754619041	0	0	0	0	0	0.0195914599282071	0.011498453494205	0	0	0.0386846567438913	0	0	0	0	0	0	0	0	0	0	0	0.0250638464189683	0	0.0628576156699192	0	0	0.0589463331962282	0	0	0	0	0	0.0202617743293559	0	0	0	0	0	0.142558131764037	0	0.0223316883668289	0	0	0	0	0
0	0.0178434201864032	0.259760506554264	0	0	0	0.00777328805863409	0	0	0	0	0	0	0	0	0	0	0.00933330230717555	0	0	0	0.0207113664977754	0.037061222124839	0.0202441841188951	0	0.0404664787980443	0	0	0	0	0	0.0294742266394191	0	0	0	0.00797250350524129	0	0	0.0187646710415447	0.0254144435645258	0.022048206289354	0	0.010470878667122	0	0	0	0	0	0	1.60465341523871e-08	0	0	0	0	0	0	0	0	0	0	0.00699079765797204	0	0	0	0	0	0.00733279995632051	0.00943059345853235	0	0	0	0	0.03327043690781	0	0	0	0	0	0.230197271423504	0.00854129777734637	0.165569828562434	0	0	0	0.0113282598563088	0
0.0294099977838875	0	0.0602149248070793	0	0.00879323795617738	0	0.0279471321067006	0	0	0	0	0	0	0	0	0	0.0131604401483931	0.0144425305086473	0.0064896224272864	0	0	0.0823114589125224	0	0	0	0	0.0217477342372781	0	0.0230534621617195	0	0	0	0	0	0	0	0	0	0	0	0	0	0	0	0.028983936802229	0	0.0674094636001416	0	0	0	0	0	0	0.0368297367291429	0	0	0	0	0.0118166865044315	0	0	0.00806023002238887	0	0.0353468132071794	0	0	0	0	0.00883940651689511	0	0	0	0	0	0	0	0	0	0.264439452278953	0.0111642935271256	0.176896302312891	0	0.0389943079464874	0	0	0.0236488295024422
0	0.00330661643622118	0.222207501464044	0	0.0989224384991754	0	0	0	0.00873148164776369	0	0	0	0	0	0	0	0.00527768478771763	0	0.013616139361517	0	0	0.0271601872294052	0	0	0	0	0	0	0	0.0287024492595068	0.0215726879012547	0.0357609480618717	0	0	0	0	0	0.0395027411364335	0	0	0.00923542293397193	0	0.0573912748421148	0	0.0791361853429108	0.0309206969188994	0	0	0	0	0	0	0	0.0351229058125175	0	0	0	0	0	0.0174076027274298	0.0362596276161539	0	0	0.00481092125522628	0	0	0.0225633736421376	0	0	0	0	0	0	0.0404422699299189	0	0	0	0	0.156056521320881	0	0.00589232187292773	0	0	0	0	0
0	0	0	0.0202444667109326	0	0.0293333858603776	0	0	0.030735363505248	0.00424174336319703	0	0	0	0	0	0	0	0	0	0	0	0.0777220970985741	0	0	0.0359223475427695	0	0	0	0	0	0	0.0134639614771777	0	0	0	0	0	0.0157691702628622	0	0	0	0	0	0	0	0	0.0760133197411954	0	0	0.147466618378385	0	0	0	0.034003161067726	0	0	0	0	0	0	0.010452230156846	0.00294607723056726	0.0341843463029878	0.0422629240879702	0	0	0	0.0323827192093516	0	0	0	0	0	0	0	0.105585451920861	0	0	0.0877112160052568	0	0.161900695612928	0	0.011572374580608	0.0123390869436954	0	0.0137472429404824
0	0	0.142130530802695	0	0	0	0	0.0344725080046096	0.0145379709917243	0.0138147176384086	0	0	0	0	0	0	0	0	0.0262217516692364	0	0	0	0.00501453546383206	0	0	0	0	0.00537836384975624	0.0131780655418733	0	0	0	0	0.0217894801382108	0.011345768304051	0	0	0	0	0	0	0	0	0	0.0200718662774665	0	0	0	0	0.121105224141027	0	0	0	0.0550644190456179	0	0	0	0	0	0	0	0	0	0.0391356790993323	0	0	0	0.0189108909969017	0	0	0.0242943862556331	0	0.00598032390332292	0	0	0	0	0	0.0667668994579788	0.0107639153354662	0.350022703082856	0	0	0	0	0
0	0.025866791950935	0	0	0.113151298537114	0	0	0	0	0	0.0465160449809525	0	0	0.0087492615771695	0	0	0	0.116267952795716	0.0434679954851869	0	0	0.0369326073688352	0.0232970961753651	0	0.0178423612807438	0.0570868866626433	0	0	0	0.0177541805126067	0	0	0	0	0	0	0	0	0	0	0	0	0	0	0	0	0	0	0	2.40598735812103e-08	0	0	0	0.0708363261013979	0	0	0	0	0	0	0.0145837374591496	0	0	0.0048568404221516	0	0	0	0	0.00269526829065312	0	0	0	0.0416483374128386	0	0	0.0946092298594298	0	0	0	0.0149034165570451	0.248934342510193	0	0	0	0	0
0	0	0	0	0	0	0.00742990923338026	0	0	0	0	0	0	0	0	0	0	0	0.0258674409514982	0	0	0.0126757450613751	0.0207353773068701	0	0	0.0345659029868065	0	0	0	0	0	0	0	0	0	0	0	0	0	0	0	0	0	0	0.0710165714675815	0	0.0822696877116912	0	0	0.263693858840607	0	0	0	0	0	0	0	0	0	0	0	0	0.0252023214052724	0.0140246174703491	0	0	0	0.0219972699550676	0.0112935214898757	0	0.013324329485218	0	0.00941835179341076	0	0	0	0	0	0.113974200358511	0	0.262528843417314	0	0	0	0.00998205106517185	0
0	0	0	0	0.249299156243733	0	0.0090176206189575	0	0	0.0152088977414305	0	0	0	0	0	0	0	0	0.00706217013382767	0	0	0.0056764415232264	0.00997909722660796	0	0	0	0	0	0	0	0	0	0	0	0	0	0	0.0231716503940341	0.0338141361793472	0.00624604925062118	0	0	0	0	0.0368348457121489	0	0.0166600338798993	0	0	0	0	0	0	0	0	0	0	0	0	0.050096979297976	0	0	0.0113088829205602	0.0545086958007345	0	0	0	0	0	0	0	0	0	0.014307086964247	0	0	0	0	0.0850439670486841	0.0547668406275471	0.283408032536996	0	0	0.0198713485781945	0	0.0137180673212271
0	0	0.219052777978745	0	0	0	0.0154267597409125	0.0151960484390876	0.0141969435168305	0.0074479254311216	0	0.0328683021990758	0	0	0	0	0	0.0340898804347883	0	0	0.0160965623675081	0.021735988522029	0.0291989028034495	0	0	0	0	0.0110024445877208	0.0289279090382772	0.0353180553074507	0	0	0	0	0	0	0	0	0	0	0	0	0	0.0473885675982092	0	0.0298621389367358	0	0.0638677992236674	0.0379202220544748	0	0	0	0	0	0.0160830036175031	0	0	0	0	0	0	0.0048113206598758	0	0	0	0	0.00961288000250292	0.0139980326641744	0	0	0	0	0	0	0	0	0	0	0.196639022309029	0	0.0962194371163957	0	0	0.00303907545043509	0	0
0	0.0199140573205775	0.132337248186064	0	0	0	0	0	0	0	0.0360954892616035	0	0	0	0	0.0266734092552277	0	0.089670086340024	0	0	0	0.0256768791204286	0	0	0	0.0572868143249222	0	0	0	0	0	0	0	0	0.00873739386217371	0.00674375653913074	0	0	0	0.0140478138162529	0	0.0190361713073215	0	0	0	0	0.0424161711040575	0	0	0.00209386703114683	0	0.0459362470674057	0	0	0	0	0	0	0	0	0	0	0	0.0387602470791691	0.0267828016442356	0	0	0	0.00569493691994389	0	0.0090967030171843	0	0	0	0	0	0	0	0.103159580234935	0.11133388287298	0.178506443695216	0	0	0	0	0
0	0	0.191258221056609	0	0	0	0	0	0	0	0	0	0	0	0	0	0	0.0786877390908073	0	0	0	0.0628583255346331	0.0158778136868302	0.0139649624702531	0	0.0324506891283415	0.0266750808967919	0	0	0	0.0433014490831514	0	0	0	0	0	0	0	0.0379723577368249	0.0406884371199801	0	0.00899024912369445	0	0	0	0	0	0	0	2.68472104708394e-08	0	0	0	0	0	0	0	0	0	0	0	0.0243252954973891	0	0.0317618205510893	0	0	0	0	0.00983411919988614	0	0	0	0	0	0	0	0	0	0.0672730093767119	0	0.307246393729113	0	0	0.00683400987068307	0	0
0	0.00426718533993192	0	0.0782526590648322	0.165031284376002	0	0	0	0	0	0	0	0	0	0	0	0	0.00782584561901155	0.00243020833048133	0	0	0	0	0	0	0	0	0	0	0	0	0	0	0	0	0	0	0	0	0	0	0.00357496133290317	0	0.00599722740724882	0	0	0.120898854747026	0	0	0.105180645456736	0.0547334447710941	0	0	0	0.00535140636166177	0	0	0	0	0	0	0.0135077303924502	0	0	0	0.00596825167766871	0	0.0251071610366534	0.00505387030487813	0	0	0	0	0	0	0	0	0	0.343047599421553	0	0.0537716643598676	0	0	0	0	0
0	0	0.164404051094631	0	0	0	0.00507837078379193	0	0.00777982151929918	0	0	0	0	0	0	0	0.0453491385316484	0.126409356254712	0	0	0.00680349698566978	0.0474149506498294	0.00657401199616938	0	0	0	0	0	0	0	0	0	0	0	0	0	0	0.0720357571642676	0	0	0	0	0	0	0	0	0	0	0.0463962591076581	2.10447391583822e-08	0	0	0	0	0.00509175180338511	0	0	0	0	0	0	0.0190777318595005	0.0575804080151689	0.0350118543348626	0	0	0	0	0.00761037114654065	0	0	0	0.0105323132948665	0	0	0	0	0	0	0.0901861697258868	0.193120273283241	0	0.0107841470676875	0.0330991486905372	0	0.00966059564590745
0	0.0186096217421959	0.147236524682302	0	0	0	0	0	0	0	0	0	0	0	0	0	0	0.0560005727134596	0	0	0	0	0.00549208979579097	0	0	0.00604595709976916	0	0.0352610191672126	0	0	0	0.0201239137509938	0	0	0.0120410763940259	0	0	0	0.010697306134599	0	0.00536991514219624	0	0	0	0	0	0.0521223293530803	0	0	0.191617497817867	0	0	0	0	0	0	0	0	0	0	0	0.00486783471024907	0	0	0	0	0	0	0	0	0.0606982104821574	0	0	0	0	0	0.00474828401518006	0	0.122644355604415	0.0204126541649677	0.197712285860693	0	0.0174129051331837	0	0	0.010885646235663
0	0	0	0	0	0	0.0510317004984985	0	0.00604371824800785	0	0	0	0	0	0	0	0	0.079219052454715	0	0	0	0.0340858894949091	0.00443256112868623	0	0	0.0129177912544606	0.0233148476629417	0	0	0	0	0	0	0	0.00486043153568318	0	0	0	0	0.0589657927525004	0	0	0.00956128643721233	0	0.0735412096912071	0.045474247033974	0	0	0	0.161843834147799	0	0	0	0	0	0	0	0	0	0	0	0	0	0.0250879595898086	0	0	0.044788077678107	0	0	0	0.0497488714192482	0	0	0	0	0	0	0	0.102469759184834	0	0.197595007618866	0	0	0.00553408637136511	0	0.00948387579717741
0	0	0.167693172726182	0	0.0386558358957308	0.00639583638539481	0	0	0	0.00403390597964197	0.0292426764045223	0	0	0.00548300487808057	0	0	0	0	0	0	0	0.0268387435511089	0	0	0	0	0.0583259268209973	0	0	0	0	0.0184858007751471	0	0	0	0	0	0	0.0376089306290018	0	0.0258137833716919	0	0	0	0.0876362857511747	0	0	0	0	0.159174620219657	0	0.0633590322677858	0	0	0	0	0	0	0	0	0.027585446731901	0	0	0	0	0	0	0	0	0.00345132027574601	0	0	0	0.0143609598067333	0.00734265539145404	0.0627888873801004	0	0	0.0285810361033707	0	0.127142138654577	0	0	0	0	0
0	0.0165408304422527	0	0	0	0	0	0	0	0	0	0	0	0	0	0	0.0165962506693868	0.0300009533670342	0	0	0	0.0109358860395595	0.0227791967696521	0.0125279774715374	0	0	0.0209010390247102	0	0	0.027164201619559	0.0210666890764076	0.0142200864663102	0	0	0	0	0	0.0132397887377086	0.0550074110260994	0	0	0.00720276603734598	0	0	0	0	0.109119114517552	0	0	0.18192764880829	0	0	0	0	0	0	0	0	0	0	0.0165983702190388	0	0	0.0133113670100675	0	0	0	0.0517826515889714	0.0134941088402913	0	0	0	0.0138145452589508	0.0330567939718233	0	0	0	0	0.172812081761433	0	0.10759608309712	0	0.0183041581788974	0	0	0
0	0	0	0.0929884504798562	0.230826591546967	0	0.0157205363804544	0	0	0.0143844927539833	0	0	0	0	0.0297053498381625	0.00346598977731184	0	0.0318623865181311	0	0	0	0.0233828866809808	0.00267528575842141	0	0	0.00455064736756482	0.00578056040175566	0	0	0	0	0	0	0	0	0	0	0.0553567716433806	0	0	0	0	0	0	0	0	0	0	0	0	0	0.0765635621176813	0	0.0215543187099567	0	0	0	0	0	0	0	0	0	0.0271394541455869	0	0	0	0	0	0	0	0	0.0949754986763967	0	0	0.10482007575733	0	0	0.151720575737396	0	0	0	0	0.0125265657086825	0	0
