"SBS1"	"SBS2"	"SBS3"	"SBS4"	"SBS5"	"SBS6"	"SBS7a"	"SBS7b"	"SBS7c"	"SBS7d"	"SBS8"	"SBS9"	"SBS10a"	"SBS10b"	"SBS10c"	"SBS10d"	"SBS11"	"SBS12"	"SBS13"	"SBS14"	"SBS15"	"SBS16"	"SBS17a"	"SBS17b"	"SBS18"	"SBS19"	"SBS20"	"SBS21"	"SBS22a"	"SBS22b"	"SBS23"	"SBS24"	"SBS25"	"SBS26"	"SBS27"	"SBS28"	"SBS29"	"SBS30"	"SBS31"	"SBS32"	"SBS33"	"SBS34"	"SBS35"	"SBS36"	"SBS37"	"SBS38"	"SBS39"	"SBS40a"	"SBS40b"	"SBS40c"	"SBS41"	"SBS42"	"SBS43"	"SBS44"	"SBS45"	"SBS46"	"SBS47"	"SBS48"	"SBS49"	"SBS50"	"SBS51"	"SBS52"	"SBS53"	"SBS54"	"SBS55"	"SBS56"	"SBS57"	"SBS58"	"SBS59"	"SBS60"	"SBS84"	"SBS85"	"SBS86"	"SBS87"	"SBS88"	"SBS89"	"SBS90"	"SBS91"	"SBS92"	"SBS93"	"SBS94"	"SBS95"	"SBS96"	"SBS97"	"SBS98"	"SBS99"
0	0	0	0	0	0	0	0	0	0	0	0	0	0	0	0	0	0.0379254050958197	0	0	0	0	0.0115174241043727	0.0249701648548986	0	0	0	0	0.0315418824868516	0	0	0	0	0	0	0	0	0.191746824827947	0	0	0.0201305733890625	0.00120280656729162	0	0	0	0.0149651444644675	0.354556432261186	0	0	0	0	0	0	0	0.057254370388472	0.0178958201433347	0	0	0.0230262317101773	0	0.0753449921768258	0	0.0246725106833409	0.00451935191512251	0	0	0	0.0199171141665817	0	0	0	0	0	0.0443651295444831	0	0	0.0444478212197642	0	0	0	0	0	0	0	0	0
0	0	0	0.0359184951848866	0	0	0	0	0	0	0	0	0	0	0	0	0.0451723174458987	0	0	0	0	0.158788625821183	0.0707978228656768	0	0	0.0542474256922465	0.0545708546503605	0	0	0	0	0	0	0.0233285226322236	0	0	0	0	0	0.0399910583377259	0	0	0	0	0	0	0.112980495926605	0	0	0	0	0	0	0	0.0969390144420146	0.059027698585362	0	0	0	0	0	0	0	0.0814935526641534	0.016639027663316	0	0	0.00190289325795923	0	0.0156828122285523	0	0	0	0.0011179173653492	0	0	0	0	0	0	0.0661550933299888	0	0	0.00305570220053398	0	0.0621906697059636
0	0.00247852925962317	0	0	0	0	0	0	0	0.00453000389531225	0	0	0	0	0	0	0	0.0264241974739242	0	0.048943576472831	0	0	0.00978117359057053	0	0	0.0155274703902542	0.0388494290163856	0	0	0	0	0	0	0	0	0.00621368441063022	0	0	0	0.102230279248889	0	0	0.080669014232707	0	0	0	0.0331646749738239	0	0	0	0	0	0.0236046684336898	0	0	0	0	0	0	0	0	0	0	0.0472954024894863	0	0	0.00447789594760884	0	0	0.00850822722378445	0	0	0	0	0.0364321618229714	0	0	0	0	0	0.362138521044959	0	0.128044952285746	0.0206861377868037	0	0
0	0	0	0	0	0	0	0	0	0	0	0	0	0	0	0	0	0.0412336915570307	0.0304809329519708	0	0	0	0.0206944271384341	0	0	0	0	0	0	0	0	0	0	0	0	0.0689529883241259	0	0.0581997190995931	0.142341715141005	0.0170578628180435	0	0.00858158233300495	0	0.000777129315458546	0	0.0286619130552865	0.0974861480139246	0	0	0	0	0	0	0	0	0	0	0	0	0	0.0325137548463576	0	0.126917151733129	0.048272219934505	0	0	0	0.00216083521835459	0.00672087008270892	0	0	0	0	0.0338310898672744	0	0.0702877202569972	0	0	0.100942702140623	0.0599054406309127	0	0	0	0.00398010554126074	0	0
0.011289328023913	0	0	0	0	0	0.0890485590012541	0	0	0	0	0	0.0113388233563378	0	0	0	0	0.0869414948707004	0	0	0	0	0	0	0	0.0158305736661425	0	0.0425625336780658	0.0391437461985399	0	0	0.0387339429092595	0	0	0	0	0	0	0.0607814881882308	0.0746275855972505	0	0	0.0435629201545095	0	0.115611610000255	0	0	0	0	0	0	0	0	0	0	0	0	0	0	0	0	0.000496467245803603	0.0181845683452075	0	0.00996969028090652	0	0	0	0	0	0	0	0	0	0.124756820256092	0.0770601909119754	0.0107270234804388	0	0	0	0.0563092266588164	0	0.0730234071763015	0	0	0
0	0	0	0	0	0	0	0	0	0.0232183509704847	0.0620676813808425	0	0.00541705567992723	0	0	0	0	0.250933741839159	0	0	0	0	0	0	0	0	0	0	0.0124836900351864	0	0	0	0	0	0.00458993517195073	0.00582650251378671	0	0	0.0446554457468518	0	0	0.0217532739607966	0	0	0	0	0.0964527364862142	0	0	0	0	0.151375365586883	0	0	0	0	0	0	0	0	0	0	0	0.0247025778472994	0.0146087814152362	0	0	0	0	0	0	0	0	0	0	0	0	0.0164684244799029	0.146268223800653	0	0	0	0.0448777359364303	0.0241965487976852	0.0267439819536294	0.0233599463970805
0	0	0	0	0	0	0.00809561921403479	0	0.0606144554414921	0	0	0	0.0098639523402703	0.0275407158214213	0	0	0.00583219313515847	0	0.0179380513484143	0	0	0.0711545148548316	0.0259356741482973	0.0281169191137	0	0.0192930181372981	0	0	0	0	0.0240021353992929	0	0	0	0	0.00348016402222748	0	0	0.204189711863761	0	0.0212233934696824	0.00243466389937094	0	0	0.0306793080460006	0	0	0	0	0	0	0.0249127002700198	0	0	0	0	0	0	0.00376163288453731	0.0644347734531366	0	0	0	0.018094480127964	0	0	0.00515275904232702	0.0346695331713769	0.00256234443082751	0	0	0	0.120522259202191	0.0178461380646665	0	0	0	0	0	0	0.147648889097699	0	0	0	0	0
0	0	0	0.0679688655415068	0	0	0.0310033033995765	0.0188469481150994	0.07141795350967	0.00888595142760738	0	0	0	0	0	0	0	0	0	0	0	2.30469512380961e-05	0	0.0015710666484612	0	0.00610341013145519	0.0844049084620723	0	0	0.122507838863588	0	0.0174964306378828	0	0	0.0123360284889839	0.0383147019463256	0.0127995656280791	0	0	0.124209396278159	0	0	0	0	0	0	0.0911123423780459	0	0	0	0	0	0	0	0	0	0	0	0	0	0	0	0	0.156603308963995	0	0	0	0	0	0	0	0	0	0	0	0	0.0213381113368717	0	0.0173403788801321	0	0	0	0.0681534558591468	0.00562463270666142	0	0.0219383538454427
0	0	0	0	0	0	0	0.00487375296675546	0	0.0178225881282232	0	0	0	0.00537736541937569	0	0	0	0.0814706154285184	0.015800101371461	0	0.0487311388897311	0.223622411097757	0	0.00570764937096964	0	0.100096814187	0.00126768848646782	0	0	0	0	0	0	0	0	0	0	0	0	0	0	0	0.0915016881043816	0	0	0	0	0	0	0	0	0.0825122318816573	0	0	0	0	0	0.0100248007152588	0.00944861012467804	0	0	0	0	0.0414126296579946	0	0	0.00614197876968024	0	0.0236062894508784	0.0109742127235568	0.0418376284740705	0.00454235019456436	0.0106217169262612	0	0.0495211991212489	0	0	0	0	0	0.0157738312113089	0	0	0.0973107072982003	0	0
0	0.00597409091304853	0	0	0	0	0	0	0.0503540061895635	0.000552558122797681	0	0	0	0	0	0	0	0	0	0	0	0.0682384611947446	0.0249292125604523	0.00295956448308757	0	0	0	0	0	0	0	0.0504042636992445	0.105940058326983	0.0437761145223429	0	0	0	0.00360905662140732	0.0082074806408127	0.0329805612203602	0	0	0	0	0	0.0778796494862437	0	0	0.0972225590610261	0	0	0.0301648253444355	0	0.0460787545813898	0	0	0	0.00709520655791519	0	0	0	0	0.00875911413353852	0.0215794882759593	0.00208358919320366	0	0.106745005134645	0	0.00197097840047902	0	0.0330402613928231	0	0.0686701399277371	0	0.026848003687989	0	0	0	0.0685001963210197	0	0	0	0	0.00543680000675064	0	0
0	0	0	0	0	0	0	0	0	0	0	0	0	0.0252434865364454	0	0	0	0.0767408666817471	0.0257783341665748	0.00365662802063205	0	0.0789624437873226	0	0	0	0.012340560120695	0	0.0220157464344921	0	0	0	0.0375827799459529	0	0	0	0.0847188596942986	0	0	0	0	0	0	0.110794876415642	0	0	0.0537141691142394	0	0	0.0313362115983692	0	0	0	0	0	0	0	0	0	0.00445273866972713	0	0	0	0.0238864574277459	0.00583713943918199	0	0	0	0	0	0	0.123573257604834	0	0	0	0	0	0.0018865666919514	0	0.111680061183984	0.133649198848314	0	0	0	0.0169504203326262	0.0151991972852245	0
0	0	0.0499250275270295	0.0426119514274773	0	0	0	0	0	0	0	0	0	0	0	0	0	0.12430919450098	0.0223093558162364	0	0	0	0.00923971059458489	0	0.01953206954668	0.161357644287358	0	0	0	0	0	0	0	0	0	0	0	0	0.0279492387312838	0	0	0	0	0.0468053125056226	0.00432379228410014	0	0	0	0	0	0	0	0	0	0.0563118789902375	0	0	0	0	0	0	0	0.0447576492654298	0	0	0	0	0	0	0	0	0	0	0.0137195705352335	0.0115924642835836	0	0.0535045714044642	0.00282625403960681	0	0	0.0928492823950434	0	0.216075031865049	0	0	0
0	0.0365538481147599	0	0	0	0	0.0089791133226941	0	0.020269747078336	0	0.0389720089641362	0	0.0170879588242642	0.0321479922628492	0	0	0	0	0.037532008466858	0	0	0	0	0	0	0	0	0	0	0	0	0.0364992791775386	0	0	0	0	0	0.0962081751415925	0	0	0	0	0	0	0.086853880739555	0	0	0	0	0	0	0	0	0	0	0	0	0	0.0209583581820416	0	0	0	0.0697996374971871	0.0517330393464816	0.0054858164922695	0	0.00361309322342808	0.00524270686602799	0.00597481135336599	0	0.0792637585649347	0	0.000706250603344386	0	0	0	0	0	0	0	0.297832440083835	0	0.0105111542738789	0	0.0377749214206218	0
0	0	0	0	0	0	0	0	0	0	0	0	0	0	0	0	0.0595985942512358	0.0468182255260113	0.0524963116354997	0	0.00262688929218037	0.200170016164004	0.00599625361922239	0	0	0	0.0808590601852062	0	0.0117280931822703	0	0	0	0	0	0	0	0	0	0	0	0	0.0123358897887506	0	0	0	0.111711202279475	0.0911850136495612	0	0	0	0.0217179106976577	0.0160432789675957	0	0	0	0	0.0078212189345463	0	0	0	0	0	0	0.0253764687093735	0	0	0	0	0.00357135133613987	0.0245916550217663	0.0196373744198502	0	0	0.0491555774325374	0	0	0	0	0	0.0233286635332263	0.0375288202979087	0	0	0.0762518204468871	0	0.0194503106290947
0.0141907581574226	0	0.173449069188358	0	0	0	0	0	0.019432411125928	0	0	0	0	0.0256695965716176	0	0	0	0.0755675390492151	0	0	0	0	0.0231988924302499	0	0	0	0	0	0	0	0	0	0.105974071342163	0	0.0831229117373318	0	0	0.0717270401128986	0	0.0929908482657256	0.00644348868486267	0	0	0	0.00820904385922409	0	0	0	0.080621944778651	0	0	0.0437700613741722	0	0.0125711082515337	0	0	0	0	0	0	0	0	0.0181737067333278	0	0	0	0	0.0823130275099072	0	0	0	0	0	0	0	0	0	0	0	0	0	0	0	0	0	0.0625744808274112
0.0257753046442029	0	0	0	0	0	0.0444872243220071	0.0639084778809433	0.0758406031787307	0	0	0	0	0.000612864911956764	0	0	0	0	0	0	0	0.00559011425036205	0	0	0	0	0	0	0.0224263166428058	0	0.0213918617385876	0	0	0.00268796181045384	0.0258010536077772	0.00645832225924286	0	0.0207688475407073	0.0723904528601995	0	0	0	0	0	0.120535910091593	0	0.0378682185650527	0	0	0.105926339740911	0	0	0	0.00162843127305309	0	0	0	0	0.0127766117331462	0.029184235474812	0	0	0	0.00731722820006806	0	0	0	0.0108003866065398	0.0183771819490326	0	0.0194482931464222	0	0.00877063285551135	0	0	0	0	0	0.239227124715882	0	0	0	0	0	0	0
0.0188552643283278	0	0	0	0	0	0	0.0408720015963785	0	0	0	0	0	0	0	0	0	0.0561285540523212	0.0181956866186065	0	0	0	0.03160071800626	0	0	0.0506376216400297	0.0209055876393272	0	0	0	0	0.0737933269846796	0	0	0	0	0	0	0	0.0529127250682781	0.0452345517103694	0	0	0	0	0	0	0	0	0	0	0	0.022739595987242	0.0881236222943322	0	0	0	0	0	0	0.0026192737803962	0.0495206029006908	0	0	0	0	0	0.103530899000998	0	0	0	0	0	0	0	0	0	0	0	0.183660763057387	0	0	0	0.0665430322929715	0	0.0741261730414046
0	0.00715587707791108	0	0	0	0	0.0122064747615	0	0	0.0129541516107215	0	0	0	0	0	0	0.00255634614993548	0.0285976302980643	0	0	0	0.117227225631537	0.0244822830409758	0	0.112717654220176	0.0707314361795524	0	0.0302665954751784	0	0	0	0	0	0	0.0116443011152381	0	0	0	0	0.00592765034599982	0	0.0522089658022608	0	0	0	0	0.147316283725816	0	0	0	0	0	0	0	0	0	0.00227708820749574	0	0	0	0	0.0462459945993772	0.00687615135026078	0.0089283086083038	0	0	0	0	0	0.00828738509360396	0.113136975920388	0	0	0.0258574928805782	0.0947358275923505	0	0.00586413872641396	0	0	0	0.0230732734540945	0	0	0.0287244881322673	0	0
0	0.000977498343535094	0	0	0	0	0	0	0	0	0	0	0	0.0474694962517993	0	0.0130427866807873	0	0	0.00337559403133052	0	0.049718073532454	0.0384596885047562	0	0.00620187128209017	0	0	0.0536262002687907	0.0551717755607889	0	0	0	0	0	0	0	0	0	0	0	0.0530182806957172	0.010977281758311	0	0	0	0	0	0	0	0	0	0	0.07607059457161	0	0	0.0529399630605879	0	0	0	0	0	0	0.0199740933358149	0	0.0522819861388229	0	0	0	0.101142073246921	0.0156431783706981	0	0	0	0	0	0	0	0.0543422906471051	0	0.0423002453569408	0.0333768739653858	0.0420093865733443	0	0	0.0801063267969502	0.0403165862399568	0.0574578547855013
0.00511329765089484	0	0	0.0532437501328305	0	0	0	0	0	0	0.159845275528205	0	0	0.0287945541852399	0	0	0	0.0888784976211718	0	0	0.0245407361241215	0	0	0.0216787661201728	0	0	0	0	0	0	0	0	0	0	0	0	0	0	0	0.0429011420000282	0	0	0	0	0	0	0.0849398405904817	0	0	0	0	0	0	0.0286302507624305	0.0710640408392848	0	0	0	0	0	0	0	0	0.00311200407840711	0	0	0	0.173224750816662	0	0	0	0	0	0	0	0	0	0	0	0.0463436032897179	0.147743552183092	0	0	0.0199459380772584	0	0
0	0.0125939575037938	0	0	0	0	0.0513743679659458	0	0	0	0	0	0	0	0	0	0	0.0736929794029487	0	0	0	0	0	0	0	0	0.0392713630251005	0	0.0581107767821341	0	0	0.0558094388446114	0	0.0137100229935616	0	0	0	0	0	0	0	0	0	0	0.122264814133538	0	0.0826942628338516	0	0	0	0	0	0	0	0	0	0	0	0	0	0	0.0159552564552716	0	0.0410272673737367	0	0.00320994893790603	0	0	0.00430969247921044	0	0.0381608623898712	0	0.00339295499023935	0	0	0	0	0	0.137498412185277	0.174003471553224	0	0	0	0.0271459622236484	0	0.0457741879261289
0.0166004146834142	0	0	0	0	0	0	0	0	0	0.148412542608239	0	0.00781457433351112	5.10226582812798e-05	0	0	0	0.123499342264753	0.0185452495612941	0.00883697868397375	0	0.0459581807758783	0	0	0	0.0741495070217683	0	0.0182271790077364	0	0	0	0.0269343542491734	0	0	0	0.00930712962174953	0	0	0	0	0	0	0	0	0	0	0	0	0	0	0	0.0654533867159439	0	0	0	0	0	0	0.0501693346586435	0.0429084543588846	0	0	0	0	0	0	0.150844864523985	0	0	0.010224766166919	0	0	0.0563870666071113	0	0.00964006846960335	0	0	0	0	0	0	0	0	0.097988829792331	0.0180467532368059	0
0.014777667294798	0.0657236976103452	0	0	0.0159363020130223	0.0274617984438838	0	0	0	0.00668960450485092	0.139813822240041	0	0.00893284736304833	0	0	0	0	0.049244780575882	0.00244929723912274	0	0	0.0570261362255109	0	0.00728933790151921	0	0.0542635133459874	0	0	0.00327064660463669	0	0	0.0627626807104057	0	0	0	0	0	0	0	0.0495028327340767	0	0	0	0	0	0	0	0	0	0	0	0	0	0	0	0	0	0	0	0	0	0	0.0137010665503917	0.0804087295878846	0	0	0	0	0	0	0	0	0.00161329838614702	0	0	0.170343608501583	0	0	0.10519839758262	0.0441568356665653	0	0	0	0.019433098917678	0	0
0	0	0.0737787378206824	0	0	0	0.0169248860643073	0	0.0656110699543336	0.0236379712779138	0	0	0	0	0	0	0.00771892031152974	0.0255098129917351	0.00733238996160134	0	0	0.0494984441754067	0.0404989667923778	0	0	0.0437565913937982	0	0	0	0	0	0.051218372678987	0	0	0	0	0	0	0	0	0.00588153074477475	0	0	0	0	0	0	0	0	0	0.0317994499454024	0	0	0.0205493173665724	0	0	0	0	0	0	0	0	0	0	0	0	0	0.0264925979285095	0	0.0184287162665223	0.00809259811892581	0	0.0253922175542431	0	0	0	0.00239595615630323	0	0	0	0.342071585409188	0	0	0	0	0.113409867086886
0	0	0	0.139633705408833	0	0	0	0	0	0	0	0	0	0.0335605525038194	0	0	0	0.145282507675	0.0222482500235339	0	0	0	0.00147506618074581	0.00353341528322056	0	0	0.0267520342836631	0	0	0	0.0886828805023181	0	0	0	0	0	0	0.0488801240474157	0	0	0	0.0110907532961847	0	0	0	0	0.0568667231191826	0	0	0	0	0	0	0	0	0	0	0	0.0374377205021249	0.0257979022881394	0.0130837565220136	0	0	0.0153034415845761	0	0	0	0	0	0	0	0	0	0	0	0	0	0	0	0.0858922952977303	0.221704668759698	0	0	0.00618809828299667	0	0.0165861044388048
0	0.00824508687620572	0	0	0	0	0	0	0.0104637460931275	0	0	0	0	0	0	0	0	0	0.0197925742785481	0	0.0111670250675093	0.0547627115072005	0.0437058486394818	0	0	0.0267576889300097	0	0	0	0	0	0.0210550960738535	0	0	0	0	0.0157559398691195	0	0.070178906229255	0	0	0.0128299469334237	0	0	0	0	0.072744985985632	0.101401649164228	0	0.249603341161774	0	0	0	0.164115462036579	0	0	0	0.0115862091704557	0.00463875915392226	0	0	0.0151315642648576	0	0	0	0	0	0	0.00655832136314218	0	0	0	0.02479404428388	0	0	0	0	0	0	0.0547110929177958	0	0	0	0	0	0
0	0	0	0	0	0	0	0	0.0548244575490386	0	0	0	0	0	0	0	0	0	0.00111522029228131	0	0.00398772367223473	0	0.0142611945305759	0.00552320768755488	0	0	0	0	0	0	0.0217811959614984	0	0	0.114995883180401	0	0.0253427257428627	0	0.0108337613391614	0.0782890938488709	0.117610596246291	0	0	0	0	0	0.0394803035782013	0.0196787965730574	0	0.0310673896305548	0.0210430490983311	0	0	0	0	0	0	0	0	0.00747658562405664	0	0	0.0374150167961031	0	0.144151688788463	0	0	0	0	0.00338431910528131	0	0	0	0.0880871008488468	0	0	0	0	0	0.159650689906333	0	0	0	0	0	0	0
0.00509420961457514	0.00411067035087916	0	0	0	0	0	0	0	0	0	0	0.0155842109282765	0.0869075597053599	0	0	0	0	0	0	0	0.0613485293000955	0	0.0100956199115285	0	0	0	0	0	0	0	0.131016460350917	0	0	0.032644004516975	0	0	0	0.243512879400024	0.00618746107172225	0.019390126275962	0	0	0	0	0	0.0846118437189603	0	0	0	0	0.0381993784405587	0	0	0.020791947857046	0	0	0	0	0	0.0274940673487862	0	0	0.0334815418100144	0	0	0.028925062034189	0	0	0	0	0.132824364652681	0	0	0	0	0	0	0	0	0.01778006271145	0	0	0	0	0
0	0.0448095506457122	0	0	0	0	0	0.00638398885616282	0	0.0493729418169065	0	0	0	0.0268233253044727	0	0	0	0.0840227424693037	0	0	0.0598995739557811	0.102511320671175	0.0332871326578894	0	0	0.0594051222492859	0.000427797181223935	0	0	0.0186648179442203	0	0.0362344020878408	0	0	0.0332010764417852	0	0	0	0	0	0	0	0.034142769608905	0	0	0	0.0608692643346434	0	0	0	0	0	0	0	0	0	0	0	0	0.0721022645936035	0	0.0410004341138961	0	0.0755676628999239	0	0	0	0	0.0258558775267474	0	0	0	0	0	0	0	0	0	0	0.0198438857086192	0.0606143480901504	0	0.0387664278584662	0.0161932729832853	0	0
0	0.00670489065793086	0	0	0	0	0	0	0	0.00485828387727352	0	0	0	0	0	0	0	0	0	0	0	0.0858102889374712	0.0249109045834707	0.00242906733523341	0	0.0311647861008008	0.0840451441630045	0.0233819574382532	0.000654058210052499	0	0	0	0	0.111783218730599	0.0353811206406255	0	0	0	0	0	0	0	0	0	0	0.0314756428068601	0.105560892956568	0	0	0	0	0	0	0	0	0.00561623327558854	0	0	0	0.0461368458283774	0	0.0495883805134149	0	0.0233934450822826	0	0	0.215863447843275	0	0.0281567703070263	0	0	0	0	0.0239325810928365	0	0	0.014019584296724	0	0	0	0.0121317522722032	0	0	0	0	0.0330007030501283
0.00434552393314063	0	0	0	0	0.01096269351706	0.00698067569922453	0.0293488488436151	0	0	0.156393999889092	0	0	0.0260251277751265	0	0	0.00816539584806243	0.143893274372093	0.0178524686890332	0	0.0116409214010016	0.0609519419988954	0	0.00853685881539917	0	0.186804565437647	0.00751461541334922	0.0120951964952213	0	0	0	0	0	0	0.034141888442064	0	0	0	0	0	0	0	0	0	0	0	0	0	0	0	0	0	0	0	0	0	0	0	0	0	0	0.018941863420154	0	0.0886788007070867	0	0	0	0	0.0390129781178373	0	0	0	0.0339967573343993	0.0127916959198457	0.0545085243695355	0	0	0	0	0	0	0	0.0264153835611165	0	0	0
0	0.000202778891310064	0	0	0	0	0	0	0	0	0	0	0	0	0	0	0	0	0.0599566418735848	0	0	0.0274438590172375	0	0	0	0.0480409297841668	0	0	0.00849157727716094	0	0	0	0	0	0	0	0	0	0.0774796657876863	0.137516943848136	0.0559210069552733	0	0	0	0	0	0	0	0	0	0	0	0.0174911866707856	0	0	0	0	0	0.00491515318077116	0	0	0	0	0	0	0	0	0.0370428883298438	0.0317375094009946	0.00555771107992393	0	0	0.0587668324231965	0	0	0	0	0	0	0.0404385016199315	0.36471324383303	0	0	0.024283570026967	0	0
0	0.0125832046843789	0.355190156445091	0.0440721398033866	0	0	0	0	0.0618238170158082	0	0	0	0	0.0118171270685662	0	0	0	0	0	0	0	0.0990716941216529	0.0693048543132708	0.0114779254421795	0	0.0228915315420112	0	0	0.0178734905166292	0	0	0	0	0	0	0.00935134609303545	0	0	0	0.0146758325962805	0	0.00123869316479837	0	0	0	0	0	0	0	0.0470128652544092	0	0	0	0.0311725228894443	0	0	0	0	0	0	0	0	0	0	0	0	0	0.0759593809492244	0.00417911823577657	0	0	0	0	0	0	0	0	0	0	0	0.0613502766962885	0	0	0	0.0489540231677677	0
0	0	0	0.0971554637788254	0	0	0.0384232139828839	0	0.0836991657060357	0	0	0	0	0	0	0	0	0	0.0279140003336956	0	0	0.155976084158447	0	0	0	0	0	0	0	0	0	0	0	0	0.0298430349521723	0	0	0	0	0.0197519195553554	0	0	0	0	0.0401379460753507	0	0.0256877198231096	0	0	0	0	0	0	0	0	0	0	0	0	0.0362442901780405	0	0	0	0.0872844129374821	0	0	0	0	0	0	0.000587821203369355	0	0	0.125725832467898	0	0	0	0	0	0	0.192265501135476	0	0	0	0.00679771300842152	0.0325058807034372
0	0	0	0	0	0	0.0191073537556008	0	0	0.0302664102740121	0.0323814362979157	0	0	0	0	0	0	0.179282567328556	0.0262865743274536	0	0	0.0619386586988662	0	0	0	0.157968508204427	0	0	0	0	0	0.00803117317609764	0	0	0	0	0	0	0	0	0.00282322932458515	0.0252823944220638	0.0104836663329019	0	0	0.0479992046284584	0.0714528947229397	0	0	0	0	0	0	0	0	0	0	0	0	0.0715014117708277	0	0.000174660154226567	0.0110942978690799	0.0400785954312238	0	0	0	0	0.0186884606835741	0	0	0	0.0288199263082757	0.0487969473872436	0	0	0	0	0	0	0	0	0.10754162890167	0	0	0
0	0	0	0	0	0	0	0	0.0498527052894815	0	0.137294058058721	0	0	0.0132678961197461	0	0	0.0343522317171851	0	0.0137005190594347	0.0141280547098443	0.0125742061464093	0.103595361778439	0	0	0	0	0.0784984009035462	0	0	0	0	0	0	0.0872584065847008	0.0128266783311592	0	0	0	0	0	0	0	0.00319358203799886	0	0	0.0374751048748961	0.00216730705468236	0	0	0	0	0	0	0	0	0	0	0	0	0.015135536097783	0	0	0	0.0622473621191635	0	0	0.0517365448700261	0.00105170913470567	0	0	0.151480200437576	0	0.0165097786632107	0	0	0	0	0	0.0886326498557244	0	0	0	0	0	0	0.0130217061555662
0	0	0	0	0	0	0	0	0.0272159647275417	0	0	0	0.0146564422125078	0	0	0	0	0	0.00992433568168058	0	0	0.143350620817917	0.025539440936098	0	0	0	0	0	0.0403836691407032	0.00806428585041737	0	0.0539069965876448	0	0	0	0.005501030512457	0	0	0	0.247906603305977	0	0	0	0	0	0	0.120296854281257	0	0	0	0	0	0	0	0	0	0	0	0	0	0	0	0	0.0214697474266712	0.00344335296555888	0	0	0	0	0	0	0	0	0.0350153384562526	0	0	0	0	0.0534530049800753	0.174202360006011	0	0	0	0.0156699521112291	0	0
0.0191771194487713	0	0	0	0	0	0.105115576691416	0	0	0.0284585954734155	0.00354056427403079	0	0.0133628066292946	0	0	0	0	0.05098246113045	0.0555159644229764	0.0177004933904431	0	0.0641183198697894	0	0.0290362221690558	0	0.00498019401847868	0	0.00708617700893785	0	0	0	0	0	0	0	0	0	0	0	0.0485426474029292	0.0279881109359982	0.00432222027286511	0.0486619112847483	0	0	0	0.0411585262116093	0	0	0	0	0	0	0	0.0279244902271475	0	0	0	0.0321091821724782	0	0	0	0	0.0161270833464124	0.00933801685706566	0	0	0	0.00721658359930024	0	0.0599411106161526	0.113395117380046	0	0	0	0	0	0	0	0	0.0499751530887652	0	0.0416069930128757	0	0.000907330829716463	0.0717110282348306
0	0.059239896601669	0	0.00578772909121925	0	0	0	0	0.0417451835454329	0	0	0	0	0	0	0	0	0	0	0	0	0.0644364876193866	0	0.0051564062506638	0	0.00172396831107351	0.0530683196043259	0.0415749774070638	0.00632597006013595	0	0	0	0	0.0159108233501381	0.015997688840583	0	0	0	0.0228078780199264	0.00266836913686464	0.0312565659100377	0	0	0	0.0418763603387943	0	0.099308661657191	0	0	0	0	0	0	0	0	0	0	0	0	0	0.0172260752878415	0	0	0	0	0	0.0349511757841531	0	0.0403755315216617	0	0.0646301442372556	0.0390274861985548	0	0.0324493613728832	0.0397605601030351	0	0	0	0	0	0.219601486313317	0	0	0.00309289343679219	0	0
0.0452580539127093	0	0	0	0	0	0	0	0.0542043021516663	0.0254415188714861	3.74840338207073e-05	0	0.0251201583376629	0	0	0	0	0	0	0.0229001367664396	0	0.313637013515025	0.0171980113378375	0	0	0.0513075973410256	0	0	0	0	0	0	0	0	0	0.00235140097392987	0.0227292538415116	0	0.0391471106360405	0.116239877411482	0	0	0	0	0	0	0.0741437395722279	0	0	0	0	0	0	0	0	0	0	0.00955548817139316	0.00355135245599051	0.0369288047659522	0	0	0	0.040474267962696	0	0	0.0207079216781141	0	0	0	0	0	0	0.0198323787135551	0	0	0.046359294995736	0	0	0	0	0	0.0128748325536972	0	0	0
0	0.00477870909064522	0.0725717718532771	0.00777935059189906	0	0	0.029974559982016	0	0	0	0.123799775206457	0	0	0	0	0	0	0.0731682136745354	0.040669152771141	0	0.0279479951070994	0	0.0186052692487418	0.0129390600831364	0	0	0	0	0	0	0	0	0	0	0.0327947707108312	0	0	0.0359820525430055	0	0.110056298671617	0	0	0	0	0	0	0	0	0	0	0	0	0	0	0	0.00555966620167904	0	0	0	0	0.0692598006783955	0.00992850476264868	0	0.0386655996360916	0.0190276874613736	0	0	0	0	0	0	0	0	0	0.0788154884725603	0	0	0.00354920825204287	0	0	0	0	0.079087095566852	0.0154987138990598	0.0895412555348937	0
0	0	0	0	0	0	0	0	0	0.0385380910977216	0	0	0.0323920155715359	0	0	0	0	0	0.0144790464497573	0	0	0	0.0654902718229119	0	0	0	0	0.0394232280295772	0	0	0	0.070862281064525	0	0	0.00812486879169243	0	0.00962493552495156	0.0143935821198907	0	0	0.0119789419155757	0	0.0160353423763351	0.0231890027782834	0	0	0	0	0	0	0	0.0725445791743963	0	0	0	0	0	0	0.0168445892985497	0.0451355028146102	0.0967344529126776	0	0	0	0	0	0	0.0853254855161402	0	0	0.0777619474760784	0	0.032996308616219	0	0	0.093343363782254	0	0	0	0.109061591144266	0	0	0	0.0116530278554133	0	0.0140675438666378
0	0	0.0501910786995693	0.0245270406084465	0	0	0.0272275467333988	0	0.0250913176496554	0.00504797490445553	0	0	0	0	0	0	0.00905163804532596	0.0448704854658886	0.0269380512339152	0	0	0	0	0	0	0	0	0	0.00881056690440299	0	0	0	0.0741203454285204	0.0274718589823431	0	0	0	0.06254920452913	0	0	0.00902688142406046	0.00484769558085846	0	0	0.063450343367042	0	0.0149021268707349	0	0.0124882972200817	0.107739172560262	0	0.00378483290949888	0	0	0.00445468605978226	0	0	0	0.00495006954078054	0	0	0.0558432145819852	0.00758802596176627	0.0111700826250414	0.000387544098976726	0	0	0	0.0451563972009962	0	0	0	0	0	0	0	0	0	0.105064443281515	0.109699172580497	0	0	0	0	0.0486303838457889	0.00491952110528007
0	0	0	0	0	0	0.0111307375880313	0.0305000586994808	0.00841105752152162	0	0	0	0	0	0	0	0	0	0	0	0	0	0	0.0112167095326496	0	0	0	0	0	0	0	0	0	0	0	0.000122789574048877	0	0.108028484980531	0	0	0	0.0119019395149219	0	0	0.202364454940552	0	0	0	0.0638830436290278	0	0	0	0	0	0.0815516450739147	0	0	0	0.0026293267535496	0	0	0	0.00255605932710049	0.0798288472091924	0.020204262097102	0	0	0	0.0107286621230054	0	0.0252837514591273	0	0	0	0	0	0	0	0	0.0058174312606388	0.289298553040405	0	0	0.00334916682055462	0	0.0311930188546446
0	0.0257830048614983	0	0	0	0	0.00899008237018055	0	0.0207884194047082	0.00490101342915146	0	0	0	0	0	0	0	0.0651778909198933	0	0	0	0	0	0	0.0177518103748088	0	0	0	0.0170304605099787	0	0	0	0	0.0577061558803205	0	0	0	0	0	0	0	0	0	0	0	0.0378853508362255	0.0981857484832146	0	0	0	0	0	0	0.0161758823340674	0	0.0479706123925756	0	0	0	0	0	0.00593930140685974	0.114148575899091	0	0	0	0.0851032522332852	0	0.0109834410836245	0	0	0	0	0	0	0	0	0	0	0	0.217913714007593	0	0	0.0347089963167177	0	0.112856287256206
0	0	0	0.0772897005154231	0	0	0	0.0236369668447314	0	0.0195012145686011	0	0	0	0.018080286140507	0	0	0	0	0	0	0.00857531813615464	0.0890426461959561	0.00903590498952118	0	0	0	0	0.0600664140394225	0	0	0.0404372889477492	0	0	0.0217662316364551	0	0	0	0	0.109282770237794	0	0	0.00646365211167955	0	0	0.228261986683069	0.0846199247304308	0	0	0	0	0	0.0433025965871928	0	0	0.0101280463532107	0	0	0	0	0	0.0805589074451109	0	0.0699501438369907	0	0	0	0	0	0	0	0	0	0	0	0	0	0	0	0	0	0	0	0	0	0	0
0	0	0	0	0	0	0	0	0	0	0	0	0	0	0	0	0	0.0442345056362318	0.0246892903658928	0	0	0.140133121644957	0	0	0	0	0.0285102351789333	0.0189612664016934	0.0214367568680972	0	0	0	0	0	0	0	0	0	0	0.103892169743074	0.00309847174220648	0	0	0	0	0.020762946572206	0.115569314836079	0	0	0	0	0	0	0	0	0	0	0	0	0.0728113722517519	0	0	0	0.0156374148773972	0	0	0	0.0200779232090444	0	0.00732451136540163	0	0	0.02111157484084	0	0	0	0	0	0.120348615301045	0.214795799407944	0	0	0	0	0	0.00660470975720533
0.0580221820411593	0.00423662905608843	0	0	0	0	0.00337438268994163	0	0	0	0	0	0	0	0.00762129209754632	0	0	0.0841670381403753	0.0159464899304414	0	0	0.0338712728254444	0.0374950134459125	0	0	0.0457735691198302	0	0	0	0	0	0	0	0	0	0	0	0	0.0305529876291233	0	0	0.045687261386586	0.0103019474149312	0	0	0.0129339881132646	0	0	0	0	0	0	0	0	0	0	0	0	0	0.0240520880740767	0	0.0359581514715835	0.027172745075009	0.0711742457582217	0	0	0.0455917011887066	0.0548881185767096	0	0	0.0957652099695626	0.0541655580435227	0	0	0	0	0	0	0.201248127951963	0	0	0	0	0	0	0
0	0.0192821919405029	0	0	0	0	0	0.057827180285681	0	0	0	0	0	0.000982035312420363	0	0	0	0	0.00751636923946771	0	0	0.0051879963756025	0.00295074038619275	0.0234697115704927	0	0	0	0	0.00953461106051982	0	0	0.0607758014680745	0	0	0.0197582484484915	0	0	0.00134466905716093	0	0	0.00116250799900616	0.00655201783764451	0	0	0	0	0.0973168736797393	0	0	0	0	0.0785138815879119	0	0	0	0.0443361796550141	0	0	0	0	0	0.0203868401013626	0	0.0150617715236663	0	0	0	0.123104639662542	0.00372741317828358	0.00222999446237991	0	0	0	0	0	0	0.0260343967324972	0	0.0490617152081753	0	0.223655620644474	0	0.0356692367757907	0.0645573558069058	0	0
0	0.0235412243761733	0	0.0174207555563589	0	0	0	0	0	0	0.0155700871313608	0	0	0	0	0	0	0	0.0366278297539666	0	0	0.0924253122732835	0.00272937322395033	0	0	0.0185369165637334	0.0766275463376478	0	0	0	0	0	0	0	0	0	0	0	0.0760777346288445	0.120971731340747	0.0194411295787671	0.000771660909923128	0	0	0.0110114795401364	0	0.15330645783822	0	0	0.063131935504227	0	0	0	0	0	0	0	0	0.0169326059940635	0	0	0	0	0	0.00760755469050655	0	0	0	0	0	0	0	0	0	0	0	0	0	0.0693625111867976	0	0.177906153571293	0	0	0	0	0
0.0143607022109696	0.0159286799720753	0	0.150942533553414	0	0	0	0.0795343777696478	0	0.0416335739216272	0.0445486741580351	0	0.0417187728219653	0	0	0	0	0.0395980641371347	0	0	0	0.0762840252655092	0.0111640152794587	0.0124240696302534	0	0	0	0.0324176005619226	0	0	0	0.0552523302609412	0	0	0	0	0	0	0.0171369027345431	0	0	0	0	0	0	0	0	0	0	0	0	0	0	0	0	0	0	0	0	0	0	0	0	0.0203857758785838	0.0393443431993408	0	0	0	0.000106100641029091	0	0	0	0.00849749537803359	0	0.0766928294009187	0	0.0221255535766555	0	0	0	0.191605139370541	0	0	0.00829844027740049	0	0
0	1.30181861850389e-05	0	0.0614660808233934	0	0	0	0	0	0	0	0	0	0	0	0	0	0.120187498532318	0	0	0	0.0804386337707268	0	0	0	0	0.0132948853479866	0	0	0	0	0	0	0	0	0	0	0	0.183304983800525	0	0	0	0	0	0	0	0	0	0	0	0	0	0	0	0.0447718476208692	0	0	0.0192409026397215	0	0	0.0444917617167621	0	0	0	0	0	0	0	0	0	0.0956197635567295	0	0.0288653627984164	0	0.0137501205273754	0	0	0	0	0.074714063641964	0.219841077037028	0	0	0	0	0
0	0.00598918809168691	0	0	0	0	0	0	0.0269726607174325	0.0486191938691012	0	0	0	0.0152878510928975	0	0	0	0.137426518390216	0.00414530864535515	0.00873094907415072	0	0	0.00705743908943088	0.00324315640291197	0	0.12605369079643	0	0	0	0	0	0	0	0	0	0	0	0	0	0.00509288014301317	0	0	0.0671586536622076	0	0	0.00629568675442519	0	0	0	0.232269862516818	0	0	0	0	0	0	0	0	0.00841973497893261	0.0646048611813068	0	0	0.0155083990395461	0	0.0062266906636814	0	0	0	0	0.00157852306043064	0	0	0.0178752510853531	0.0563396733268148	0.078644694056134	0	0	0.00316676015259858	0	0.0207991884900638	0	0	0	0.027984732916575	0	0.00450845180248619
0	0.0174861957624406	0	0	0	0	0.0163079098946125	0	0	0	0	0	0	0	0	0	0	0	0	0	0	0.00780777607737929	0.0632437454801963	0.00799499738059509	0	0	0	0.0132738322050822	0.0301309692131119	0	0	0	0	0	0.0269490153741905	0.0214193267472522	0	0.0468298102700073	0	0.0655959712784583	0	0.00535378420041253	0	0	0	0	0.0923250663475435	0	0	0	0	0.121668573408444	0.0213628596696343	0.06431939908235	0	0	0	0	0	0.0297893116412164	0	0	0.0587710496417228	0.0660805446880829	0.0144904237598276	0	0	0	0	0	0	0	0	0	0.0333091650908345	0	0	0	0	0	0.137193795686521	0	0	0.0382964771000842	0	0
0	0.00607905095147122	0	0	0	0.0279715485046706	0.0271348098755054	0	0	0	0	0	0	0	0	0	0.0482256920611001	0.0176420856983718	0	0	0	0.00630527682611194	0.038107573762627	0	0	0	0	0	0	0	0.0210812016765891	0.158740208356012	0	0	0	0.011289985068391	0	0.0265237458918183	0	0	0	0.0109295682612585	0	0	0	0	0.0351915138807938	0	0	0	0	0.0570119769551625	0	0	0	0	0	0.0243529752000772	0	0	0.00483830630076302	0	0.0674086555476055	0.0490995602682879	0	0	0	0	0	0.0113285168281821	0.0434452808641202	0	0	0.0215948739967094	0.0827221812850769	0	0	0	0	0.202975411939295	0	0	0	0	0	0
0.0267846121954652	0.018047669683802	0	0.109789349706082	0	0	0	0	0.0251831508284412	0.0999802862195193	0	0	0	0	0	0	0	0	0	0	0	0.0163218669776977	0	0	0	0	0.0282368434117607	0.00918123208041655	0	0	0	0	0	0	0	0.00492375565330717	0.0341565422743232	0	0.102900716122355	0	0.00380603357559547	0	0	0	0.0223361684283004	0.0320719796669024	0.0164127614718688	0	0.136511911487579	0	0	0.0364588314370155	0	0	0	0	0	0	0	0.00668677160905269	0	0	0	0	0	0	0	0	0	0	0	0	0	0	0	0	0	0	0	0	0	0	0.0976776501960382	0	0	0.172531866974477
0	0.0155735590911475	0.201069329565817	0	0	0	0.0321382731476921	0	0	0	0	0.0169642491851263	0	0.014919305001971	0	0	0.0105955903301079	0.0555182893741698	0	0.00242923082518806	0	0.0771930406016287	0.00175241898569835	0.00381872103220752	0	0	0.102503051867156	0	0	0	0	0	0	0	0	0	0	0	0.110303706834794	0	0.019083224092698	0	0	0.0266389907584321	0	0	0	0	0	0	0	0	0	0	0.0410170841794872	0	0	0	0	0	0	0.0227644141956975	0	0.00210224317160374	0	0	0.00811403486417656	0	0	0	0.0376115264329388	0	0.0592499737329407	0	0.0207977159945113	0	0	0	0	0	0	0	0.0937392880292563	0	0.0241027387055545	0
0	0	0	0.0117295174275517	0	0	0	0	0.0529186871694694	0.00391736350608891	0	0	0	0	0	0	0	0	0	0	0	0.0890019449633805	0	0.0280480635718901	0	0	0	0	0	0	0	0	0	0	0	0	0	0.0525528842904772	0.124569080027741	0	0	0	0	0	0	0.0164367896692262	0	0	0	0	0	0	0	0.079822515255398	0.0482143919605432	0	0	0	0	0	0	0.0179685312812986	0.00746876274663177	0	0	0	0	0	0	0	0.238173390367729	0	0	0	0.0554300326760728	0.0146663195889944	0	0	0	0	0.126388652276692	0	0	0	0	0.0326930732208154
0	0	0	0	0	0	0	0	0.0362135424332794	0	0	0	0	0.0481186286054248	0	0	0	0	0	0	0	0.0404739093173239	0	0	0	0	0	0.0517353095045437	0.0487684432385251	0	0.0261788017116196	0.0661994054696635	0	0.0516002088847913	0	0	0	0	0	0	0.00869526640123412	0	0	0	0.11917362662623	0.0508243466552366	0	0	0	0	0	0.00365029411596226	0	0.133064903817393	0	0	0	0	0.00937720880982715	0	0.0513637451221726	0	0	0	0	0	0	0	0.023588543231567	0	0	0	0	0	0	0	0.0171053664074843	0	0.0581330083661799	0	0	0.0391465657960996	0	0	0	0.116588875485442
0.0278608101088978	0	0	0	0	0	0.0155991139344983	0	0	0.0167330347894378	0.0891670510855428	0	0	0	0	0	0	0.134359702164526	0.039282991403955	0	0	0.02515001989313	0.0366972374838702	0	0	0.100948998557784	0	0.0222954921685289	0	0	0	0	0	0	0	0.00920350444748076	0	0	0	0.0311721535208761	0.00810020618130432	0.0193923865825034	0.0541940855030607	0	0	0.0100617108761224	0	0	0	0	0	0	0	0	0.0205068934673195	0	0	0	0.0431758089459834	0	0	0	0	0.00454483532067659	0	0	0	0	0.0336335099406342	0	0.107813862368289	0	0.0607692537702171	0	0	0	0	0	0	0	0.0893373374853624	0	0	0	0	0
0	0.00624594713209991	0	0	0	0	0	0.0407961263803181	0	0.0186426572902595	0	0	0	0.0148849274412501	0	0	0.0331522245581664	0	0.0410605269911251	0	0	0	0.00834324886349527	0.00589528605517695	0	0	0.116395003448056	0	0	0	0	0	0	0.0985403247190657	0.0377391955510073	0	0	0	0.0797271113444162	0.0659121788151471	0	0.00787184661073469	0	0	0.154272016236661	0.0378358908113533	0.0794484141734559	0	0	0	0	0	0	0	0	0	0	0	0	0	0	0.0546378410496403	0	0.0265912033004399	0	0	0	0	0.0129795367136256	0	0	0	0	0.0310834750437452	0	0	0.0279450174707599	0	0	0	0	0	0	0	0	0
0.0122186249087089	0	0	0	0	0	0.0058889667401212	0.0316404046804649	0	0.0388076398810449	0.183622105016106	0	0.00670258031844411	0.0211380301503318	0	0	0.043639521679594	0.0497102394707276	0.0114832231293205	0	0	0.0513534022826226	0.0304871252991713	0	0	0.14311620902641	0	0	0.00144776883654632	0	0	0.0117269607184792	0	0	0	0	0	0	0	0	0	0	0.0462754192331096	0	0	0	0.0811023723399023	0	0	0	0	0	0	0	0	0	0	0	0	0.0375482252487552	0	0	0.00136253702107516	0.102129824078282	0	0	0	0	0.00883269557226729	0	0	0	0.0365592042183999	0.0420909413097376	0	0	0	0	0	0.00111597884037676	0	0	0	0	0	0
0	0	0.0895377551377864	0.00273477623948261	0	0	0.0012182232834978	0.110963061658366	0	0	0	0	0.00302589033347376	0	0	0	0	0	0	0	0	0	0	0.00652744327343938	0	0	0	0	0	0	0	0	0	0	0	0.0151376103309556	0	0.00476934890944251	0.041025119715478	0	0.0017431394710897	0.0207635596553857	0.0819616918027899	0	0	0	0.249804236543704	0	0.0323566765518169	0	0	0.013172537802432	0	0	0	0	0	0	0	0	0	0	0	0.116060494315371	0.00122170851091278	0.019103104408942	0.0247372213197703	0	0	0	0	0	0.00554565226976891	0	0	0	0	0	0.0967441860057344	0	0	0	0.0268230856027473	0.0350234768576134	0	0
0.00321192972457531	0	0.149001682470345	0	0	0.00535157205244133	0	0	0	0.0760051887334055	0.0854116704596313	0	0	0	0	0	0	0	0.000956488328726464	0.0110580042640741	0	0.0579013708976174	0.0540530474424475	0.0354206887214141	0	0.00555449678624135	0	0	0	0	0.0182721492931435	0	0	0	0	0	0	0	0.0585824342445976	0.0796204567405856	0.0102840766658251	0	0.0540564442340611	0	0	0.0325797310997118	0	0	0	0	0	0	0	0	0	0	0	0	0	0.0600109752034823	0	0.0190458026289655	0	0	0.00752531437597408	0	0	0	0	0	0.00487765748257405	0	0	0	0	0	0	0	0	0	0.152121548875416	0	0	0	0	0.0190972692747432
0	0	0	0.00697147330316639	0	0	0	0	0	0.0252568475634597	0	0	0	0	0	0	0	0.0876457183688184	0	0	0	0.0306404300101427	0.0291203919185273	0.0107952227358722	0	0.0751716895985177	0	0	0.0251173958763641	0.037329444849338	0	0	0	0	0	0	0	0	0.0333336550179547	0	0	0	0	0	0.00715569361561943	0	0.201208938828037	0	0	0	0	0	0.0080301283624969	0	0.108341241274812	0	0	0	0	0	0.0131135942036828	0	0	0.0793663129122093	0	0	0	0	0.00559003913213425	0.00325862153510497	0	0	0.0308209275320082	0	0	0	0	0	0.0557101052823284	0	0.0206288308938671	0	0.101113591198303	0.00427970598723544	0	0
0	0	0	0	0	0	0.0135479603258458	0.046865988281291	0	0.0507921282670735	0.010716315162387	0	0.0011928321037671	0.00641485478757774	0	0	0	0.0304959881979759	0.01323063150102	0	0	0.120266920418637	0.00727664898487775	0	0	0	0	0	0	0	0	0.0723505335894232	0	0	0	0	0	0	0	0	0	0	0.0703178651552909	0	0	0	0	0	0	0	0	0.0129620268958985	0	0	0	0	0	0	0	0.0590373147957003	0	0	0.0473226630385955	0.171780201750601	0	0	0.013987339502183	0	0	0	0	0	0.0746515065420452	0	0	0	0	0	0	0	0.120155195190681	0	0	0	0	0.0566350855091281
0	0	0	0.0339249768553002	0	0	0	0	0	0.0251242074907695	0	0	0	0	0	0	0	0	0.0287368219472224	0	0	0.168341131548658	0.0121813282408704	0	0	0	0	0.0571433722485829	0	0	0.0090462027460385	0	0	0.0553554101783871	0	0	0	0	0.121056666612661	0	0	0	0	0	0.0210042002721319	0	0	0	0	0	0	0	0	0	0	0	0	0.00588807763943848	0	0	0.0423963049042207	0	0	0	0	0	0	0.087261998758856	0	0	0	0	0	0	0	0	0	0	0.00194042346464784	0	0.231748998606147	0	0	0.0235258500735793	0	0.0753240284124892
0	0	0	0.156072245835603	0	0	0	0	0	0.010285502331111	0.00770472066921329	0	0.00641457696037473	0	0	0	0	0.113867207269375	0	0	0	0	0.0434309196198164	0.00869529940260895	0	0.029722367576805	0	0.0119921939970211	0.0231316397766278	0	0	0.016878800030039	0	0	0	0	0	0	0	0	0	0	0	0	0.0153399103820519	0	0.197992356409212	0	0	0	0	0	0	0	0	0	0	0	0	0	0.014750341486783	0	0.00287775117279202	0.0491108852312997	0	0	0	0.00138266555168107	0.0268246052990648	0	0	0	0.0189632525205499	0.0111642022566313	0	0	0	0	0.13104038765285	0.00750475074842307	0.0948534178200659	0	0	0	0	0
0.0218590117766084	0.0194455160389364	0	0	0	0	0	0.0180577993375395	0	0	0	0	0	0	0	0.0100345085794892	0	0.0193696648941046	0.0143115306862506	0	0	0	0	0	0	0.053768121782729	0	0	0	0	0	0.0549489683452875	0	0.107573024192248	0	0	0	0	0.112765206045822	0.0853037164518123	0.0685720962103171	0	0	0	0	0.00292069740231428	0.0916874836106757	0	0	0	0	0	0	0	0	0	0	0	0	0	0.0286843432784192	0.00493309497424584	0.00475792583570564	0	0.0139133636382926	0	0	0	0	0	0	0	0	0	0	0	0	0	0	0	0.220219896487817	0	0.0380851710886713	0.00878885934271373	0	0
0	0	0	0	0	0	0.0207094493064216	0	0.0383205065816892	0.0470744199192297	0.0272598652702211	0	0	0	0	0	0	0	0.0105110654545284	0	0	0.0895851808404354	0.0360630549238253	0.00311455521697298	0	0	0	0	0	0	0	0.0466861167442879	0	0	0	0	0	0	0	0.133132625418298	0	0.00455205652425813	0.0241748675118845	0	0	0	0	0	0	0	0	0.0368731043106166	0	0	0.0755406817248638	0	0	0	0	0	0	0	0	0	0	0	0	0.0980610259694373	0	0	0	0	0	0.0162710397714214	0.0355581518588312	0.15728726102245	0.00212653294111379	0	0	0.0891015961105564	0	0	0	0	0	0.00799684257865784
0.0387289755026736	0	0	0	0	0	0	0	0.00549365628304101	0.0043406881574872	0	0	0	0	0	0	0.00870244019406102	0	0.024102714321811	0	0	0.0887833696708197	0.0664624867388755	0	0	0	0	0	0.00879881496940185	0	0	0	0	0.0484709794659097	0	0.0189417910614222	0	0	0	0	0.0269615484568888	0	0.0166253454520307	0	0.0415042541698572	0.0493343759383028	0	0	0	0	0	0.0604918601583796	0	0	0	0	0	0	0.00130492937340299	0.00323925192261486	0	0.00232753552841324	0.0523412956143344	0.0234632098454955	0	0	0	0.00291326422913647	0	0	0	0	0	0	0	0	0.0445813806883101	0	0.0778625194271911	0	0.257397034465941	0	0	0	0	0.0268262783641981
0.00864109874287111	0	0	0	0	0	0	0	0.013454914601208	0	0.00976338829409382	0	0	0	0	0.0080168106089526	0	0	0	0	0	0.123183065059475	0.0821012153050512	0.0363311184242864	0	0	0	0	0	0	0	0	0	0.0715248802984364	0	0	0	0.120387207911655	0	0.233072849721405	0	0.0217421445512017	0.00434040203045215	0	0	0	0.0850644704612189	0	0	0	0	0	0	0.0284415277023849	0	0	0	0	0	0	0	0	0.00384789433708074	0.0487934597867557	0	0	0	0	0.013732964897675	0	0	0	0	0	0.00295883743669681	0.0787393804159252	0	0.00586236941317524	0	0	0	0	0	0	0	0
0.00554983906414325	0.0209502103766066	0	0.00269645672246192	0	0	0.0242944060685518	0	0	0	0.0726828395947686	0	0	0.00390294651030479	0	0	0	0.0730948040588657	0.0322200634795392	0	0	0.0067217993233004	0	0	0	0.0260186717598746	0	0	0.0190569220354675	0	0	0	0	0	0	0	0	0	0	0.0296542060880197	0	0	0	0	0	0.0162628760359789	0	0	0	0	0	0	0	0	0.0426918636710117	0	0	0	0	0	0.165808905529076	0.0270978632571729	0.0334759472029296	0	0	0	0.0634529990593843	0.0246970734410805	0.0082343731110618	0	0.100542748667785	0	0	0	0	0	0	0	0.109741573691489	0.0260754490990143	0.0650751621521127	0	0	0	0	0
0	0.012527315574016	0	0.0482889368937711	0	0	0	0	0.0396038238083961	0	0.019287955849107	0	0	0	0	0	0	0.0143069656015721	0	0	0	0.00971209715588174	0	0	0	0	0	0.014275774421224	0.0170024802565012	0	0.00636519537737181	0	0.0110221784547352	0	0	0.0267813235056106	0	0.0249703925183405	0.0788063062607495	0.0478357851771768	0	0.0166153512809738	0	0	0	0	0.115882235454994	0	0	0	0	0	0	0	0	0	0	0	0	0.0500317232044022	0.0342284112439969	0	0	0	0	0	0	0.0671683436889359	0.0136491963033596	0	0	0	0	0	0.103189500619413	0	0	0	0.0350692588851483	0	0.103696494538209	0	0	0.00195162845215127	0.00142056668688854	0.0863107587870743
0.0493542403772092	0.0169201191394519	0	0	0	0	0	0	0	0.0384235754074176	0.049116012743235	0	0	0.00557732903168894	0	0	0	0	0.0185830870089905	0	0	0.107483307707374	0.00639083751166452	0	0	0	0.0379167040123722	0	0.0119837606170977	0	0	0.0502388945288944	0	0.0222355684864944	0	0	0	0	0	0	0	0	0	0	0	0	0	0	0	0	0	0.195438122429412	0	0.00465296998026626	0	0	0	0	0	0	0	0	0	0.0680499800414191	0	0	0	0.124414787189413	0.000849967355802185	0	0	0	0.00782247199223437	0	0	0.0117304766457618	0.00827375442366101	0	0	0.00635531364606437	0	0	0	0	0	0.158188719724075
0.0385254273313472	0	0	0	0	0	0	0	0	0	0	0	0	0	0	0	0	0.0615291546490391	0.0125160001844116	0	0	0.116789547631188	0.0548913254583471	0	0	0	0	0	0	0	0	0.0428249811062133	0	0	0	0	0	0	0.0182977778731984	0.0271404213191464	0	0	0.168600299129721	0.00231977359636011	0	0	0.064635703362183	0	0	0	0	0	0	0	0.0382326792440277	0	0	0	0	0	0	0.0155304444724524	0	0	0.00807956085547328	0	0	0	0	0	0	0	0	0	0	0	0	0	0.115340225130654	0	0	0	0.107711397455663	0.0265904824325911	0	0.080444798767982
0	0	0.00964275327886672	0.0785050131014013	0	0	0	0.0763603267863726	0	0	0.0252056533762986	0	0.0272043226345511	0.00845636240853804	0	0	0.00725062482252534	0	0	0	0	0.0459508898237444	0.0137468988669115	0.0122663030098404	0	0	0	0.125118609703363	0.00865303785369665	0	0	0	0	0	0	0	0	0	0	0	0	0.0215903623185968	0.0808538047256585	0	0	0	0.224239027700301	0	0	0	0	0	0	0	0	0	0	0.0228882746720083	0	0	0	0	0.04060978016847	0.0413750453268504	0	0	0	0	0	0.00713734129830652	0	0	0	0	0	0.0178886884714477	0	0	0	0	0	0	0	0	0	0.105056879652251
0	0	0	0	0	0	0	0.00630214248365187	0.00142486371848131	0.063057678889837	0	0	0	0.00956582687759156	0	0	0.0557631699570159	0.0986169017585772	0.00205445116905169	0	0	0.0681119543039796	0.00448891669203477	0.0244295726695569	0	0	0.0433917866561618	0	0.0442015134240578	0	0	0	0.0786446347214772	0	0	0.0183129236642601	0	0	0	0	0	0	0	0	0	0.0132759922636694	0.103563185744248	0	0	0	0	0.0400124389103626	0	0	0	0	0	0.0366191439885375	0.000376314559071852	0.090673979340146	0	0	0.0093827944517785	0.0448023246629877	0	0	0	0.0138320567892353	0.0182550505726166	0.0190911424671812	0	0	0	0.0326459483601519	0	0	0	0	0	0	0	0	0	0	0	0.0591032909042784
0	0	0	0	0	0	0	0	0.00401248068115238	0.026594929842003	0.00307818976514362	0	0.000716101252670727	0	0	0	0	0.0338686747901029	0.0114581519353936	0	0	0.130815350337074	0.0483167178936678	0	0	0	0	0	0	0	0	0	0	0	0	0	0	0.0340208987598423	0	0.0322931445852615	0.0439395445926746	0	0.0632247106723615	0	0	0	0.0619932813015588	0	0	0	0	0	0	0	0	0	0	0	0	0	0	0	0.0729232798248037	0.0452162382083582	0	0	0	0	0	0	0.0455129241866657	0	0.0242763902737736	0.090206554656698	0	0	0.0149783799771591	0	0	0	0	0	0.097237714065311	0.115316342398324	0	0
0.0335002853779199	0	0	0.141432998586573	0	0	0	0	0	0	0	0	0	0	0	0	0	0	0	0	0	0	0	0	0	0.045300650619199	0.0542622401892495	0	0	0	0	0	0	0	0	0	0	0	0.143303867795362	0	0.0285705859076903	0	0	0	0.0818439947462478	0	0	0	0	0	0	0	0	0	0.0118136548810669	0	0	0	0	0	0	0	0	0	0.000865101906404324	0	0	0	0	0	0	0	0.02990046614063	0.0467410307513224	0	0	0	0	0.177244414861563	0.163302840761906	0	0	0	0.0419178674748666	0	0
0	0	0	0	0	0	0.0333209254995598	0.00492035170018398	0.0417859440250126	0	0	0	0	0	0	0	0.00540781486129254	0	0.0322713727941675	0	0	0.0253199620862546	0	0.0104657643571264	0	0	0	0	0.0740684563319928	0	0	0	0	0.0462058675597166	0	0	0	0	0	0	0	0	0	0	0	0	0	0	0	0	0	0	0	0	0	0	0	0.00666780122883524	0	0	0.0537987844868182	0.0185177739379173	0	0.054173050218079	0	0	0	0	0	0	0	0	0	0.0244832409071126	0	0	0	0	0	0	0.385945608571548	0	0	0	0	0.182647281434383
0	0.0218110721547754	0	0	0	0	0	0	0	0.0418316145621254	0	0	0	0	0	0	0.0394246880621766	0	0.0267865483628297	0	0	0.170074416791217	0.0171080756912988	0	0	0	0	0	0.0224662003423897	0.00085182262534335	0	0	0	0	0.00224924410041665	0	0	0.0703063524907165	0	0.0675269690663313	0.00159743938203594	0	0	0	0	0	0.107495466013558	0	0	0	0	0	0	0	0	0	0.0274788909540154	0	0	0	0	0	0.00687434236087412	0.0688938711803026	0	0	0	0	0	0	0	0	0	0.0185072149839218	0	0	0	0	0	0.0455452184164429	0.243170552459229	0	0	0	0	0
0	0	0.0112096378354159	0.085372357385641	0	0	0	0	0.0788057096788773	0	0.0518875349873344	0	0	0	0	0	0.0302750689274066	0	0.0042535162921412	0	0	0.0105426251296496	0.000810677526802696	0	0	0.154888394636267	0	0	0.0076639106056954	0	0	0	0.199066210177612	0.0711921590188167	0	0	0	0	0	0.0116043419638382	0	0	0	0	0	0.00940995269092472	0.0896587431562084	0	0	0	0	0	0	0	0	0	0	0.000426183529934581	0	0.0411653623655666	0	0.00982769267901669	0.0530591039635669	0.0368055166381262	0	0	0	0	0	0	0	0	0	0	0	0	0.00318594394043334	0.0173373455340316	0	0	0	0	0.0215520113366931	0	0	0
0	0	0	0	0	0	0	0	0	0	0	0	0.0186959423206572	0	0	0.00482374696759537	0	0.0827335332803973	0.0274743644086454	0	0	0.119437267322203	0.0115357590229017	0	0	0.0526507010537831	0.0526342079088685	0.0177566669582016	0.00861643154454942	0.0126084290346882	0	0.10376036865936	0	0	0	0	0.0103766816239402	0	0	0.123384414662656	0	0.0348424745762244	0	0	0.0266945144600498	0	0	0	0	0	0.00282098059300054	0	0	0	0	0	0	0	0	0	0.0169575118210824	0	0	0	0	0	0	0.0486420629006242	0.0183387711106205	0	0	0	0	0.050082663197417	0	0	0	0	0	0	0.0404934494244008	0	0	0.0374789621181145	0	0.0771600950300188
0	0.010248213617928	0	0	0	0	0	0	0.0301069322322712	0.0788720633352778	0	0	0.000285408756027047	0	0	0.000489732973247568	0	0	0	0	0	0.123104200439919	0	0.00473347037661108	0	0	0	0	0	0	0	0.0118282930305261	0	0	0	0	0	0.0294048705431384	0.140956018326098	0	0.0145367374256794	0	0.0586648136377342	0	0	0	0.0868815392779921	0	0	0	0	0	0.0113433918273868	0	0	0	0	0	0	0	0	0	0.0434880756789844	0.0113352795622021	0	0	0	0	0.0456640175873715	0.00451228705657664	0	0	0	0	0	0	0.00603207982339229	0	0	0	0.257210841137098	0	0.00726081441187186	0.0230409189426662	0	0
0	0	0.00197628248979847	0	0	0	0	0	0	0	0	0	0	0	0	0	0	0.0299529892234821	0	0	0	0.095700057180989	0.00849177216709959	0	0	0.0083092094069816	0.0490083128015663	0	0	0	0	0	0	0	0	0	0	0.0112546952319323	0.211057154886453	0	0	0	0	0	0	0	0	0	0	0	0	0	0	0.0269350118279297	0.0631001990704987	0	0	0.00510112840712122	0	0	0.0387573908793733	0	0.00961986674474258	0.0517461212526154	0	0	0.116275449371517	0.0398496068483865	0.00708030574671864	0	0	0	0	0	0	0.213581756442079	0	0	0	0	0	0	0.0120441473117109	0	0	0.000158542709004763
0	0.0159311865802613	0	0	0	0	0	0	0	0	0	0	0.000940219294241516	0.010750269599069	0	0	0.0448006242314161	0.0235211633651333	0	0	0	0.000579838017446394	0	0	0	0	0	0.0151719916564786	0.0277377499397042	0	0	0.00988952948262848	0	0.0346969373357969	0	0	0	0	0	0.0140464357166958	0	0.00879267412514935	0.00961590264016248	0	0.0697875337621673	0	0.146741521049151	0	0	0	0	0.0413447142092564	0	0	0	0	0	0	0	0	0	0	0.0464260253092288	0.0130841455298068	0.0137938659126849	0	0.022832229911692	0.0531127336490507	0	0	0	0	0	0	0.0240902650508826	0	0	0	0	0	0.303015381475778	0	0	0.000980369770285141	0.0137092213010294	0.0346074710848031
0	0.050200704593138	0	0	0	0	0	0	0	0	0.0816992973226709	0	0	0	0	0	0	0	0.0632316805802732	0	0.0211518814379663	0.0901999401712599	0.0205939387755543	0	0	0	0	0.00564251199811208	0	0	0	0.116836667059246	0	0	0	0	0	0	0	0.0980770873813283	0	0.0801327190021419	0	0	0	0	0.035126926569212	0	0	0	0	0	0	0.0769231768149803	0	0	0	0	0	0	0	0.00521281512123756	0	0	0	0	0	0	0	0.00611107903339114	0	0	0	0	0.00542095148290453	0	0	0.00559112911745471	0	0	0.119678658146393	0	0.09074698956863	0.0274218458241058	0	0
0.0242361257090911	0	0	0.117880126622332	0	0	0.0153552701435434	0.029447669363284	0.0216957508581849	0.085053087153876	0	0	0	0	0	0	0	0.171125681358219	0	0	0	0	0.0117516185937923	0.0215273138250836	0	0	0.0558117783697749	0.010021662563226	0.0281067352015002	0	0	0.0897308007736348	0.0438120403554464	0	0	0	0	0	0	0	0	0	0	0	0	0	0	0	0	0	0	0.0413000213362392	0	0	0	0	0	0	0	0	0.0427650117491533	0	0	0	0	0	0	0	0	0	0	0	0.0257468289041109	0.0726322094459865	0	0	0	0	0	0.0781959954000866	0	0	0	0.00771297819763404	0	0.00609129407580117
0.00873530630066985	0.0348760882487245	0	0	0	0	0	0	0.0289685675474033	0	0	0	0	0.00573688464870661	0	0	0	0	0	0	0	0.178984615946228	0	0.0100344137877004	0	0	0.0426178306896778	0	0.0401004835368541	0	0	0	0	0	0	0.0129599174600604	0	0.0109914379764406	0.023459995894789	0.0341488127595438	0	0.0107171403684766	0	0	0	0	0.0907031452768619	0	0.0349428287087999	0	0	0	0	0	0	0	0	0	0	0	0.0187352096445508	0.00064947415217446	0.0191100049783422	0.0579412793280212	0	0	0	0	0	0	0	0	0.0242788699114073	0.0600637465277002	0	0	0	0.0232316758130821	0	0	0	0	0	0.0462284097822361	0	0.181783860711549
0	0	0	0	0	0	0.152471887996894	0.00489239308617714	0	0.0965135610267321	0	0	0	0	0	0	0	0	0.0154165838505876	0	0	0.0925693127164269	0.0183472200156897	0	0	0	0.049345379743973	0.0923472644673387	0.0239367428210507	0.062545629780934	0	0.0567888458207397	0	0	0.0251540550324581	0	0	0	0	0.0369061685369989	0.0209554136878016	0	0	0	0.0481180692205253	0	0	0	0	0	0	0	0	0	0	0	0	0	0	0.0541780221574944	0	0.0187334148087465	0	0	0	0.00451942422011431	0	0	0	0	0	0	0.016550967128506	0.0365897585295836	0	0	0	0.0350066251012308	0	0	0.0187296907818689	0	0	0.0193835694681279	0	0
0.054789778077664	0.0355830185229517	0	0	0	0	0	0	0.109654922865152	0.0328325170633554	0.0666070811253646	0	0	0	0	0	0	0	0	0	0.00234145927466478	0.149631519943216	0.00524278397880753	0	0	0	0	0	0.00331684177811433	0	0	0	0	0	0.0466723024472279	0.00331628099920581	0	0	0	0.0119884479354847	0.0241385759178197	0	0.0143928598282854	0	0	0	0	0	0	0	0	0.0991608449109942	0	0	0	0	0	0	0	0.0697201044676525	0	0	0.0648324978026882	0	0.00104999528848636	0	0	0.028860557605413	0.0354419326657146	0	0	0	0.0456773977697221	0	0	0	0.00242866328937735	0	0	0	0	0	0	0.0466123657380572	0	0.045707250704581
0	0.0483029273891143	0	0	0	0	0	0	0.0495184730096551	0	0.0563475874284931	0.0846801007568015	0	0	0	0.0608802212547655	0	0	0	0	0	0	0	0	0	0	0	0.063161259227885	0	0	0.0722799841497796	0.0130308908044724	0	0	0	0	0	0	0	0.0251389568308942	0.0137396025533301	0.043898483999805	0	0	0	0	0.012034491002248	0	0	0	0	0.0728044405037846	0.042723143220453	0	0	0	0	0	0	0.0140448000098133	0	0.00463298541941314	0	0.0286612269850543	0.00404212390379806	0	0	0.158184503414727	0.00760856535193384	0	0.0149025991759088	0	0	0	0	0	0	0	0	0	0	0	0	0	0.0780425916575261	0.0313400419503438
0	0	0	0	0	0	0.0424372356167908	0	0	0.00308749269125079	0	0	0	0	0	0	0	0.0784955511825702	0	0	0	0.113650583946238	0.0268413184234428	0	0	0	0	0.00204822708173324	0	0	0	0	0	0	0	0	0	0	0.0949716731237779	0	0.0203042167511614	0	0	0	0	0.0424013272056004	0	0	0	0	0	0	0	0	0	0	0	0	0.00915625944435586	0.154552403969806	0	0	0.060511063230941	0	0	0	0.0541049317242422	0	0.0513268679706866	0	0.0574461214062881	0	0	0	0	0	0	0	0	0.0817758170243454	0	0	0	0	0	0.10688890920677
0	0	0	0	0	0	0	0.0102999436219993	0	0	0	0	0	0	0	0	0	0	0.01517721433242	0	0	0	0	0	0	0	0	0.0538821998521461	0	0	0.0503290897754053	0	0	0	0	0.00447820860652723	0	0	0.09466218261752	0	0	0.0238505196116789	0.0106145719322245	0	0.114736197676392	0.0486501999233143	0.105957793323838	0	0	0	0	0	0	0	0	0	0	0	0	0	0	0.028326436132601	0.0166271423906253	0	0	0	0	0	0	0.0325412892407982	0	0	0	0.0178582817544058	0	0	0	0	0.34885122821564	0	0	0	0	0.0231575009924636	0	0
0	0.00166454605366378	0	0	0	0	0.0653630914341261	0	0	0.0268616062166837	0	0	0	0.0100322556911871	0	0	0	0	0	0	0.0575474518898672	0.160344631893237	0.0161469936113475	0.00551823092604397	0	0	0.0409679042963681	0	0	0.0247130812016136	0	0	0	0.0525634859747091	0	0	0.0559655489795167	0	0.00144597153290252	0	0.0836124106145364	0.0166358121582198	0	0	0	0	0	0	0	0	0	0	0	0	0	0	0	0	0	0	0.0363563840465863	0.0370640045450063	0	0.0756316627735928	0	0	0	0	0	0	0	0	0.0763490653759625	0	0	0	0.0111585208053821	0.0171916775430669	0	0.121392458729149	0	0	0	0.00547320370723127	0	0
0.00260454709536729	0.0285275381859942	0	0	0	0.0362927170068913	0	0	0	0.0396715198862561	0	0	0	0.010007512994785	0	0	0	0.166325430584998	0	0.0135567957825567	0	0.0220956943631832	0.00684101126736099	0	0	0	0	0	0	0	0	0	0	0	0	0	0	0	0	0	0.00798721816208846	0	0	0	0	0	0	0	0	0	0	0.103996963706748	0	0	0	0	0	0	0	0.0500679222472142	0.0364740240469045	0.0103997573883082	0.013680639319781	0	0	0	0	0	0.0280333914621545	0	0	0	0.146720356989257	0	0.0380845197842489	0	0	0	0	0	0.169161044711995	0	0	0.047791204300377	0.0216801907135305	0
0	0	0	0.0198344907111342	0	0.0333175767927887	0	0	0	0	0	0	0	0	0	0	0	0.00931091561471815	0	0	0.0717888887159857	0.075025780733173	0	0	0	0	0	0	0.05541901889549	0	0	0	0	0.0126359196964523	0	0	0	0	0	0.00661681410974837	0.00620209661665529	0	0	0	0	0	0.121245673323419	0	0	0	0	0.0289566626834371	0	0	0	0	0	0	0	0.00447688096326117	0	0	0.00119929998139987	0.0315996421557126	0.00515451138760756	0	0	0	0	0	0.049299735336852	0	0	0	0	0	0	0	0.313529679775488	0.127669695877314	0	0	0	0	0	0.0267167166293622
0	0.0217218160231204	0	0.0265579115796578	0	0	0.0498730601786867	0	0.0574534022393418	0.00600454625043329	0	0	0.00107157528322808	0	0	0	0	0	0.00501577018317406	0	0	0.0826530340868377	3.11182437748645e-05	0	0	0.0293710506107819	0	0	0	0	0	0	0	0	0	0	0	0	0	0	0	0	0	0	0.0718156094139337	0	0	0	0.0382613097316105	0	0	0	0	0	0.102688718894294	0	0	0	0	0.000905298733388525	0.0211475314595274	0	0	0.109268942438504	0	0	0	0	0	0	0	0	0	0	0	0	0	0	0	0.0326822888540042	0.247902669917927	0	0.00694601236219527	0	0	0.0886283335155785
0	0	0	0	0	0	0	0	0.00529306597954673	0	0	0	0	0	0	0	0	0.0779827095513761	0.010946018478353	0	0.0188623522128108	0.138166030081682	0.0312949941962035	0.0142043723057813	0	0	0.0279414772301315	0	0	0	0	0.0287922221065202	0	0	0	0	0	0	0	0	0	0	0	0	0	0	0.0182804619396013	0	0	0	0	0.246093698070833	0	0	0	0	0.083481763214107	0.000902704636562801	0.0161475865037421	0	0	0.0648117743590031	0	0.0496148040000793	0	0	0	0	0.00315351281932703	0.0114468232798515	0.0113315503372137	0	0.0821660486678242	0	0	0	0	0	0	0.0488813746363687	0.0102046553930816	0	0	0	0	0
