"SBS1"	"SBS2"	"SBS3"	"SBS4"	"SBS5"	"SBS6"	"SBS7a"	"SBS7b"	"SBS7c"	"SBS7d"	"SBS8"	"SBS9"	"SBS10a"	"SBS10b"	"SBS10c"	"SBS10d"	"SBS11"	"SBS12"	"SBS13"	"SBS14"	"SBS15"	"SBS16"	"SBS17a"	"SBS17b"	"SBS18"	"SBS19"	"SBS20"	"SBS21"	"SBS22a"	"SBS22b"	"SBS23"	"SBS24"	"SBS25"	"SBS26"	"SBS27"	"SBS28"	"SBS29"	"SBS30"	"SBS31"	"SBS32"	"SBS33"	"SBS34"	"SBS35"	"SBS36"	"SBS37"	"SBS38"	"SBS39"	"SBS40a"	"SBS40b"	"SBS40c"	"SBS41"	"SBS42"	"SBS43"	"SBS44"	"SBS45"	"SBS46"	"SBS47"	"SBS48"	"SBS49"	"SBS50"	"SBS51"	"SBS52"	"SBS53"	"SBS54"	"SBS55"	"SBS56"	"SBS57"	"SBS58"	"SBS59"	"SBS60"	"SBS84"	"SBS85"	"SBS86"	"SBS87"	"SBS88"	"SBS89"	"SBS90"	"SBS91"	"SBS92"	"SBS93"	"SBS94"	"SBS95"	"SBS96"	"SBS97"	"SBS98"	"SBS99"
0	0	0.0285764414357171	0	0	0	0.016354186508777	0	0	0	0.0378470241718795	0	0	0.0112041501477879	0	0	0	0.039193322628511	0.0131188240181629	0	0	0.0471901977842667	0.00924285959652151	0	0	0.0280254512173257	0.0102571096461832	0	0.0169829741941322	0	0.0129300657464989	0	0	0	0	0	0	0	0	0	0	0	0	0	0.0333742051350736	0.0151725306690129	0.102174038560449	0	0	0.0801859142827628	0	0.00960367482484168	0	0	0	0	0	0	0	0	0	0	0	0.01030268276018	0	0	0	0	0	0	0	0	0	0.0188423097594836	0	0	0	0	0.250894069841309	0	0.12399643897603	0.0388659565289296	0	0	0	0.0456655715661651
0	0.00354969332879724	0.186579369935803	0	0.102320155922968	0	0.00335579087552021	0.00224307764299486	0	0	0.0398114446848514	0.0270126029620469	0	0	0	0	0	0.104679353570174	0.00260148798101806	0	0	0.0157848309338226	0.00815907524090406	0	0	0.0307272538245856	0.00852466474006783	0	0	0	0	0	0	0	0	0	0	0	0	0.0290806467858631	0	0.00277372020526123	0	0	0	0	0	0	0	0	0	0	0	0	0	0	0	0	0	0.0184694936223578	0	0	0	0	0	0	0	0	0.0164423340598517	0	0	0.0129769094583878	0	0.0350420877167432	0.0188290951742589	0	0	0	0.148870544715737	0	0.167344222196057	0	0.0148221444219282	0	0	0
0	0.00464140018442779	0.0759067032283159	0.0082152424540774	0.0499588377934309	0	0	0	0	0	0	0	0	0	0	0	0	0.00728376296512149	0	0	0	0.0527317065496009	0	0	0	0.00364447391575929	0.029989545595658	0.0149966972697096	0	0	0	0	0	0	0	0.0144759103732877	0	0	0.0223413639121732	0.0059104890750053	0.013095152806702	0	0	0	0	0	0	0	0	0.286659982271615	0	0	0	0	0	0	0	0	0.0097551623884268	0	0	0	0	0.00870077364298535	0	0	0	0.0332647892084572	0	0	0	0	0.0233048825079775	0	0.036376497099966	0.120345695504504	0	0	0.021634133533019	0	0.149430531220672	0	0	0.00733626649910739	0	0
0	0.00945801525992139	0.182243329837864	0	0.145479068653992	0	0	0	0.0148022788067285	0	0	0	0.00390427429275861	0	0	0	0	0	0	0	0	0.040898857310839	0.0165566609695551	0	0	0	0	0	0.0114271376221459	0	0	0	0	0.0157421467588307	0	0	0	0	0	0	0	0	0	0	0	0	0	0	0	0	0	0	0	0	0.00483483296202681	0	0	0	0	0	0	0	0	0.0248061758439869	0	0	0	0.00818685365400922	0.00293310027905972	0	0	0	0.0202560604019346	0	0	0.0191277256872122	0	0	0.255644812243271	0	0.215618318307631	0	0	0.00808035110823371	0	0
0.00470148527264857	0	0	0	0.155003725474866	0	0.0540706159534301	0	0	0.0228597217598585	0	0	0	0	0	0.00595723984520093	0	0.0719560934169168	0	0	0	0.00369120245825715	0	0	0	0	0	0	0	0	0	0	0	0	0	0	0	0	0	0.0053059383584889	0	0	0	0	0	0	0.0812010259731494	0.0117790092263431	0.0179967746988146	0.0579487151578815	0	0	0	0	0	0	0	0	0	0	0.00872868183924954	0	0.00831136471433767	0.027994853007216	0	0	0	0	0	0	0	0	0	0	0	0.0504382540521689	0	0	0.0425399189781607	0	0.309137997150596	0	0.0371050459804761	0.0183164559440381	0.00495588073790118	0
0	0	0.0516974797969415	0	0.300514892509953	0	0.0103887334442197	0.0128220219141207	0	0	0	0	0	0	0	0	0	0.00544386198205501	0	0	0	0.0570456885184048	0.012835836854012	0	0	0	0	0	0.0207020452146164	0	0	0	0	0	0	0	0	0.00512652617012813	0.0643047699138231	0.0184837676492426	0	0	0	0	0.0432781279197042	0	0	0	0.0225429110827083	0.0260899852482984	0	0	0	0	0	0	0	0	0	0	0.0140227456015345	0	0.00817601046192645	0.00487469584065287	0	0	0	0	0	0	0	0	0.0156773762926423	0.0158418088090651	0	0	0	0	0.0819955348216452	0	0.208135179954306	0	0	0	0	0
0	0	0.0846587346156007	0.0960407890095932	0.00279436847501191	0	0	0.020518723966307	0	0.0173126691503904	0	0	0	0	0.00535159360863571	0	0	0	0.00315855620501035	0	0	0.0873483542698392	0	0	0	0	0	0	0.00305753585224967	0	0.0237291415536158	0.028158398987024	0	0.0519575641150479	0	0	0	0	0	0.0263149128566229	0	0	0.0501445897674222	0	0.0284434739859056	0	0.0251773026114069	0	0	0.197649167231402	0	0.01224333165522	0	0	0	0	0	0	0	0.0302405584898245	0	0	0	0.0186392416747645	0	0	0	0	0	0	0.0176477319501377	0	0	0.00723667431317384	0	0	0	0	0.114073896705428	0	0.0408620609635324	0	0	0.00724062798683381	0	0
0	0.0050647561332621	0.244411315652561	0.085715868133178	0	0.0178334015426486	0	0	0	0	0	0	0	0	0	0	0	0	0	0	0	0.096555803004825	0.026088583091923	0	0	0.0296560400685033	0	0.00368845779470161	0	0	0	0	0	0	0.00603709678427273	0.012060788237114	0	0	0.00494867106694993	0.0221733222073515	0	0	0.0249962211170166	0	0.0202148559953266	0	0	0	0	0.100480131922395	0	0.0298240654447723	0	0	0	0	0	0	0	0	0	0	0	0.0247025660511026	0	0.0028195174646915	0	0	0	0	0	0	0.0150898123328731	0.00348500818723796	0	0.0120668238481442	0	0	0.135723514168633	0	0.0763633797505166	0	0	0	0	0
0	0	0.149488694500805	0	0.134650048714545	0	0	0.0183529244978387	0.00531786619012238	0	0	0	0	0.00801130996649168	0	0	0.00410530167332624	0.0208623312618278	0.0109838667603664	0	0	0.0206617976840394	0.0258770605959845	0	0	0	0	0.00921685564162289	0.00445588344947163	0	0.00868757619546495	0.0374452492945937	0	0	0	0	0	0	0	0	0	0.0147400880547562	0	0	0	0	0.0630312307817193	0	0	0	0	0	0	0	0	0	0	0	0	0	0	0	0	0	0	0	0	0	0	0	0	0	0	0	0.0287931478684847	0	0	0	0.161627152761457	0	0.232937084726466	0	0.0096684575992208	0.0310860717813949	0	0
0	0.00153881263267918	2.04102310570686e-08	0	0.0370652377567435	0	0	0.0252301806506693	0	0	0	0	0.00361500938687152	0	0	0	0	0.0235242910366385	0	0	0	0	0	0	0	0	0	0	0.0123718598842754	0	0	0	0	0	0	0	0.0245532241546172	0	0	0.0544808453118089	0	0	0.0551555507790114	0	0.00800253618967036	0.0203913317641486	0.0700346337046658	0	0	0.239742250282919	0	0	0	0	0.00308938601976819	0	0	0	0	0	0	0	0	0.0436733172593421	0	0	0.0141126989061243	0	0.00275982979741007	0	0	0.00443344744248484	0.00931056003729849	0	0	0	0	0	0.136778080376296	0	0.15914271771582	0	0	0.0187938172648424	0	0.032200361235664
0	0	0.183954616762879	0	0.127019116559551	0.00431523971789434	0	0	0	0.00822297285310187	0.0137733436797653	0	0	0.00487848376226761	0	0	0	0.0219332093156784	0	0	0	0.0336057419898597	0	0	0	0.0424315496945966	0	0.0175700512923224	0	0	0	0	0	0	0	0	0	0	0	0.0130367925886622	0	0	0	0	0	0	0.0119767339362783	0	0	0.289159790949089	0	0	0	0	0	0	0	0	0	0	0	0	0.0350733343142809	0.00998606855175143	0	0	0	0	0	0	0	0	0	0.0145924693478916	0.00712214130306513	0	0	0	0	0	0.151941325723303	0	0	0	0	0.0094070176577623
0	0.00283603978309934	0.187941337594865	0	0.209255228910162	0	0.00613630038287648	0	0	0	0	0	0.0050183278133208	0	0	0	0.0150540261094931	0.0275674555785426	0	0	0	0.0446036817849338	0.00826909168278061	0	0	0	0	0	0.0330801195215881	0	0	0	0	0	0	0	0	0	0	0.00591542110006448	0	0	0	0	0	0.00718907126217715	0	0.0652648899269317	0	0.0392277664857052	0	0.0371385578146291	0	0	0	0	0	0	0	0.0111408606581817	0	0	0.0247862623761621	0	0	0	0	0	0	0	0	0	0	0	0	0	0	0	0.161274100382694	0	0.0914593827796138	0	0.0111501071645126	0	0	0.00569197088766655
0	0	0.116746994742075	0	0.0509954573305049	0	0.00558650660959257	0	0	0	0.0330397064710732	0	0	0	0	0	0.010867579772492	0.0171547273054505	0	0	0.0174809090666098	0.0150114014545759	0.0184424749951546	0	0	0.00919687532137534	0	0.0216384267402874	0	0.0147703948524477	0.00794915399723199	0.013210503510096	0	0	0	0	0	0	0.0143788563386973	0.0185008163998824	0	0	0.0187267959574596	0	0	0.00721541027519365	0.0791159843565375	0	0.0534964830462294	0.0945357614089735	0	0	0	0	0	0	0	0	0	0	0	0	0	0.00225184832934872	0	0	0	0	0	0	0.00586177268100972	0	0	0	0.0369493270112356	0	0	0	0.166919502297986	0	0.0803923568090255	0	0.0381090632933586	0.025352960735335	0	0.00610194889076089
0	0	0.3774294856245	0	0.193774387037843	0	0	0	0.015872070533888	0	0	0	0	0	0	0	0.0221120824479139	0	0.00720297817271129	0	0	0.0569324861683553	0	0	0	0.0317517739515675	0	0	0.0031183899270222	0	0	0.0252331834674458	0	0	0	0	0	0	0	0.00574191599731555	0	0	0	0	0	0	0	0	0	0	0	0.0183201109207983	0	0	0	0	0	0	0	0	0	0	0	0.0384847966131321	0	0	0	0	0	0	0	0	0	0	0	0	0	0	0.100946397891551	0	0.103079941245956	0	0	0	0	0
0	0.00572651090563052	0.0687265167048999	0	1.74438361935913e-08	0	0.00689687720369982	0	0	0.00467116094409324	0.0400775924847618	0	0	0	0	0	0	0.0540215293250248	0	0	0	0.0607550918955128	0.00587388497112788	0	0.0246995687478136	0.0200110861273086	0.0219954203074612	0	0	0	0	0	0	0	0	0	0.00681613638426644	0	0.0312399738517918	0.0532096509597791	0	0	0	0	0	0	0.0588226819189425	0	0	0.0653066220649442	0	0	0	0	0	0	0	0	0	0	0.0065247610421623	0	0	0	0	0	0.0052463514806383	0.0122325155002103	0	0	0	0	0	0	0.0365284767936912	0	0	0	0.208404081384409	0	0.169048665703172	0	0.0331648258548228	0	0	0
0	0	0.235042326712484	0	0	0.00579738872266765	0	0	0	0	0	0	0	0	0	0	0	0	0	0	0	0.0460681369626623	0.027779720927782	0	0.0292977805211623	0	0	0.011343191920694	0	0	0.0324455203428284	0	0	0	0.0129173307583638	0.0219123186161607	0	0.0163423793163547	0	0	0	0	0	0	0	0	0	0	0	0	0	0.0115571167703279	0	0	0	0	0	0	0	0	0.00514257913743198	0	0.00838642818780533	0.0196959481600929	0	0	0	0	0	0	0	0	0.0163476282440632	0	0	0	0	0	0.227548041860349	0	0.235651652145519	0	0	0.0120243349538846	0	0.0247001757393656
0	0.00689643961644071	0.215682796392046	0	0.0394895613033359	0	0	0	0	0	0.0212456503984601	0	0	0	0	0	0	0	0	0	0	0.0299389386401958	0.00362967773640061	0	0	0	0	0.0439925257059484	0	0	0.00622756418092312	0	0.0372798043834684	0.00581431890275763	0.00278192727338821	0	0	0.019262261815997	0.033068625760308	0	0.0126364079785808	0	0.00627643999119615	0	0	0	0	0	0	0.0533515070070383	0	0	0	0	0	0	0	0	0	0	0.00506647357971034	0	0.00796369202231465	0.0181220542176661	0	0	0.0365388175160901	0.00363424751600263	0.00396692604372988	0	0.0111188523242538	0	0	0	0	0.0205675903043056	0	0	0.160972307955246	0	0.14036848915892	0.0283970172368589	0	0.00919785290526914	0	0.0165112321331481
0	0	0.206225158357514	0	0.105979211004957	0	0.00567530320936708	0	0	0.0143299767943572	0	0	0.00399962160188196	0	0	0	0.00509970003909404	0.0070164796659088	0	0	0	0.030842961491847	0	0	0	0.0262735504349475	0	0	0	0	0	0	0	0	0	0	0	0	0	0	0	0	0	0	0.059334556505021	0	0	0	0	0	0.0231870796495088	0.0237153063082215	0	0	0	0	0	0	0	0	0	0	0	0	0	0	0	0.0351385251871988	0	0	0	0	0.0154095443699923	0	0	0	0.00321147066426655	0	0.228262911270846	0	0.196205075890028	0	0.0100935675550424	0	0	0
0	0	0.133042946844887	0.0208147359134739	0.0975732298641535	0	0.00806849492684504	0	0	0	0	0	0	0	0	0	0.0447497074888656	0.0311267731065604	0	0	0	0.0506762348037113	0	0	0	0	0	0	0	0	0	0.0179063242698653	0	0.0238720271468049	0	0	0	0	0	0	0	0	0	0	0.0174765942056616	0	0.0675413336733711	0	0	0.134198608950694	0	0	0	0	0.0175852329623226	0	0.00951869565509722	0	0	0.00840329171986111	0	0	0	0	0	0	0	0	0	0	0	0	0	0	0	0.0233844144460733	0.00437639152995944	0	0.045583344082542	0.0395876248977945	0.204513993511456	0	0	0	0	0
0	0	0.297382641371099	0	0.0210241688366332	0.0107804422797057	0	0	0	0	0	0	0	0	0	0	0	0.0303604278716786	0.00226473315056702	0	0	0	0.0170720915183108	0	0	0.00859187226344244	0.00773939680885843	0	0	0	0	0	0	0	0	0	0	0	0.00619934173802259	0.0246467112090067	0	0	0	0	0	0.0469888545171924	0	0	0	0.151866808126995	0	0.0471369122995909	0	0.013109729437282	0	0	0	0	0	0.0622664684626025	0	0	0	0	0	0	0	0	0	0	0	0	0	0.00545867047938024	0	0	0	0	0.197129427356874	0.0204483547990099	0	0	0	0.0137619793432882	0	0.0157709681304613
0	0	0.242900137658876	0	1.79697540265771e-08	0	0	0	0	0	0	0	0.00283220299415532	0	0	0	0.0384511562145904	0	0	0	0	0.0335628171683223	0	0	0	0	0	0	0	0	0	0.0125243600800137	0	0	0	0	0	0.028699438667141	0.00568921910394742	0	0	0.0114504825764292	0	0	0	0.00270469436496759	0	0	0	0.118406760322912	0	0	0	0.00578282226726331	0	0.00863903179480735	0	0	0	0	0.0188715017199544	0	0.0202421278739159	0.0179865354006456	0	0	0.00645514374380815	0.0124044090117447	0	0	0.0100321200274322	0	0.00978007885431229	0.0126926721572251	0	0.0385567384406338	0	0	0.21444888726769	0	0.126886644319458	0	0	0	0	0
0	0	0.175472753269007	0	0	0	0	0	0	0	0	0	0	0	0	0	0	0.0983362587079761	0	0	0	0.0239685250253576	0	0	0	0	0	0	0	0	0.0285347778434773	0	0	0.00781835402980011	0	0	0	0.00665569356490316	0.0095007155500246	0	0	0	0	0	0	0	0	0	0	0.225449622098957	0	0	0	0	0.0156934592768378	0	0	0	0	0	0.0175307840972477	0.00400502593252723	0	0.0288835810526755	0	0	0	0	0	0	0	0	0.0173938965693973	0	0	0	0	0	0.0717905819382261	0	0.204610897395516	0	0	0	0	0.0643550736480697
0	0.00384434258195533	0.101183232580291	0	0.211858806857577	0	0	0.0170963522611934	0	0.0112555512604262	0	0	0	0	0	0	0	0.0503588239578939	0.0047502777960997	0	0	0	0.00598594548193005	0	0	0	0.0207505790844106	0	0.0161639931783433	0	0	0	0	0	0	0	0	0.0199238007910471	0.0502895582468599	0	0	0	0	0	0	0	0.0210915806617699	0	0	0	0	0	0	0	0	0	0	0	0	0	0	0	0	0	0	0	0	0.0310172228499091	0	0	0.0163713865219208	0	0.0162949023174803	0	0.0439747961798477	0	0	0	0.1353918739377	0.030352535576426	0.185957852032286	0	0	0	0.00608658584463322	0
0	0	0.21969918419198	0	0	0	0	0	0.00987492488546102	0	0	0	0	0	0.00792049015801495	0	0	0.0284092788104705	0	0	0	0.0594690491699635	0.00378672971915863	0	0	0	0.0177086474382947	0.0145969504024129	0	0	0	0	0.105595726782743	0	0.00696095010779012	0	0.00947528551414653	0.0356670615842737	0	0.00453045373718108	0	0	0	0	0	0	0	0	0	0.21860168732927	0	0.0188094496672032	0	0	0.0030035355633202	0	0	0	0	0.0360038487564347	0	0	0	0	0	0	0	0	0	0	0.010942520414638	0	0	0.00571413523258705	0.0434225205111417	0	0	0	0	0	0.106406732074392	0	0	0.0222936163705562	0	0.0111072215785666
0	0	0.0885595868902841	0	0.24506723423355	0	0.00625577664814439	0.00887805803970484	0	0.00493505249232474	0.015159363894054	0	0	0	0	0	0	0	0.00950640796116582	0.0180485604955671	0	0.0908153865431089	0	0.00805915537344593	0	0.0235744679508522	0.00346352898532182	0.0102817200021573	0	0	0	0	0	0	0	0	0	0	0	0	0	0	0.0357067332042889	0	0	0	0.0133137249077486	0	0	0.101459377070901	0	0.0438832293748944	0	0	0.0120913255806109	0	0	0	0	0.00523343688448688	0	0.0169289071660518	0	0.0225939632069828	0	0	0	0	0	0	0	0	0	0	0	0	0.0118280326835254	0	0.0414913884943595	0	0.162865581916469	0	0	0	0	0
0	0	0.197046168538664	0	0	0.0104222797624052	0	0	0.00678384164307927	0	0	0	0.00349348593052981	0	0	0	0	0.0199303286887676	0	0	0	0.00560112571674115	0	0	0	0.0524464060741412	0	0	0	0	0	0	0	0	0.0064336981225489	0	0	0	0	0.0111230923042078	0.0157643418171291	0	0	0	0.0236133640093637	0	0.0187602953624052	0	0.0480874009762819	1.50082133278385e-08	0	0.00586268817099755	0	0.0140236043069288	0	0.044120099014405	0	0	0	0	0	0	0	0	0	0	0	0.0243443126343999	0	0	0	0	0	0	0	0.0862883790509891	0	0	0.175826385183688	0	0.230028687684114	0	0	0	0	0
0.00831674921540945	0	0.163230783103529	0	0.110270850205204	0.00813462936376295	0	0.0185020951686975	0.0209775754178529	0	0	0	0	0	0	0	0.0231093845498451	0	0.0146392253840636	0.0194487901954649	0	0.0441899212270588	0	0	0	0.00690136558618571	0	0	0	0	0	0.00554991891675665	0	0.030622679895616	0	0	0	0	0.0437387117572521	0.0169256152804427	0	0	0	0	0.0741055556415563	0.0294275087601765	0.00829515067084336	0	0	0	0	0	0	0	0.00341491325359412	0	0	0	0	0	0	0.00304573846075743	0	0.0197250831053097	0	0	0	0	0.0103724883933043	0	0.010681252384603	0	0	0	0.018784456731506	0.0434465042162123	0.0133817309305215	0	0.0516447760353324	0	0.137955611113396	0	0.0207214873283274	0	0.0204394477074176	0
0	0.0077341976623439	0.152228006162448	0	0	0	0	0	0	0	0	0	0	0	0	0.0290042066690093	0.00502857447742386	0	0	0	0	0.0419882338552154	0	0	0	0	0	0.0322093888205012	0.00631916443941197	0	0.0336396631888435	0.028572033300687	0	0.0331240781575841	0.0225602040264452	0	0	0	0	0.0162545436034044	0	0	0	0	0	0	0.0232210972427702	0	0	0.134236215722916	0	0	0	0	0	0	0	0	0	0	0	0.015788527651798	0	0.0279783231586193	0	0	0.0335284321650021	0	0	0	0	0.0220998748890828	0.00657594937853213	0	0	0	0	0	0.0480687595386402	0	0.27132601675637	0	0	0.00851450913295141	0	0
0	0	0.0321510518709601	0	0.200075262507177	0	0	0	0	0.0178002056662523	0.0724740553215339	0	0	0	0	0	0	0	0.0119738595700345	0	0	0.00553664892847665	0	0	0.0143298867616215	0.0198972599238384	0.0310697156141588	0	0	0	0.0161525038704303	0	0	0	0.00371264751680059	0.0135226225500454	0	0	0.0216558646985069	0	0	0	0	0	0.0240395544026772	0	0.01113720396186	0	0	0	0	0	0	0	0	0	0	0	0	0	0	0	0.0133678620594042	0.0493541173247677	0	0	0	0	0	0	0	0	0	0	0	0	0	0	0.265555580144837	0	0.112343525064718	0	0.0638505722418997	0	0	0
0	0	0.236342263963982	0	0.0723069581691441	0	0.00214323837762073	0	0	0	0	0	0	0.00771485438772085	0	0	0	0.0102510553633111	0	0	0	0.0460704067400474	0.00218712189131776	0	0	0	0	0	0	0	0	0	0	0	0.0167980725262598	0	0.0183382673345002	0	0	0.0156466216880649	0	0	0	0	0.0302580029343015	0	0	0	0	0	0	0	0	0	0	0	0	0	0	0	0.0240799511287516	0.00781857284261574	0.0153588138262386	0	0	0	0.00990601420161275	0	0	0	0	0	0	0.0146792322750646	0	0	0	0	0.302593362346204	0.025430615396406	0.0948155830426195	0	0	0	0	0.047260991564217
0	0	0.311599980455319	0	0	0	0	0.0129025880769301	0.0064313321680305	0	0.0556550826142629	0	0	0	0	0	0.00781278588834402	0.00558736358744517	0.00974951390222851	0.0153416113465586	0	0.107065182205002	0.00771981381068222	0	0	0.0934869803618062	0.0202369686471859	0.0238756740152303	0	0	0	0	0	0	0	0	0	0	0	0	0	0	0	0	0	0	0	0	0	0.0128419583205866	0	0	0	0.0144108229925221	0	0	0	0	0	0.00801633101235783	0	0.00754338327719039	0.00621386145069976	0.049825823617597	0	0	0	0.0162098237423771	0	0	0	0	0.0116974849387941	0	0	0	0	0	0.0478758159801875	0	0.147899817588662	0	0	0	0	0
0	0.0020126120833546	0.208974625806952	0	0	0	0.00637984110763603	0	0	0	0	0	0	0	0	0	0.00825600491058076	0.021624434008927	0	0.0047354249796596	0	0.0275102447986504	0	0	0	0.0198980910857736	0	0	0.00392999009239512	0	0	0	0	0	0	0	0.0195773554478663	0	0.045869317290393	0	0	0	0	0	0.0592195181185468	0	0	0	0	0.152878480776314	0	0	0	0	0	0.0210403268329549	0	0	0	0	0	0	0.00993151620598497	0.0203395748788355	0	0	0	0	0	0	0	0	0.00688663187958476	0.0244474755599564	0.013706852479634	0	0.00310649151089483	0	0.136773717537754	0	0.161726036436397	0	0	0.0211754361709536	0	0
0	0	0.243772285095584	0	0.164473495199876	0	0	0	0	0.0091603847988103	0.0141080086152967	0	0	0	0	0	0	0	0	0.0158432678679459	0	0.0143286336539583	0	0	0	0.0252443746791177	0.0119691083719553	0	0	0	0	0	0	0	0	0	0	0	0.0387782627653745	0	0.0124536314833623	0	0	0	0	0	0	0	0	0.134126761110093	0	0	0	0	0	0	0	0	0	0.00482836523305281	0	0.0126665384543975	0	0.0146919049428416	0	0	0	0	0	0	0	0	0.0143569697079596	0.0157578497916332	0	0	0	0	0.174428865744769	0	0.0710415879254549	0	0	0	0	0.00796970455851688
0	0.00324575988527224	0.274799307234447	0	0.105575422631752	0	0	0	0	0	0	0	0	0	0	0	0	0	0	0	0	0.017254927897157	0	0	0	0	0	0	0	0	0	0	0	0	0	0.00806138953209267	0	0.00572536361865526	0.0221075575874901	0.0480586889802115	0	0	0	0	0	0	0	0	0	0	0.0103735971969281	0	0	0	0	0	0	0	0	0	0.00593113134091003	0	0.00651716103252004	0.0130677889923348	0	0	0	0	0.00391046623156973	0	0	0	0.00588229606035384	0.00459558202641825	0	0	0	0	0.233893556007199	0	0.231000003744689	0	0	0	0	0
0	0.00172114973574498	0.129077750696229	0	0.0869904370224216	0	0.00657982212690016	0	0	0.00391380690737209	0	0	0	0	0	0.00866691708082062	0.0218332208839932	0.0456447609471755	0	0	0	0.0263543632189016	0.00597714119714807	0.00666432350766194	0	0	0	0.00750801960001829	0	0	0	0.0198603299674694	0.038653654011184	0	0	0	0	0.0134812454056143	0	0.0120211749063074	0	0	0	0	0	0.00555607941053539	0.0207314020178745	0	0	0.0699470552500325	0	0.0362060282246327	0	0	0	0	0	0	0	0	0	0	0	0.00982179332263562	0	0	0	0.00698498509286191	0	0	0	0	0	0	0	0	0	0	0.101306091125231	0.0683401217418844	0.220891972728732	0	0	0.00399816242279165	0	0.0212681914478256
0	0.0155024605599039	0	0.020466899236654	0	0	0	0	0	0.0200933266053254	0	0	0	0	0	0	0	0	0.00997438962082947	0.0111818498230641	0	0.0132156790076542	0.013619263281404	0	0	0.00359931650890943	0.0210894697886428	0	0	0.0141226640140211	0	0	0	0.062962299324818	0	0	0	0	0	0.0213667773757768	0	0	0	0	0.00572960710048953	0	0.109578008818212	0	0	0.204432432379245	0	0	0	0	0.0324969574142198	0	0	0	0	0.0131185046944916	0.0136446013865587	0	0	0.00563387153245765	0	0	0	0	0.00764043353532619	0	0	0	0.012337466481567	0	0	0	0	0	0.152138933893043	0.0167536487067863	0.178371940392611	0	0	0	0	0.0209291985179893
0	0.00155934103379058	0.153728548056471	0	0.0947362719392875	0	0	0	0	0	0	0	0	0	0	0	0	0.0301429440645897	0	0	0	0.00680502607144874	0	0	0	0.035017483094488	0.010212647704692	0	0	0	0	0.024714161627443	0.0544914680109864	0	0	0.00521420443213397	0	0	0	0.0102923543478598	0	0	0	0	0	0.011520121480123	0.00842330937524387	0	0.0149324598307732	0.0478331146467198	0.00693190980566503	0.0500979485012035	0	0	0	0	0	0	0	0	0	0.0189269119837951	0	0.0209969858820792	0	0	0.00876415848753855	0	0.00262407911785297	0	0	0	0	0.0104497285805481	0.0301520766013645	0	0	0	0.10941895763293	0	0.169670480370841	0	0.0120176116411904	0.0180385079994295	0.00720653292496799	0.0250806547545436
0	0	0.175875224632095	0	0.0353927633904359	0.0162236368064422	0	0	0.00608132517061288	0	0.0468334594571165	0.00724946650337843	0	0	0	0	0	0	0	0	0	0.0219615548234177	0	0	0	0	0	0	0	0	0.0160951525115619	0.0122497572515779	0	0.00545788857397159	0	0	0	0	0	0.0361351107441693	0	0	0	0	0.0226546153789024	0	0	0	0	0.155174231952679	0	0	0	0.00482291132890856	0	0.0281506391622612	0	0	0	0.00420639320540466	0	0	0.00872667813710397	0.00356564347832959	0	0	0	0	0	0	0	0	0	0.0136997046003377	0	0	0	0	0.260218327826587	0	0.105554870049192	0	0.0116533497607788	0.00201729525473556	0	0
0	0	0.0920460050092676	0.0332201800247031	0.0857924744956781	0.0106788626774552	0	0	0	0.00354405401515549	0	0.0109155126913703	0	0	0	0	0	0.0103914002151838	0	0	0	0.0644314213199	0.00531855284926486	0	0	0	0	0	0	0	0.0233618430501016	0	0	0.0158242694800272	0	0	0	0	0	0	0	0	0	0	0	0	0	0	0	0.159610517214221	0	0.0208293409055483	0	0	0.00884145954245399	0	0	0	0	0	0	0	0	0.0174346049535947	0	0	0	0	0	0	0	0	0	0.0118197799509822	0	0	0	0	0.212933617820977	0	0.164340139773061	0	0.025835306100037	0	0.0228306579110182	0
0.00506951613817209	0	0.133397485905605	0	0.00261990390371205	0.00431825510154127	0	0	0	0	0	0	0	0	0	0	0.00971597687233438	0.0620021023487805	0.00513022321457827	0	0.00949579405410587	0.0703480896551433	0	0	0.0171701461948265	0	0.0146827572847647	0	0	0	0	0	0	0	0	0	0	0.0427663067070561	0	0.0181899525782222	0	0	0	0	0	0	0.0315930906474853	0	0	0.283921002027866	0	0	0	0.0216495772969631	0.0392503140844186	0	0	0	0	0	0	0.00407364466563353	0	0.00707575988009097	0	0	0.0112845064500059	0.0225703036760002	0	0	0.00854172013865691	0	0.013125125225626	0	0	0	0	0	0	0	0.106816618555692	0	0.0551918273927186	0	0	0
0	0.0129995397024164	0.252127178973212	0	0	0	0	0	0	0	0.00786678695633813	0	0.00348045541535901	0	0	0	0	0.0305150562700379	0	0	0	0.00736441409469342	0	0	0	0	0	0	0.0038964326147248	0	0.029849044070453	0	0.0201147136368997	0.0188330922605364	0	0	0.0176431384825545	0	0	0.0167130619108248	0	0	0	0	0	0	0	0	0.0245664268132827	0.00962339374861573	0	0.0279145617752272	0	0	0	0	0	0	0	0	0.0210182847862215	0	0.0112075415593048	0.0350223652255191	0	0	0.0303620855658802	0	0	0	0	0	0	0	0	0	0	0	0.127007133215984	0	0.207425503454408	0	0.0501976142524582	0.0247792965094199	0.00947287870562841	0
0	0	0.167849625126396	0	0.195345737095126	0	0	0.0168596368372006	0.0185242137361566	0.00421180530893063	0	0	0	0	0	0	0.0176829776519156	0	0	0	0	0.0100276422656302	0	0	0	0.0110880028590254	0	0	0.0280256817756824	0	0	0	0	0.0262937210852938	0	0	0	0	0	0	0	0	0	0.0120888148936827	0.0145480011047511	0	0.0112386887301569	0	0	0.0936227294402339	0	0.0293853661823758	0	0	0.0241650526457897	0	0	0	0	0	0	0	0.0207283097525688	0.0122711533824999	0	0	0	0.0255836433473604	0.00271923574428517	0	0	0	0	0.0055401019969023	0	0	0	0	0.10678565105831	0	0.135471161214525	0	0	0	0	0.00994304676520164
0	0	0.125704831224482	0	0	0	0	0	0.00520869177274721	0	0	0	0	0	0	0	0	0.00534436224147766	0.00473279871570606	0	0	0	0	0	0	0	0	0	0	0	0	0	0	0	0	0	0	0	0	0	0	0	0	0	0.047320329255467	0	0	0	0	0.25628066328706	0	0	0	0	0	0	0	0	0	0	0	0.0140053275630465	0.00767494716417208	0.00961451580258807	0	0	0.012983649211384	0	0	0	0	0	0.0134870936193337	0.0101117980771988	0	0	0.021875690276033	0	0.22814233982188	0	0.16876525113936	0	0.0250762154350775	0	0	0.0436714953929872
0	0.00132296130422771	0	0	0.198951112931705	0	0	0	0	0	0	0	0	0	0	0	0	0.0153148288779675	0	0	0	0.0277867195527424	0.00903719350908545	0	0	0.00501489142287941	0	0.0130315261929249	0	0	0	0	0	0	0	0	0.0152695458127068	0	0	0.0127566857532521	0	0	0	0	0	0	0.0487156889164737	0	0	0.271296603197905	0	0.0537624758550594	0	0	0	0	0	0	0	0.0166800613356111	0	0	0.0198458015259256	0.0121815199110628	0	0	0	0.00678149185900403	0	0	0	0	0	0	0.0255543601248666	0.082049788796869	0	0	0	0	0.158457028689463	0	0	0	0	0.00618971443026832
0	0.00196085632437834	0	0	0.159188227164652	0	0	0	0	0	0.0254552515936698	0	0	0	0	0	0	0.069092372522347	0	0	0.00665336952636267	0.0075168949949869	0	0	0	0.0204977884369148	0	0	0	0	0	0	0	0	0.0116742247027117	0	0	0	0	0.0400376658533905	0.00626499927476081	0	0	0	0	0.00317912135915317	0.00813566430557859	0	0	0.146986640794368	0	0	0	0	0	0	0	0	0	0	0	0.00906435879466373	0	0.0188186682479763	0	0	0	0	0.00661782299902754	0	0.00454391403973992	0	0	0	0.0236887579270591	0.0667264186950639	0	0	0.0428839866758464	0.0300666680188965	0.290946327748453	0	0	0	0	0
0	0.00188037148070848	0.111126951229197	0	0	0	0.0146023058065711	0.00704985592906317	0.0224847203645585	0.00265699224814036	0	0	0.00201188919733127	0	0	0	0.0104894237548815	0	0	0	0.0197801744166037	0.0539516669033903	0.00436552177408329	0	0	0	0	0.00173995074401023	0.015055141203008	0	0	0	0	0.031123358355465	0	0	0	0	0.0100408665309584	0	0	0	0.0681076267111937	0	0	0.0319667272115675	0.0286856728728724	0	0	0.0860680371620736	0	0.00891871640647703	0	0	0.00257442427951625	0	0	0	0	0	0	0.00541767601692728	0.00728549983640818	0	0	0	0	0	0	0	0	0	0	0.00658271732327821	0	0	0	0	0.312641473795989	0	0.117423530747258	0	0	0	0	0.015968707698469
0	0	0.182416803008396	0.0428199197074502	0	0.0338234101686622	0	0	0	0	0	0	0	0	0	0	0	0.0681276157115679	0	0	0	0.0595059253534483	0	0	0	0.0217457376891242	0	0	0	0	0	0	0	0	0	0	0	0	0	0.0315355988391712	0	0	0	0.0213300097393237	0	0	0.00810949025777855	0	0	0.285895106338029	0	0	0	0	0.0155087540456264	0	0	0	0	0	0	0	0	0.00652392221143099	0	0	0	0	0.00433251220561646	0	0	0	0	0.00544756988699126	0	0.0199353950751197	0	0	0.0186133039848049	0	0.0935396768663245	0	0.027253259440856	0.019153529016953	0	0.0343824604533264
0	0.00251748214772342	0.136033683302137	0.0107934742005844	0.172879548865744	0	0.0109961754001351	0	0	0	0.0097839433823881	0	0	0	0	0	0	0	0	0	0	0.011541166964846	0	0	0	0.00273853318163054	0	0	0	0	0	0.00435784265249287	0	0	0.00446493353927049	0.00682390315026149	0.0450513028309329	0	0.00775924814676514	0	0	0.00365712525809108	0.0308076925345914	0	0	0	0	1.16181619307614e-08	0.0495732914248507	0	0.0350970448459733	0	0	0	0	0	0	0	0	0	0.00554335491269562	0	0	0.0160372535168574	0	0	0	0	0	0	0.026980166487299	0	0	0	0.0115174383351163	0.0269073170936949	0	0	0.16923023246781	0	0.198907833739946	0	0	0	0	0
0	0	0	0	0.0874924715531603	0	0.00336282280831475	0	0.0382582484555659	0	0	0	0.00369068253595204	0	0	0	0.0067408574021525	0.0252111478019852	0.0193782816390756	0	0	0.053576995927762	0	0	0	0.0419613635583982	0	0	0	0	0	0.0154228206314882	0	0	0	0	0	0	0	0	0	0	0	0	0	0	0.122461917514809	0	0	0.0874347911999412	0	0.0361612176918296	0	0	0	0	0	0	0	0	0	0	0.0264293888015424	0	0	0	0	0	0	0	0	0	0.0141738185213366	0.012432541973982	0	0	0	0	0.251666231857353	0.0208453404608698	0.113294532332236	0	0.0116089413364188	0.00839558599582688	0	0
0	0	0	0	0.140920724536568	0	0.00876103699206534	0	0.0134737179451981	0	0.0150921969334152	0	0	0	0	0	0	0	0	0	0	0.0261753798255791	0	0	0	0.047265118631363	0.0151241710646182	0	0	0	0	0	0	0	0	0	0	0	0	0.036256056589734	0	0	0.00668449382669415	0	0	0	0.0395067355086671	0	0	0.169957975118453	0	0	0	0	0	0	0	0	0	0	0.0115102186541758	0	0	0.0450892803416662	0	0	0.0178988225992493	0	0.00626621921776632	0	0	0	0.0317136950328345	0	0	0	0	0	0.149104581288074	0	0.21635900830188	0	0	0.00284056759199859	0	0
0	0.00874797072053827	0.223001647746975	0.0354617174460915	0.123407570816458	0	0	0	0	0.0124424989049471	0	0	0	0	0	0	0	0	0	0	0	0.0423794295734773	0	0	0	0	0	0	0	0	0.0144227153235029	0	0	0	0	0	0	0	0.00964086920997217	0.0166243637350151	0	0.0102242329541019	0.0226086859684975	0	0.0394151891782827	0	0	0	0	0.0699192841961988	0	0.0245894261837464	0	0	0.0131843497180815	0.0107023126366297	0	0	0	0	0.00559072845745094	0	0.0110260714021473	0	0	0	0	0	0	0	0.00390682554417133	0	0	0	0	0.0285230653538411	0	0	0.171720966679616	0	0.102460078250258	0	0	0	0	0
0	0	0.236384147943224	0	0	0	0	0	0	0.0257113851893831	0	0	0	0	0	0	0	0.0211420131869642	0	0	0	0.0469232480221331	0	0	0	0	0	0	0	0	0	0	0	0	0	0.00435739400376671	0	0.0466351259266313	0	0	0	0	0.0227216056315441	0.0180676827337619	0	0	0.0176006585914169	0	0	0.196094851672107	0	0	0	0	0.010685105378849	0.0314308098243432	0	0	0	0	0	0	0	0	0	0	0	0	0	0	0	0	0	0.0164349182366053	0	0	0	0	0.0899583713295593	0	0.189442031559521	0	0.026410650770189	0	0	0
0	0	0	0	0	0.0163205375466183	0	0	0.022119056398125	0.00888340277540549	0	0	0	0	0	0	0	0.0305879762372211	0	0.00444850683170904	0	0	0	0	0	0.0326885242973859	0	0	0	0.00534636769771052	0	0.00603161663186936	0	0	0	0	0	0	0	0.0122504212419191	0	0	0	0	0	0	0.117272139329347	0	0	0.0650025387962863	0	0	0	0	0	0	0	0	0	0	0	0	0.0183679530859159	0.00905057413415667	0	0	0	0	0	0	0.0359215449169256	0	0	0.0142842810309024	0.00695461005457781	0	0	0	0.33388181288376	0.0219387835403623	0.165834011507909	0	0.072815341061893	0	0	0
0	0	0.206355802211564	0	2.23156884760827e-08	0	0	0.035613222743437	0	0	0	0	0.00323770985635512	0	0	0	2.2150533957365e-08	0	0	0.0215565601809335	0	0.101850018207176	0.00822232922189289	0	0	0	0.018054137135086	0	0.02911876172669	0	0	0	0	0.13374540471351	0	0	0	0.0361454243471641	0	0.0329768017164134	0	0.00868016544974349	0	0	0	0	0.0229620649713205	0	0	0	0	0	0	0	0	0.0123361104076299	0	0	0	0.0208309993267871	0	0	0	0	0	0	0	0	0	0	0.0184180308384058	0	0	0.0102033562407941	0	0	0	0	0.0703745798453128	0	0.164120201605302	0	0.028706330448771	0.00876674067784641	0	0.00772520366164149
0	0.0118749475966262	0.225049764744456	0.0297629871008925	0.014919662258226	0	0	0	0	0	0	0	0	0	0	0	0	0.00841715474855544	0.00476929442670972	0	0	0	0.00194747188767239	0	0	0.0113556903583459	0	0	0	0	0	0	0	0	0	0.00410476949375578	0	0.0204690985028681	0	0.00587513037270494	0	0	0	0	0	0	0	0	0	0.135139901879717	0	0	0	0	0	0.0132781448168438	0	0	0	0.0148066236861612	0	0.00191333905298458	0	0.013578223088167	0	0	0	0	0	0	0	0	0	0.0077532394372516	0.0414891581092907	0	0	0	0.216030574264416	0.0471766634813246	0.170288160693031	0	0	0	0	0
0.0145327031831269	0.00574324618286753	0.256269744678946	0.0339355899133541	0.135976259356413	0	0.0120848565875532	0.0130458261599237	0	0	0.00617080988817886	0	0.0115230524581842	0	0	0	0	0.0528822619403319	0	0.00748311579612376	0	0.0300396613194192	0.00788168378684105	0	0	0	0	0	0	0	0	0	0	0	0	0	0	0	0.0134422534371377	0	0	0	0	0	0	0	0	0	0	0.108215960736519	0	0	0	0	0	0	0	0	0	0.0214702753278764	0	0	0	0.0286388231104064	0	0	0	0.00676761054830466	0	0	0	0	0.0301730121139125	0	0.0142984932515563	0	0	0	0	0	0.15754832535783	0	0	0.0318764348651932	0	0
0	0	0.0781278602237892	0	0.0105282916518754	0	0	0	0	0	0	0	0	0	0	0	0	0.0630575496630703	0	0	0	0.0503584166388273	0	0	0	0	0	0	0.00276803014040982	0	0.0162125486271593	0	0	0	0	0	0	0.00457967667439138	0	0	0	0	0	0	0	0	0.103701423888573	0	0	0	0	0.04403080096354	0	0.0272231915513162	0	0	0	0	0	0	0	0.00600662004177981	0.00783438592472488	0.0055326301085384	0	0	0	0	0	0	0	0	0	0	0	0	0	0	0.230612661260881	0	0.279174725588223	0	0.0547659687151924	0	0	0.0154852183377084
0	0	0	0.0118030420466068	0	0	0	0	0	0	0.0218675730766809	0	0	0	0	0	0	0.0769987842876306	0	0	0	0.08209342104028	0.00303232248953929	0	0	0	0.00404765179715331	0	0	0	0	0	0	0	0	0	0.0521455143475642	0.0243708909694704	0	0.0131016722879249	0	0	0	0	0	0	0.00793525153508342	0	0	0.28196914278108	0	0	0	0.0283912818574009	0	0	0	0	0	0	0	0	0	0.0152527743389783	0	0	0	0	0	0	0	0	0.00832703466609944	0	0.00410284674480336	0.0522459169167938	0	0	0.0427252135203803	0	0.230505165323933	0	0	0.0224941144668388	0.0165903855057581	0
0	0	0.181342983783103	0.00468042104499926	0	0	0	0	0.00481700993555751	0	0	0	0	0	0	0	0.0118658066222608	0.0176693504646579	0.00838382262680024	0	0	0.0779512825248461	0	0	0	0	0.0209410136698708	0.00712667488019026	0.00331925201395798	0	0.0122702339918098	0	0	0.00421771820086931	0	0	0	0	0.0188421288482896	0	0.0126903206051126	0	0.0425431143456667	0	0	0	0.00625210016754045	0	0	0.246617400328258	0	0	0	0	0	0	0	0	0	0.00619716064970804	0	0.0174120918911537	0	0	0	0	0	0	0	0	0	0	0	0	0.0189560763112122	0	0	0	0.156872413164257	0	0.109857101788614	0	0	0	0.00917452214126458	0
0	0	0.256959512079573	0	0.0545027279164521	0	0	0	0	0	0	0	0	0.00205531315342124	0	0	0	0	0	0	0	0	0	0	0	0.0108767758847213	0	0	0	0	0	0	0	0	0	0	0.00624369122791685	0.00801412137750407	0	0	0	0	0	0	0	0.00469565416079359	0	0.107068306666527	0.0194183536940398	0.203521234370083	0.0101638486022391	0	0	0	0	0	0	0	0	0	0	0	0.00976259569997845	0.0218593160261485	0	0	0	0	0	0	0	0	0.00947728516832453	0.0191047269899662	0	0	0	0	0.19845148396916	0	0.0578250530131513	0	0	0	0	0
0	0	0	0	0.25969792335525	0	0	0	0	0.00768495245625356	0	0	0	0	0	0	0	0.0557163296118862	0	0	0	0.0192634124754011	0	0	0	0.0188581263712803	0	0.017906931357062	0.0224381873617321	0	0	0	0	0	0.010027759640898	0	0	0	0	0.0271048222180478	0	0	0.00703947148839877	0	0	0	0.0465013494035513	0	0	0.0687133218014541	0	0	0	0	0	0	0	0	0	0	0	0.0154408360096078	0	0.0204313336211695	0	0	0	0	0	0	0.0165353551536724	0	0	0.00475516297382724	0	0.118433519280865	0	0	0	0	0.255053711993041	0	0.00839749342660111	0	0	0
0	0	0.234947140691929	0	0	0.012044925419943	0.00671148253982622	0.00582475093035634	0	0.00434383448545333	0	0	0	0	0	0	0	0	0.0101778845337085	0	0	0.0415738084125196	0.00529135820029648	0	0.0102019775980112	0	0.00844671327696763	0	0	0.0211914276638457	0	0	0	0	0.00394579916167656	0	0	0.040945378539751	0	0.0542691933658272	0	0	0.0367369568372426	0	0	0.050280114125431	0	0	0	0	0	0	0	0	0	0	0	0	0	0	0	0.00272100560498899	0	0.0226242766456691	0	0	0	0	0	0	0	0	0.0357789864352869	0	0	0	0	0	0.249419754996036	0.0578931239905268	0.0321844430782025	0	0.0524456634665046	0	0	0
0	0.0107065510349615	0	0.16298583278732	0	0	0	0	0	0	0	0	0	0	0	0	0	0.110417384771401	0	0	0	0.0545548335001792	0.00992597956601637	0	0	0	0.00318960331753682	0	0.0121473511888988	0	0	0.0113828664807887	0	0	0	0	0	0.040107135919455	0	0	0	0	0	0	0	0	0	0	0	0.280817829332915	0	0	0	0.0322721430205068	0	0	0	0	0	0.0209950613446808	0	0	0	0	0	0	0	0	0	0	0	0	0.0421086279952746	0	0	0.0452919478028933	0	0	0	0	0.0601260696567949	0	0.0313792749344529	0.0232027407124973	0.00569600008484841	0.0426927665485781
0	0.00634198733088356	0.128943334263966	0	0	0.0107387437870609	0.00522556450797489	0	0	0	0	0	0.00419584356711412	0	0	0	0	0.0159688257794847	0	0	0	0.0170233908730491	0	0	0	0	0.00360761096085021	0.0207375606126905	0	0	0	0	0	0	0	0	0	0	0.0156233524598923	0	0	0	0	0	0	0.00239113971951485	0.0427091427043954	0	0	0.27587722333325	0	0.036955709722235	0	0	0.0186699594828938	0	0	0	0	0.005011618076352	0	0	0	0.0231020933870255	0	0	0	0.0554741092947873	0	0	0	0	0.0136914565155857	0.00687894723402361	0	0	0.0141441129832552	0	0.0669396091009841	0.035225960694488	0.0602567279931993	0.0573349496024729	0.0108935509736532	0	0	0.0460374750389178
0	0.0019901213524856	0.0929327771157195	0	0	0	0	0	0.00419371576684495	0	0.020961332626506	0	0	0	0	0	0	0.0602543977404442	0	0	0	0.0476737835567003	0	0	0	0	0	0	0	0	0	0	0	0	0.0196099442983249	0	0	0	0	0.00630304675498915	0	0	0	0	0.0348827899785936	0	0.00973986979742104	0	0	0.200440770492117	0	0.0240470828460628	0	0	0	0	0	0	0	0	0	0	0.0143700429920406	0.015143809145814	0	0	0	0	0	0	0	0	0	0.0129839824649515	0	0	0	0	0.203584800551542	0	0.18286208500004	0	0	0.0260901453919324	0	0.0219355021274708
0	0	0.22745341253989	0.0110717137446875	0	0	0.0172237806390659	0	0	0.0179003235584206	0.0245371535341538	0	0	0	0.0274584012699106	0	0	0.00843723177266254	0	0	0.0048660584603995	0.0419643290682597	0.00699720505223068	0	0	0.0222641941294418	0	0	0	0	0	0	0	0.0375944846857424	0	0	0	0	0	0.0171020387602726	0	0	0	0	0	0	0	0	0	1.60950482199588e-08	0	0	0	0	0	0	0	0	0	0.0141466912186246	0	0.00401870940254198	0	0.0104434233218716	0	0	0	0	0.00546055998124456	0	0.0420907975869119	0	0	0	0	0	0	0	0.241536538725144	0.0206591878487044	0.177162956887339	0	0	0	0.0196107917174321	0
0	0	0.167206259862131	0	0	0	0.0193731638052694	0.0264418585928551	0.0334584347447437	0	0	0	0	0	0	0	0	0	0	0	0	0.0212791838545854	0	0	0	0	0.0152184107365441	0	0	0	0	0.033089327868431	0.0178639719932771	0	0.0237657481885677	0	0	0	0	0	0	0	0	0	0	0	0	0	0	0.125203713190823	0	0.0292033852712747	0	0	0	0.011632738815374	0	0	0	0	0.0161051124085885	0	0.00999071661596574	0.0249563027032117	0	0	0	0.00895384468929421	0	0	0	0	0.0192712470208196	0	0	0	0	0	0.261982090853264	0.0816696032846553	0.053334885500325	0	0	0	0	0
0	0.00458581867645948	0.241989765749567	0	0.0515635751567922	0.00462743998292617	0.0165517140408214	0	0	0.00395797647812169	0	0	0	0.00689077005198686	0	0	0	0.0511514610074513	0	0.00863121013372067	0	0.0238862462048188	0.0113060735249309	0	0	0	0	0	0	0	0.0165866817131462	0.060958676782078	0	0	0	0	0	0.0104494284310208	0.00927927922114915	0	0	0	0	0	0	0	0	0	0	0.0725072821918874	0	0.0156205725560517	0	0	0	0	0	0	0	0	0.0101242146587724	0	0	0	0	0	0	0	0	0.0073760001129934	0	0	0	0.0221029701092646	0.0111734868311769	0	0	0	0.129998643904881	0.0446376310600321	0.12141853924808	0	0	0.0100063771515972	0	0.0326181650202733
0	0	0.110609377241669	0	0	0	0	0.01070763313077	0	0.00316054708454477	0.0142829423508628	0	0	0	0.0214247096512703	0	0.0324257589012392	0.0205189514145268	0.0174220293456263	0	0	0	0	0	0	0.0068423784199006	0	0.00684953812604475	0	0	0	0	0	0	0	0	0	0	0	0	0	0	0.0502431780471942	0	0	0	0	0	0	0.0647858238165028	0	0	0	0	0.00655424172355965	0	0	0	0	0	0	0	0	0.03720275782169	0	0	0	0.00722148543057512	0	0	0	0	0.00387638294431312	0.0104263926125195	0.0310447655979002	0	0	0	0.277457266113123	0.00635507740753878	0.225532319471934	0	0.0308335431392763	0	0.00422290020741912	0
0	0.0087203011309146	0.186579771289484	0	0.153455580612384	0	0	0	0	0.00280546025789961	0	0	0	0	0	0	0	0.00589717034704636	0	0	0.018932316888034	0.0319801711159728	0	0	0	0.0322536199975137	0.0142693163831204	0	0.02625560283877	0	0	0	0	0.0265814209357339	0	0	0	0.0115022525180448	0	0	0.013567256060093	0	0	0	0.0149592954545847	0	0.0276157620672875	0	0	0	0	0	0	0	0	0	0	0	0	0	0	0	0	0.0240222557720733	0	0	0	0	0	0	0	0	0	0	0	0	0	0	0.151336817807207	0	0.218505299207993	0	0.00804845207915758	0.0148912883485876	0.00782058888809768	0
0	0.00378275448404629	0.0394840941381511	0	0.194761156831985	0	0	0	0.0127460707167145	0.0285056603081633	0.00706425284922994	0	0	0	0	0	0	0	0	0	0	0	0.00704665114701673	0.0138365783874696	0	0	0	0.0210484891507411	0.00258467370097928	0	0	0	0.0424315861488503	0	0	0	0	0.00460639064920232	0	0.0388151458930452	0	0	0	0	0	0	0.0198167022367455	0	0	0	0	0	0	0.0288295448306912	0	0.0122317763164572	0	0	0	0	0	0.011391934549161	0.0259281371298071	0	0	0	0.0258156647614712	0	0.0137459432028442	0	0	0	0.0310494111922294	0	0	0.037154748657914	0	0	0.176018855928529	0	0.135822425535361	0	0.0542813721740198	0	0	0.011199979079174
0	0	0.176002613742025	0	1.58352385429683e-08	0.0102455973582444	0	0	0.0202463201091894	0	0	0	0	0	0	0	0	0	0	0	0	0	0	0	0	0	0	0	0	0.0238021294712798	0	0	0.00966328146590148	0.0293300108051485	0	0	0	0	0	0	0	0	0	0	0.0173296229205483	0	0.0256278413757411	0	0	0	0	0	0	0	0.00345320755257352	0	0	0	0	0	0	0	0	0.0130376962697787	0	0	0	0	0	0	0.0369720912096264	0	0.00566222949599179	0.0391376947188605	0.0201451760292789	0.0440524906188094	0	0	0.339667639192633	0.00794918790866162	0.174914764421897	0	0	0.00276038949857166	0	0
0	0.00270495064144264	0.0852075946125107	0	0	0	0	0	0.0146102543886463	0.0219297521996917	0.0375935318329048	0	0.00364691930183933	0	0	0	0	0.0315752487727136	0	0.0113272022140349	0	0.0338858771144891	0.0092583296469143	0	0	0.0626216057184752	0	0	0	0	0	0	0.0249365981732053	0	0	0	0	0	0	0.00609437643259207	0	0	0	0	0	0	0.0446434776446006	0	0	0.15212237439072	0	0	0	0	0	0	0	0	0	0	0	0	0	0.0274416502057922	0	0	0	0	0	0	0	0	0	0.0123587225828902	0	0	0	0	0.221385305608262	0.0285697937553415	0.168086434762933	0	0	0	0	0
0	0	0.123320577780589	0	0	0	0.0124988574303898	0	0	0	0	0	0.00803172497649173	0	0.00508214226877223	0	0	0	0.00552336071179738	0	0	0.0060689448127645	0.0086009554559668	0	0	0.0693057415194417	0	0	0	0	0	0	0.04850091920071	0	0.00649685401326132	0	0	0	0.00870888951418474	0.0298475651871488	0	0	0	0	0	0	0	0	0	0.0251814734290823	0	0	0	0.00986795086090474	0	0	0	0	0	0	0	0.0223155337735784	0	0.0405528778739653	0	0	0	0	0.00390563317328546	0	0	0	0.0427833569471294	0	0	0.00995038745816568	0	0	0.181578298760009	0.0607485575371787	0.227313586848387	0	0.0438158104667966	0	0	0
0	0	0.214904829724558	0	0	0.0303079925770668	0.00918363837397925	0	0.0169514347170998	0.00379373167561564	0	0	0	0	0	0	0	0	0.0116825993176173	0	0	0.0137956852661902	0.0196062132487918	0	0.0367984660437537	0.0214757320047288	0	0	0	0	0	0	0	0	0	0	0	0	0	0	0.0028207332122592	0	0	0	0	0	0.0683334739366767	0	0	0	0	0.0448170459022681	0	0	0.0195592416540614	0	0.00723243454125244	0	0	0	0.00470229084875876	0	0	0.0484936799383518	0	0	0	0	0	0	0	0	0	0.00480397719700635	0	0	0	0	0.247460997294576	0	0.169196873659736	0	0	0.00407892886565234	0	0
0	0.00842396925561624	0.194984596403962	0	0.120974661518021	0	0	0.00740667451429276	0	0.0126745871569076	0	0	0	0	0	0	0	0	0.00485541104657727	0	0.0220814041151872	0	0	0	0	0	0	0	0	0	0	0.0363985962577943	0	0	0	0.00366877447059695	0	0	0.0288401757523583	0	0	0	0	0	0.0339323271910588	0	0.0172660856349472	0	0	0.0704612675570234	0	0.00716869067964144	0	0	0	0.0132551171344537	0.00667888836522444	0	0	0	0	0	0	0.0104110665873702	0	0	0	0.0259433069018997	0	0	0	0	0	0	0	0	0	0	0.196906473729235	0	0.151704807150566	0	0	0	0	0.025963118577266
0	0	0.142038570377903	0	0.0848591805262941	0.00502574462087075	0	0	0	0.0132470945279112	0	0	0.011996477210735	0.0169708724108361	0	0	0	0	0	0	0	0.033501654892058	0	0	0	0	0	0	0.00973026042233465	0	0	0	0	0.0175834887549108	0	0	0	0.00534694150417014	0.00649162156522513	0.0323159548403093	0	0	0	0	0	0	0.0616610798732606	0	0	0.115455177836909	0	0	0	0	0	0	0	0	0	0	0	0	0.0185050917261029	0.0306202201076379	0	0	0	0	0.0242942456024399	0	0	0	0	0	0	0	0	0	0.121815114986591	0	0.167400323665075	0	0.0293549883618023	0.00597473895778559	0	0.045811157228838
0	0.00808650371800771	0.206199499508944	0	0	0	0	0	0	0	0	0	0	0	0	0	0	0.0268210762587741	0	0	0	0.0128372047346902	0	0	0	0.00244487958341618	0	0	0	0	0	0	0	0	0.00243891796210341	0	0	0	0	0.0309601210795614	0	0.0179073442423146	0	0	0	0	0.0321084005003045	0	0	0.224786495840371	0	0	0	0	0.00310997761256172	0	0	0	0	0	0	0	0	0.0154224219435779	0	0	0	0.0125288594644828	0.0176478859130165	0	0	0	0.00651280525498876	0	0	0.0175462256575109	0	0	0.170004669481319	0	0.173695107604761	0	0	0.0189416036392954	0	0
0	0	0.36095843090981	0	0.0340808277759352	0	0	0	0	0	0	0	0	0	0.0281495930327809	0	0.047686085296495	0.0153601942550941	0	0	0.0229350115879291	0.0583236278271408	0.00722997066799722	0	0	0	0.0160927961759156	0	0.0150855250415746	0	0.00626664875468545	0.00974815369617875	0	0	0	0	0	0	0	0	0	0	0	0	0.00784225344917897	0	0.00999407900014432	0	0	0	0	0	0	0	0.0301433541419071	0	0	0	0	0	0	0	0.0171312817829429	0.0215507150660281	0	0	0	0	0	0	0	0	0	0	0	0	0	0	0.198635394142076	0.0108150378916274	0.0665599339125818	0	0.00707295311944879	0	0.00833813247252861	0
0	0.00215952263520326	0.132558213680279	0	0	0	0.0022480461821944	0	0	0	0.025383953374296	0	0	0	0	0	0	0.0228078327717551	0	0	0	0.0393423587891852	0.00821549101519681	0	0	0.024194055605029	0.00358181046778387	0	0.0230771121080888	0	0	0	0	0	0	0	0	0	0.0262666146896679	0.0584432054398249	0	0	0.0223968774838437	0	0	0	0	0	0	0.17120298449184	0	0	0	0	0	0	0	0	0	0	0.0135222545894907	0.00615604649681158	0	0.0144987268661767	0	0	0	0	0.00266841520757283	0	0.0115321305196445	0	0	0	0	0	0	0	0.13954323855095	0.0236183092800551	0.18859371054013	0	0.0117182820589324	0	0	0.0262708071560482
0	0	0.242095745154656	0	0	0	0	0	0	0	0.0502206322177198	0	0	0	0	0	0	0	0	0	0	0.0686768695185589	0.00248518267641787	0	0	0.0212722935064672	0	0	0	0	0	0	0.0241558137837568	0	0	0	0	0	0	0.0668951008440472	0	0	0	0	0	0	0	0	0	0.0873606695876459	0	0	0	0	0	0	0	0	0	0	0	0.0070511708449187	0.00544087774654999	0.022205254275903	0	0	0	0	0	0	0	0	0	0.0339169027173052	0.014118848430862	0	0	0	0.191100789095085	0	0.139752150408761	0	0	0.00337321930450778	0	0.0198784798868384
0	0	0.253997594524869	0	0.0719098766204302	0	0.00307803370640843	0	0	0	0	0.0107543626729081	0	0	0	0	0	0.027559975926689	0	0.0197885722242757	0	0.0703586785616584	0.00621348430454984	0	0	0.0236004917908492	0.00278340257783564	0	0	0	0	0.00569306102484698	0	0	0	0.00576303992746359	0	0.00727963562475403	0.0246718645447864	0.0499414933052472	0	0.0114482224396068	0.00546004160131485	0	0	0	0	0	0	0.03034150749563	0	0	0	0	0	0	0	0	0	0.00389386211573546	0	0	0.0257724393753362	0.0212931017821647	0	0	0	0	0.00356064767199668	0	0	0	0.0503098530065215	0	0	0	0	0	0.10068491022151	0.0170205217381494	0.103571841819144	0	0.0175191890349126	0.0257302943604059	0	0
0	0	0.0219492462896214	0.0508791132242021	0	0	0	0	0	0	0	0	0	0	0	0	0	0	0.00743742000682595	0	0	0.0364039601165566	0	0	0	0.0140060937720113	0.0136366061939102	0.00772534810788866	0.0144563624212623	0	0	0	0	0	0	0	0	0	0	0.0365989967975565	0	0	0	0	0.0311421529644677	0	0.142051776822671	0	0	0.142908034705748	0	0	0	0.0416904109397963	0	0	0	0	0	0	0	0	0	0	0	0	0	0.0184398463572689	0	0	0	0	0	0.0272695057769013	0	0	0	0	0.211022894547657	0.00817984479300022	0.144809744875035	0	0.0293926412876186	0	0	0
0	0.0017002075893047	0.103675755594048	0	0.1998957124882	0	0	0.0156911348258758	0	0	0	0	0	0	0	0	0	0.0300375750206669	0	0	0	0.0206607158543771	0	0	0	0.0229533125021795	0	0.0149210853545386	0	0	0	0	0	0	0	0	0	0	0	0.017040626451929	0	0	0	0	0	0	0.092473562041102	0	0	0.0583807097308668	0	0	0	0	0	0	0.012475294595616	0	0	0.0079610017075777	0	0	0.0309666180842146	0.0328736095246467	0	0	0	0	0.00821265323060719	0	0	0	0	0.00809054799365718	0.0141891703041306	0	0	0	0.0799631572199247	0	0.189284838058191	0	0.0173783040049055	0.0211744078234399	0	0
0	0	0.156710310023323	0	0.0959158408591255	0.00843456118632957	0.0148218490513475	0	0	0.00420052981893391	0	0	0	0	0	0.00319115274405074	0	0	0	0	0.01072253252559	0.010771445658733	0.00443333334419538	0	0	0.00859797641875658	0	0	0.00560165903325958	0	0	0	0	0.00603585025765983	0	0	0	0	0	0.00626166957222984	0	0	0	0	0.0731789785728067	0	0.0186982001584158	0	0	0.107277710737503	0	0	0	0	0	0	0	0	0.00603393088708175	0	0	0.0160425187970993	0	0	0	0	0.00703072769129616	0.0158214112697774	0	0	0	0	0	0.0186578493051557	0	0.0114515775136352	0	0	0.236759917070278	0	0.124364668488163	0	0	0.0289837990152538	0	0
0	0.00527942915926828	0.131786785269542	0	0.128453153194714	0	0.00389319466649557	0	0	0.0299620844850235	0	0	0	0	0	0	0	0	0	0	0	0.0684663787574826	0	0	0	0.0464033242744296	0.0161240653284639	0.00272599804631953	0.00783417487351439	0	0	0.0223463968650311	0	0	0	0.00300804952951338	0	0	0	0.00690148463651069	0	0	0	0	0.0310906330260971	0	0	0	0	0.157189677744821	0	0	0	0	0	0	0	0	0	0	0	0	0	0	0	0	0	0.0122022412518898	0	0	0.024690669548017	0	0.0212238067281731	0	0.012265785508065	0	0.00210162782281206	0	0.0339605954559886	0	0.205005397867805	0	0.0204396948720599	0.00664535108796324	0	0
0	0	0.0888525777428382	0	0.298647031685411	0	0.00844936606242383	0.00310871939049662	0	0.0121611065889828	0	0	0.00421028875125906	0	0	0	0	0	0.022106535934234	0	0	0.0271814325026342	0.0194616844393523	0	0	0.023538141720917	0	0	0.0069886228883998	0	0	0.0253315790882628	0	0	0	0	0	0	0.0345920578643812	0	0	0	0	0	0	0	0.0351099617338027	0	0	0.127582475466583	0	0	0	0.00747691850993007	0.00956567259978856	0	0	0	0	0	0	0	0	0	0	0	0	0.0314445274780247	0	0	0.0090221686536072	0.0158620834402024	0	0	0	0	0	0	0.0436400002920835	0	0.145667047166385	0	0	0	0	0
0	0	0.233827277643088	0	0.238198700921752	0	0	0	0	0	0	0	0.00131162200652742	0	0	0	0	0.0112766382327855	0.00953587724592449	0	0	0.0115841658631324	0.0103731187686409	0	0	0	0	0	0.0079559900168774	0	0	0	0	0	0	0	0	0.00493257019306276	0	0	0.00529501969013338	0.0244527395022903	0	0	0	0	0	0	0	0.0239282637690738	0	0	0	0	0	0	0	0	0	0	0	0	0.0168452801132178	0	0	0	0	0.00608980556370828	0	0	0	0	0	0.00453747581737517	0	0	0	0	0.212750852946967	0.018916093598479	0.118325823151805	0	0.0398626849551593	0	0	0
0	0	0.246924365300609	0	0.113717320501743	0.0133839954096998	0	0	0	0	0	0	0	0.00512305145961683	0	0	0.00687897163480176	0.069811443050501	0	0	0	0.0368108963520125	0	0	0	0.0231893618058995	0	0	0.0201875341735872	0	0	0	0	0	0	0	0.0332117685308817	0	0	0.0363946300847953	0	0.00470478780402442	0	0	0	0	0.0176702499207986	0	0	0.105339466870674	0	0	0	0	0	0	0	0	0	0	0.00611121172802882	0	0.00666296174432576	0.0234819922235274	0	0	0	0	0	0	0	0	0.0200541109606606	0	0.00559454139092152	0	0.00419946663908193	0	0	0	0.125875245620315	0	0	0.032284328202771	0.0175280988434742	0.024860199747248
0	0	0.22494158850268	0	0	0	0	0	0.0136076834342843	0	0	0	0	0	0	0.0122301778717353	0	0.0366480902235051	0	0	0	0.0495238486847262	0.0226949463844477	0	0	0	0	0	0	0	0.0412165809515439	0	0	0	0	0	0	0.00475392736888503	0	0.0417755279968814	0	0	0	0	0	0	0	0	0	0.00977201599048946	0	0.0435911035408424	0	0	0.0174048698345842	0	0	0	0	0	0.0130739547206622	0.00173913412838503	0.0230208087054439	0.0428820094324292	0	0	0.0119734571820104	0	0.00445587415534854	0	0	0	0	0	0	0	0	0	0.217398806517763	0	0.167295594373353	0	0	0	0	0
0	0	0	0	0.0878441475580538	0	0.00333799596251645	0	0	0	0	0	0	0	0	0	0	0.0291255188095336	0.00632108563604221	0	0	0.0509290156968788	0.00510913937095335	0	0	0	0.00605832851202119	0	0	0.0308333571226546	0	0.00861506295295266	0	0.0225171951602783	0	0	0	0.0537965407100096	0.0539333839828374	0.0237233421788815	0	0	0.0496690134454015	0	0	0	0.0764999774903072	0	0	0	0	0	0	0.0263668117717338	0	0	0	0	0	0	0	0	0	0.0224214539468223	0	0	0	0	0	0	0	0	0	0	0	0.0821222840942616	0	0	0.0930356365602814	0.0534661815072857	0.214274527530293	0	0	0	0	0
0	0	0.179562532522698	0	0.150213559589119	0	0.0105128657403904	0	0	0.0138205106397833	0	0	0	0	0	0	0	0.0384288022530152	0	0	0	0	0	0	0	0.0106996620546583	0	0	0	0	0	0	0.0631792926646863	0	0	0	0	0	0	0.0124087942429157	0	0	0	0	0	0	0	0	0	0.136949776881906	0	0	0	0	0	0	0	0	0	0	0	0.00416425836299974	0.032782428980244	0.00371440884642641	0	0	0	0	0.0101027747303443	0	0	0	0	0	0	0.00908228162183392	0	0	0.121917263544769	0	0.181186493024057	0	0	0.0212742943001526	0	0
0	0	0.203263895955788	0	0	0	0.00941050686961868	0.00287195708569779	0	0	0	0	0	0	0	0	0	0	0	0	0	0.027681251142893	0.0190060691243591	0	0	0	0	0	0	0	0	0	0	0.00892163310042987	0	0	0	0	0	0.00386162341466344	0	0.00217037271172725	0	0	0	0	0	0	0	0.177589541520429	0	0	0	0	0	0	0.00794542223948032	0	0	0	0.00385793249950552	0	0	0.0130766303856547	0	0	0	0	0	0	0	0	0.0122734390397312	0.0117709419906887	0.0102919401644717	0.0476804513548687	0.0040432542358223	0	0.169959247638148	0	0.264323889526023	0	0	0	0	0
0	0.00647109878151077	0.200840425133262	0	0.0936460074485617	0	0	0	0.0344055930407554	0	0	0	0	0	0	0	0	0.0264997800915065	0	0	0	0.0732783640366596	0.00472931577554059	0	0	0	0	0	0	0	0	0.00598952941831828	0	0	0	0	0	0	0.0868328784449912	0.048603627492169	0	0	0	0	0	0	0	0	0	1.83899125047815e-08	0	0	0	0	0	0	0	0	0	0	0	0	0.0192113907471291	0.0269307130256106	0	0	0	0.00400848514738373	0	0	0	0	0.0039299741589923	0	0	0	0	0	0.116241165756433	0	0.248381633111264	0	0	0	0	0
0.0135752781055032	0.00160648213179891	0.168468497289765	0.0119847135642353	0.109244574589999	0	0	0.00291491204369944	0	0.00806836541128987	0	0	0	0	0.0109736766712202	0	0.0137184930406865	0	0	0	0	0.0498497885376957	0	0	0	0	0.0557764175103035	0	0.0178876499110112	0	0	0	0	0.050646149959395	0	0	0	0	0	0.00983738743564786	0	0	0	0	0	0	0	0.0181326905935651	0.0112394485855202	0	0	0	0	0	0.00391920923286464	0	0	0	0	0	0	0	0	0.0162853381055267	0	0	0	0.0235189065484034	0	0	0.00408455599603431	0	0.0183077973241599	0	0.0134728057915513	0.0646086837389452	0	0	0.167375714630685	0	0.0907525821148086	0	0	0.0437498811356851	0	0
0	0	0.226267092351421	0	0	0	0	0	0.0229492027474317	0	0.0163581079244313	0	0	0	0	0	0	0.00388041658373383	0	0	0	0	0.00371029929595817	0	0	0	0.0479422021033079	0	0	0	0	0	0	0.0393771917322873	0	0	0	0	0.0214476060256889	0.0323555977677437	0.00659466632567793	0	0	0	0	0.00773358321331015	0.0440787627143376	0	0	0	0	0	0	0	0	0	0	0	0	0.0178042291872278	0	0	0.0198116883983155	0.01129489901477	0	0	0	0	0	0	0.0110070913528126	0	0.0128059407500196	0	0	0	0	0	0.184063560830608	0	0.250364424190753	0	0	0.0201534374901631	0	0
0	0	0.178260308167561	0	0	0	0	0	0	0.00739866777103364	0	0	0	0	0	0	0	0.049236839023873	0	0	0	0.0598086553214313	0	0	0	0.0368044623691418	0	0.00625293805075228	0	0	0	0.00745669207356069	0.0402139927981249	0	0	0.00797972957651412	0	0	0	0.0281295401058527	0	0.0042994628424903	0	0	0	0	0	0	0	0.144350173544246	0	0	0	0	0	0	0	0	0	0	0	0.0175867755575702	0.00545777169424135	0.00330612743581381	0	0	0	0.0161647721452919	0	0	0.0488147897997534	0	0	0.015670789392555	0	0	0	0	0.122877568049097	0	0.128710103590705	0.022030630862243	0.0491892098281462	0	0	0
0	0	0.288716968971927	0	1.84984960689013e-08	0	0.01340906005804	0	0.0197770743412528	0	0	0	0.0104209745209561	0	1.84502019959387e-08	0.00322755071261359	0	0	0	0	0	0.0650565526317603	0.0238500218210543	0.0115982643859749	0.00608076210866599	0	0	0	0	0	0	0.0106618925035526	0	0.0669295905757052	0	0	0	0.040895792007546	0	0	0	0	0	0	0	0	0	0	0	0	0	0	0	0	0	0	0	0	0	0	0	0	0	0.00449848272669691	0	0	0.00857070340317658	0	0	0	0	0	0	0.0117217818861618	0	0.029588734821196	0	0	0.179040282878952	0	0.18938513631787	0	0.0101553266536769	0	0	0.00641500972452286
0	0.00201582754381904	0.237556643894863	0	0	0	0	0	0.0173959165157112	0.0113989398936904	0.0179576212046864	0	0.00807537816948804	0	0	0.00246184342444403	0	0	0	0	0	0.103359692753063	0.00530723028411156	0	0	0.0277505898096819	0	0	0	0	0	0	0.0427884212250091	0.0332776349220652	0	0	0	0.0180696462218216	0.00676639101083541	0.0299242038523822	0	0	0	0	0	0	0	0	0	0.127941637868768	0	0	0	0	0	0	0	0	0	0	0	0	0.0461131298076249	0.00658486232334336	0	0	0.00453728437864354	0.0107613370649606	0	0	0	0	0	0	0	0.0278340906545828	0	0	0.0363147813888278	0	0.130531157711909	0	0	0.00994810094392453	0	0.0353276371317432
0	0.0203766170183172	0.293581518190459	0	0	0	0	0	0	0.00596092506024213	0	0	0.00309584298512425	0	0	0	0	0	0.00453173341444406	0	0	0.00469648079548548	0	0	0.0283722763316432	0	0	0	0.00982356082048525	0.011522823747265	0	0	0.0358960254595915	0	0	0	0	0	0	0.022388059567913	0	0.0031597668373456	0	0	0.0272531117844409	0	0	0	0.0404303765479382	0	0.0205736439067734	0	0	0	0.00729943919389658	0	0	0	0	0	0	0	0.0271955041234845	0.0163807920969951	0	0	0	0	0.00264520861622153	0	0	0	0	0	0.0225042603003119	0	0	0	0.212706697338209	0	0.145187102278889	0	0.00918447965773276	0.0252337539267912	0	0
