A[C>A]A	A[C>A]C	A[C>A]G	A[C>A]T	C[C>A]A	C[C>A]C	C[C>A]G	C[C>A]T	G[C>A]A	G[C>A]C	G[C>A]G	G[C>A]T	T[C>A]A	T[C>A]C	T[C>A]G	T[C>A]T	A[C>G]A	A[C>G]C	A[C>G]G	A[C>G]T	C[C>G]A	C[C>G]C	C[C>G]G	C[C>G]T	G[C>G]A	G[C>G]C	G[C>G]G	G[C>G]T	T[C>G]A	T[C>G]C	T[C>G]G	T[C>G]T	A[C>T]A	A[C>T]C	A[C>T]G	A[C>T]T	C[C>T]A	C[C>T]C	C[C>T]G	C[C>T]T	G[C>T]A	G[C>T]C	G[C>T]G	G[C>T]T	T[C>T]A	T[C>T]C	T[C>T]G	T[C>T]T	A[T>A]A	A[T>A]C	A[T>A]G	A[T>A]T	C[T>A]A	C[T>A]C	C[T>A]G	C[T>A]T	G[T>A]A	G[T>A]C	G[T>A]G	G[T>A]T	T[T>A]A	T[T>A]C	T[T>A]G	T[T>A]T	A[T>C]A	A[T>C]C	A[T>C]G	A[T>C]T	C[T>C]A	C[T>C]C	C[T>C]G	C[T>C]T	G[T>C]A	G[T>C]C	G[T>C]G	G[T>C]T	T[T>C]A	T[T>C]C	T[T>C]G	T[T>C]T	A[T>G]A	A[T>G]C	A[T>G]G	A[T>G]T	C[T>G]A	C[T>G]C	C[T>G]G	C[T>G]T	G[T>G]A	G[T>G]C	G[T>G]G	G[T>G]T	T[T>G]A	T[T>G]C	T[T>G]G	T[T>G]T
167	73	21	94	164	121	36	101	132	85	17	100	156	144	17	208	81	49	16	87	62	76	21	103	46	41	14	63	177	110	13	241	213	87	263	105	120	119	182	155	113	114	216	114	343	179	138	192	60	55	61	127	27	67	55	54	20	19	31	41	120	56	37	94	162	58	174	194	76	72	98	89	70	39	67	66	87	59	78	96	37	18	56	64	22	41	47	79	20	14	54	28	40	60	50	126
189	90	23	95	159	108	28	119	158	78	26	112	180	140	33	233	92	60	14	104	61	74	10	106	65	44	8	58	174	110	21	233	150	87	238	135	129	117	174	154	115	102	162	93	293	168	150	248	71	48	53	139	23	63	44	61	34	38	45	42	127	43	30	101	163	54	122	173	78	86	100	103	62	38	56	79	104	62	73	89	42	33	56	71	28	39	56	81	16	11	52	17	39	52	37	110
177	102	10	84	187	112	31	98	163	73	18	110	169	135	26	196	80	81	10	80	64	76	19	107	47	41	17	60	170	121	9	216	195	98	281	146	139	116	211	142	124	104	196	98	325	215	136	206	62	53	75	124	23	50	48	47	29	34	52	62	123	62	37	108	203	87	163	198	77	69	90	88	73	43	70	82	78	45	56	87	37	26	51	62	30	38	41	67	17	14	39	27	43	61	59	138
165	99	18	83	166	111	31	87	159	83	24	111	164	154	25	224	80	51	8	86	69	56	17	100	42	43	5	62	171	112	13	254	196	76	246	139	137	129	178	154	121	115	203	113	308	170	143	198	79	47	57	150	25	50	39	54	35	23	41	39	126	59	35	109	189	73	128	167	70	89	104	121	60	46	45	59	97	60	56	118	35	43	54	76	23	37	32	51	29	18	39	26	55	65	67	100
204	77	11	91	152	103	25	102	123	72	15	96	181	151	37	208	72	54	13	100	54	62	9	83	53	44	15	56	176	105	12	265	182	104	265	146	145	134	192	147	114	103	175	115	351	174	115	233	71	52	65	144	23	75	51	36	40	25	35	44	93	56	33	131	185	63	166	202	81	65	98	87	55	48	69	76	83	63	62	92	24	29	43	65	33	37	57	73	12	15	41	40	50	55	58	127
180	94	12	86	143	111	23	112	136	66	13	104	170	125	33	190	102	56	13	113	75	80	11	101	42	55	16	62	181	104	13	257	179	94	238	144	124	116	205	153	123	105	161	98	303	164	142	217	57	58	66	149	26	70	32	44	39	27	46	44	125	40	39	100	178	72	145	151	74	69	89	109	76	50	71	58	95	63	48	101	44	30	49	64	23	37	57	59	24	10	36	25	41	59	65	136
186	104	15	103	163	130	34	100	137	67	17	97	179	155	29	211	100	60	12	80	55	65	5	102	57	43	12	67	209	117	13	274	178	102	248	115	140	94	191	172	119	93	191	97	296	175	138	246	61	56	70	139	22	68	47	60	26	36	32	40	107	69	29	141	158	57	148	182	68	98	86	84	65	57	51	56	67	64	70	128	42	38	48	59	25	37	51	64	17	8	50	32	43	49	54	119
174	83	18	71	178	92	28	121	149	87	15	101	190	144	32	197	92	57	8	100	70	61	22	73	41	26	5	64	172	133	14	243	201	94	261	141	118	135	200	130	158	91	186	94	298	169	117	205	73	52	76	131	27	60	45	45	37	43	41	37	125	54	29	93	184	59	143	163	69	78	91	106	57	50	72	73	107	64	62	96	48	36	54	78	24	31	43	68	24	13	47	31	49	64	45	93
185	95	12	73	147	117	22	101	136	76	25	122	194	176	22	203	88	46	17	84	65	71	10	86	45	56	6	63	179	118	12	254	214	117	247	128	159	117	169	136	96	116	196	97	288	160	128	215	61	56	56	150	35	60	47	62	36	32	31	47	132	60	48	127	185	74	178	192	64	77	77	112	84	44	72	58	89	65	55	101	37	26	72	56	27	41	34	57	16	13	27	32	43	52	44	126
170	100	16	122	164	108	35	98	159	91	23	101	185	167	12	188	91	64	12	89	59	64	14	94	32	38	14	53	164	101	18	238	163	119	228	133	135	116	211	150	124	109	176	110	313	189	134	218	70	64	72	122	24	62	41	56	26	30	37	51	144	60	46	124	207	74	134	160	88	59	101	106	68	43	55	81	82	79	53	103	33	30	56	77	30	39	33	74	15	12	42	37	48	54	68	114
190	96	10	67	173	127	20	123	154	67	23	115	191	158	19	218	92	55	15	87	77	87	17	105	46	55	11	57	182	112	14	271	168	110	284	133	135	143	177	146	139	118	186	105	290	177	139	217	72	50	51	142	28	56	41	59	32	29	46	59	113	66	30	113	176	63	149	187	77	58	100	96	72	47	69	72	100	66	62	106	47	31	57	74	24	26	38	68	15	13	43	30	46	62	54	112
169	94	13	87	162	91	37	80	136	70	24	98	191	121	26	188	81	46	16	94	71	64	19	108	39	39	6	62	177	95	18	243	153	103	258	139	113	117	193	178	120	101	190	103	327	159	130	219	53	58	65	138	36	67	45	49	34	26	27	38	111	49	33	116	156	57	182	174	70	79	106	96	57	42	73	57	102	57	61	90	37	11	41	70	17	35	38	62	14	13	46	25	38	69	61	134
175	96	20	101	164	138	19	102	133	76	21	108	171	136	33	219	96	49	12	99	62	71	15	97	45	62	15	45	164	102	12	229	199	109	260	122	122	106	185	158	126	128	189	119	290	190	133	214	54	72	53	137	22	57	40	48	29	33	34	53	128	63	31	134	192	57	177	179	77	68	94	108	67	33	63	73	91	64	61	78	50	26	53	70	33	36	51	61	22	19	53	37	37	58	51	117
157	106	12	69	154	83	14	103	167	77	17	101	198	138	35	200	88	55	12	92	80	61	17	85	58	48	14	59	167	107	18	249	179	109	265	152	105	145	166	135	108	105	174	100	334	165	133	217	75	52	68	111	36	61	48	50	35	33	32	48	97	55	47	104	192	67	157	182	77	67	88	89	52	35	92	80	97	76	65	99	34	27	52	65	20	37	47	61	21	13	38	36	44	66	47	104
204	79	12	103	149	129	36	102	150	76	18	97	176	139	39	210	97	46	11	78	61	73	12	84	36	44	15	51	167	107	16	258	178	124	267	127	140	118	175	169	106	123	194	119	302	194	143	214	89	52	63	155	27	72	45	59	36	29	42	37	137	66	37	112	179	64	186	161	86	77	95	89	49	32	65	65	103	60	43	112	32	22	58	69	24	27	47	50	19	15	47	40	63	52	71	104
167	93	17	88	165	97	27	96	147	88	15	118	164	137	44	214	73	61	13	98	72	86	16	92	47	42	8	52	186	109	15	243	202	97	235	127	129	119	199	163	115	104	176	85	305	170	147	221	59	56	68	136	33	42	48	50	36	30	37	41	114	60	27	109	186	57	136	181	67	77	109	104	71	33	48	60	78	74	46	81	47	28	60	73	17	33	50	64	19	20	40	29	47	63	49	120
160	108	24	89	146	108	21	105	146	65	12	90	171	136	28	193	79	67	16	98	67	66	12	94	48	53	10	54	148	132	19	266	190	93	260	128	133	122	171	148	126	120	178	107	324	177	151	231	74	47	62	131	28	67	47	43	28	29	43	44	125	54	47	115	193	64	146	176	75	77	103	74	69	56	79	70	90	69	68	89	46	28	45	55	18	39	48	73	30	16	34	40	51	63	60	111
155	94	25	119	156	96	27	123	142	75	30	122	200	139	27	178	99	62	12	80	56	74	16	75	39	37	11	53	175	107	14	246	158	97	264	123	159	113	190	141	134	107	196	93	311	194	150	230	61	58	60	150	31	60	47	49	27	27	50	45	126	42	39	125	180	76	170	186	52	75	84	78	69	47	71	78	94	65	50	87	27	25	54	80	24	55	47	72	27	8	39	31	38	50	64	126
158	103	13	98	176	97	30	85	166	74	24	114	216	156	39	190	97	62	13	99	65	55	14	111	44	30	12	69	167	98	13	255	184	106	272	131	145	113	193	148	112	91	184	95	340	186	135	202	86	55	52	159	33	54	37	45	29	31	41	44	146	62	53	116	188	69	148	171	80	93	77	112	67	35	70	72	124	63	50	74	36	18	46	81	17	36	48	68	14	18	33	37	55	66	55	123
194	86	18	87	146	111	28	108	133	79	18	87	178	158	36	210	92	55	15	92	65	72	20	100	35	47	9	59	170	120	17	242	178	93	251	149	133	132	167	162	117	117	171	123	318	155	148	197	65	65	83	131	30	66	44	61	17	26	47	31	124	51	41	117	170	73	160	169	66	76	99	89	54	36	74	86	90	78	64	83	39	40	45	81	29	40	44	62	11	13	45	27	49	47	49	122
208	85	15	90	183	120	29	97	167	83	12	106	185	130	19	202	70	60	21	89	49	77	8	124	51	54	10	57	162	81	7	267	165	92	254	121	133	100	192	160	107	97	164	91	287	170	116	227	89	57	61	135	30	54	41	57	35	40	40	43	123	56	32	114	184	82	154	171	76	71	98	95	60	51	64	58	97	73	66	83	33	32	71	75	31	26	48	62	13	12	48	34	41	49	54	112
177	95	15	85	159	127	31	117	149	70	24	113	199	123	33	167	79	47	4	111	57	74	12	105	43	49	15	44	182	121	15	210	165	91	262	146	152	116	187	140	132	90	158	95	306	163	148	210	65	65	65	150	38	55	53	54	24	28	44	50	128	45	45	118	191	73	167	164	90	98	95	116	51	41	60	93	89	83	49	114	34	29	57	69	29	49	46	60	24	9	36	36	45	44	56	117
174	75	11	89	142	124	34	90	164	81	22	109	178	142	30	234	81	60	10	89	68	53	13	80	46	42	11	62	189	107	19	250	181	120	238	132	155	128	185	155	114	79	202	92	336	151	128	193	72	59	62	143	30	64	44	52	28	22	54	53	106	59	43	99	190	72	158	186	70	83	87	97	63	49	47	80	99	66	64	88	35	31	48	61	17	37	40	65	25	16	44	38	54	51	56	115
147	108	6	111	159	114	32	115	134	72	21	110	204	150	23	225	79	64	11	99	63	60	8	105	47	32	14	47	148	113	20	245	198	96	277	126	152	139	172	171	131	104	173	104	323	162	156	204	66	40	58	118	39	62	46	60	38	32	45	49	114	61	32	86	169	74	148	149	87	77	87	120	63	38	57	63	117	53	61	96	31	30	45	79	18	31	45	74	12	19	32	34	38	60	52	118
163	85	11	87	153	114	32	114	154	53	16	117	156	125	27	265	91	59	14	102	58	76	19	99	34	54	16	50	202	108	13	243	189	115	230	125	125	136	174	146	111	113	183	103	306	165	124	204	70	47	54	140	38	62	34	57	26	30	32	47	119	66	30	104	212	65	175	169	62	91	98	86	59	45	83	66	88	70	55	95	32	17	40	72	25	35	50	59	21	11	52	27	43	56	55	120
173	104	19	90	162	103	23	123	129	67	11	120	177	152	34	205	73	53	6	114	62	68	15	106	35	47	20	60	170	93	8	248	174	101	292	146	126	147	169	152	121	103	214	110	330	192	154	233	77	39	74	128	34	59	43	52	34	24	41	53	121	57	36	114	186	64	189	156	70	68	80	86	57	51	78	82	100	78	61	121	35	23	53	58	24	27	55	66	16	14	41	22	54	54	30	117
141	87	21	93	168	129	23	102	154	77	21	111	159	144	38	197	86	59	11	94	66	55	14	78	38	37	14	53	184	110	13	260	184	125	259	104	129	124	193	136	117	104	183	112	336	154	127	211	69	73	60	143	27	60	48	48	33	39	35	40	122	59	39	122	195	71	179	200	67	80	89	102	64	38	65	77	113	72	60	90	32	34	48	54	23	39	45	78	22	12	34	33	59	57	60	115
194	107	19	100	154	100	27	120	144	63	19	99	176	145	26	193	81	70	12	91	63	72	16	87	45	34	13	64	179	105	12	256	179	108	266	127	150	138	185	144	103	105	174	97	297	189	146	205	76	56	69	140	31	52	45	48	29	29	51	43	125	45	36	114	186	66	146	169	68	91	113	79	69	47	68	73	114	80	51	104	30	27	51	63	29	36	41	62	16	16	54	26	45	76	37	115
162	94	18	82	140	101	30	87	139	71	22	110	179	156	22	219	81	54	8	108	59	62	20	92	38	37	8	59	166	108	25	240	172	97	260	125	131	130	186	144	130	95	176	124	287	173	126	189	68	56	49	143	25	76	35	52	35	27	41	31	132	59	40	116	189	60	150	170	70	80	113	117	77	36	54	60	89	58	52	104	41	39	47	63	20	44	42	70	24	10	42	23	49	69	61	131
157	100	18	67	167	113	26	107	154	59	15	85	169	151	21	200	94	61	11	97	68	80	17	79	31	35	10	58	152	118	11	266	184	104	248	112	158	126	206	138	131	100	175	95	305	175	128	190	75	53	63	138	32	71	42	51	31	24	26	30	126	53	31	125	189	84	171	172	59	74	113	100	72	40	62	63	106	64	51	97	25	38	42	59	21	46	39	80	21	17	34	30	43	57	56	128
166	96	21	93	142	104	25	92	148	84	34	98	196	146	47	211	79	60	16	102	69	70	18	100	50	33	11	53	161	113	15	256	157	98	229	121	160	124	202	156	107	93	192	105	296	175	118	203	82	66	54	135	27	57	35	49	37	24	36	42	130	62	42	103	191	60	173	181	75	78	101	92	69	38	85	64	95	47	66	96	39	36	56	69	18	33	45	58	16	9	37	39	51	58	49	120
195	83	17	88	167	101	21	103	150	81	10	111	190	133	26	197	91	53	11	97	57	60	11	108	39	42	14	55	168	105	15	261	182	93	247	131	132	121	191	142	112	96	179	107	337	176	136	224	68	55	81	150	26	68	37	39	29	30	41	56	118	54	50	110	172	79	154	169	70	62	95	100	70	36	61	64	79	60	60	105	32	39	62	63	19	36	48	82	18	11	37	37	52	52	56	144
176	92	18	87	166	90	29	101	157	72	27	95	179	129	37	187	85	57	10	84	73	63	22	106	39	49	7	57	164	95	15	246	189	103	275	142	159	112	204	141	123	104	162	85	294	192	129	212	51	69	56	144	21	58	47	62	27	22	51	46	133	58	40	113	189	76	165	149	77	78	100	85	68	45	53	78	97	72	57	100	36	33	42	58	21	27	46	63	15	16	37	30	40	48	52	124
151	95	16	89	168	111	18	96	152	70	20	83	174	135	20	194	88	60	6	102	61	51	9	100	41	40	12	62	178	104	16	262	166	86	246	148	119	132	216	134	135	104	179	119	322	184	130	212	55	53	63	137	33	48	30	40	30	22	38	49	131	51	31	123	225	84	170	152	58	58	98	86	69	54	60	64	111	76	52	122	37	41	54	68	19	49	48	64	14	12	38	29	51	55	57	121
157	90	28	96	155	98	28	98	165	73	16	119	195	142	23	215	90	59	12	89	59	63	13	97	41	37	7	36	155	112	11	233	166	96	258	121	167	100	143	145	102	116	171	99	300	184	135	216	80	53	70	158	24	53	38	47	35	21	37	42	129	52	27	114	184	70	131	164	75	72	103	111	54	54	62	72	90	53	54	108	33	29	53	66	24	50	46	74	20	12	44	27	42	73	50	138
172	102	17	88	153	113	36	108	119	85	28	98	189	155	29	228	102	51	16	79	73	65	19	115	36	40	8	56	172	107	14	262	151	83	239	143	131	122	187	174	114	109	172	91	315	168	129	207	63	50	76	142	29	51	58	48	29	26	45	39	119	53	43	119	177	69	150	193	80	70	84	111	55	41	69	64	117	53	56	100	41	35	40	64	15	48	58	65	24	7	30	25	52	60	67	130
169	109	11	77	162	105	27	92	166	76	12	114	163	146	27	214	90	49	14	111	66	78	23	90	57	51	11	58	200	99	13	260	165	98	246	147	116	133	202	158	106	119	204	120	354	173	137	216	69	54	67	151	28	61	42	45	37	19	35	54	104	54	38	89	187	63	153	178	70	85	108	100	74	45	73	61	101	66	63	96	30	18	47	70	25	27	53	62	13	11	51	27	33	57	46	100
165	114	11	89	160	86	24	113	132	59	12	96	193	140	34	206	83	56	17	105	47	71	13	113	48	34	6	64	155	96	17	282	193	96	227	109	114	129	191	154	134	115	205	93	294	165	135	229	67	55	73	141	25	84	35	55	34	25	41	43	136	52	31	127	200	55	134	208	77	83	83	102	77	42	70	62	117	59	71	84	43	26	51	85	17	40	45	75	14	12	48	33	43	51	45	120
164	101	10	93	154	96	25	99	162	64	21	92	158	144	22	220	82	67	26	100	94	51	15	99	31	32	9	39	170	88	11	240	201	95	250	146	128	138	171	150	131	108	183	99	330	185	124	219	62	52	67	147	25	64	29	61	24	41	46	45	122	61	49	104	170	70	137	161	87	65	95	86	76	54	56	60	103	61	56	115	33	26	52	77	30	36	40	61	23	8	47	28	53	53	62	140
180	91	12	96	154	104	27	80	150	71	16	94	163	139	27	180	103	65	12	85	69	84	13	114	44	33	10	71	155	108	13	248	179	101	269	116	151	139	162	196	122	103	176	110	304	198	146	246	70	69	73	140	32	49	38	55	24	27	44	40	122	45	39	130	197	57	155	193	83	74	99	99	46	33	79	75	82	54	75	102	48	26	46	71	24	53	50	63	17	18	46	30	53	53	53	99
165	91	14	89	135	104	27	103	134	79	18	117	192	159	38	183	89	47	11	96	74	63	16	82	53	42	12	72	215	105	24	237	175	109	252	129	123	142	201	157	142	125	179	85	287	176	159	217	69	58	55	147	27	66	44	58	26	28	36	49	132	59	32	143	173	71	147	186	59	63	77	90	69	43	79	75	75	73	50	110	41	36	49	99	19	32	59	68	32	18	40	34	39	74	65	120
159	92	12	93	140	103	21	101	135	70	19	121	162	134	28	189	81	49	16	88	77	70	22	122	47	36	7	53	165	94	17	249	167	112	275	139	122	135	189	169	156	108	192	96	293	170	114	200	77	76	77	158	29	64	33	57	25	31	43	45	105	46	30	99	195	58	142	153	77	73	109	101	58	39	84	89	110	59	48	99	37	39	45	77	24	37	33	63	12	15	51	28	47	75	53	111
140	103	20	77	141	93	26	101	140	68	16	121	198	156	34	189	95	40	13	96	66	67	18	126	35	29	10	57	172	109	23	251	172	95	249	110	128	114	181	119	114	100	192	111	299	165	135	215	73	34	74	147	36	51	35	58	35	33	29	43	119	57	42	98	195	58	134	192	68	94	99	108	59	35	65	60	107	86	59	98	30	38	57	69	27	43	40	77	20	14	51	21	47	44	42	131
149	99	21	92	149	104	30	115	136	89	15	136	182	138	26	225	86	66	12	102	49	73	16	82	44	35	17	53	188	103	12	247	179	106	273	133	139	126	199	140	110	98	190	103	317	187	154	179	68	53	62	103	27	74	54	70	30	24	43	47	136	51	29	92	216	67	145	203	78	74	101	90	68	51	63	75	79	56	55	99	32	25	49	69	22	35	28	52	25	8	38	21	50	53	56	127
207	91	23	79	143	97	23	119	150	64	15	105	209	142	27	197	74	57	17	75	64	76	11	70	45	37	8	75	190	112	16	266	160	93	272	114	133	131	163	157	128	111	211	93	300	205	130	215	65	38	65	161	19	61	41	57	29	33	38	44	132	57	35	121	217	64	137	166	75	68	96	90	69	42	75	72	106	76	66	101	34	25	58	65	20	40	40	57	22	12	42	32	53	55	56	122
171	85	10	89	167	106	21	88	146	73	11	127	175	148	35	186	84	50	13	102	65	68	20	94	49	55	14	56	166	108	14	222	173	88	264	136	137	145	186	161	130	108	180	78	294	165	146	227	61	58	66	155	32	53	43	56	35	37	45	57	119	46	36	107	177	83	156	186	64	75	125	102	63	29	65	55	97	61	51	85	39	23	51	53	24	39	34	62	15	19	35	40	55	59	59	130
173	78	24	82	160	105	29	88	151	80	25	92	184	153	33	214	70	55	13	94	61	73	17	93	35	50	11	71	176	137	15	231	195	117	291	137	141	119	174	169	107	130	177	106	308	175	149	222	50	70	62	144	36	90	29	43	36	30	46	54	129	50	40	108	204	69	154	161	81	87	92	92	70	43	75	65	116	59	61	106	35	28	32	59	23	37	40	58	22	15	36	23	34	54	50	116
169	95	12	86	138	116	31	103	135	79	19	97	171	132	22	204	92	46	12	90	54	64	12	87	31	37	8	56	171	109	19	227	156	96	250	134	136	112	176	161	122	132	169	119	313	162	123	199	69	61	66	135	27	65	51	68	31	24	33	48	124	74	38	112	174	75	138	169	86	77	90	93	71	40	56	66	104	73	69	89	25	33	49	66	23	37	53	66	19	12	34	33	43	52	44	119
174	105	14	68	146	113	23	90	135	72	18	97	167	141	27	178	63	55	8	86	55	64	18	80	53	33	7	50	169	110	9	247	151	106	272	127	127	142	180	131	110	107	190	99	310	199	137	245	73	46	55	112	42	52	36	58	27	26	36	48	147	60	40	125	179	77	154	168	59	52	95	80	76	51	63	63	103	65	63	107	32	36	54	73	20	34	45	57	21	16	37	37	46	50	60	123
167	85	16	95	134	99	28	94	148	70	18	95	186	141	22	207	86	58	10	86	78	79	11	92	45	35	14	53	170	101	12	249	188	100	284	119	129	133	197	123	117	103	180	93	331	176	133	215	71	59	62	128	23	58	43	50	30	32	57	53	136	53	41	123	211	79	150	172	83	73	93	98	67	67	71	75	95	69	51	106	31	24	70	74	21	36	43	75	26	19	46	27	55	39	62	98
165	95	25	92	142	104	20	96	133	80	22	96	175	144	33	205	81	45	13	99	81	73	14	90	39	43	7	61	192	91	13	243	184	88	283	107	131	136	207	170	129	92	172	118	308	165	160	213	66	56	80	133	31	53	38	59	34	49	34	55	134	48	51	131	177	63	144	210	65	78	114	114	63	41	67	69	99	54	51	95	43	35	61	57	15	42	46	66	19	12	46	39	38	48	52	98
187	101	11	85	150	104	37	105	142	76	19	106	182	159	19	206	82	55	6	93	68	81	20	88	36	46	12	52	196	111	15	224	153	98	258	131	128	109	190	159	111	116	198	103	281	152	123	213	60	56	67	145	35	66	45	58	33	35	45	60	127	52	40	110	183	63	136	167	70	73	81	100	54	54	68	67	116	62	50	110	50	34	61	66	20	37	40	71	25	10	42	28	58	46	52	115
158	118	20	84	152	115	26	118	152	89	24	100	180	145	32	194	84	53	7	95	64	76	28	86	32	35	11	64	187	102	21	268	153	103	247	120	126	130	206	176	138	116	174	105	304	175	133	216	71	48	66	158	25	64	44	56	32	23	36	59	133	58	37	116	201	67	162	184	81	69	83	99	62	35	60	74	101	65	55	95	53	35	59	72	24	34	43	75	18	12	52	35	58	55	37	129
168	105	20	88	153	120	24	86	140	52	17	95	163	139	35	194	75	64	11	92	60	70	12	85	45	41	13	61	147	107	5	236	171	83	242	132	144	118	198	162	143	79	213	92	303	185	125	202	63	53	75	124	26	54	41	59	24	30	52	45	124	47	36	139	203	63	153	209	72	69	86	90	55	31	62	65	97	77	62	100	35	41	49	67	24	38	48	73	15	8	50	35	49	60	74	123
159	89	18	124	121	113	23	107	153	80	21	111	193	136	17	242	77	58	14	97	63	67	17	101	52	48	7	64	173	110	16	247	177	107	229	122	121	139	230	161	113	98	167	131	334	182	147	216	63	54	66	116	33	48	45	61	24	23	45	40	118	60	41	113	188	66	157	177	75	72	108	94	72	42	67	68	81	70	63	113	37	28	56	74	24	43	42	63	27	11	39	27	36	68	45	122
168	96	14	75	129	102	25	96	140	65	21	104	181	118	31	211	81	58	18	88	61	61	14	110	46	39	7	62	179	107	15	266	204	96	250	142	120	122	197	163	125	88	169	100	296	201	143	177	73	55	72	132	29	50	64	39	40	23	43	41	135	52	28	130	205	56	182	189	79	82	87	82	58	38	70	78	99	65	54	104	33	29	55	68	17	36	43	56	24	17	47	25	41	53	54	110
184	92	17	82	148	123	27	93	148	71	23	103	196	144	33	212	91	59	17	87	51	71	9	103	41	51	14	68	178	120	26	252	177	106	264	136	146	122	188	134	102	120	186	97	309	178	136	249	70	62	78	145	20	56	40	37	29	20	47	61	108	57	33	126	211	64	148	199	72	79	87	98	75	50	72	70	85	51	78	96	31	49	59	64	23	43	47	80	25	9	46	29	48	45	67	110
186	88	20	81	140	100	26	119	147	71	20	121	181	128	33	193	85	57	11	84	62	59	13	90	37	36	18	54	166	116	21	230	182	99	241	121	130	133	182	140	130	103	193	87	259	188	122	213	55	58	64	139	21	76	48	62	42	38	44	40	122	70	45	120	192	78	173	177	52	72	92	108	78	38	71	78	103	55	64	96	40	33	49	77	18	36	54	67	29	11	45	26	38	60	42	121
171	98	16	85	153	103	16	119	142	79	17	113	184	159	35	209	90	59	13	115	67	75	13	97	41	36	13	51	192	118	13	250	175	114	229	128	130	152	184	159	105	116	175	91	285	144	127	197	66	48	70	145	34	63	52	56	37	30	40	44	115	62	39	112	190	63	153	158	78	64	87	90	56	37	68	85	82	58	62	96	37	40	47	74	9	43	37	54	11	13	51	32	55	58	53	107
154	95	15	86	156	93	18	105	152	75	15	96	194	149	17	233	80	57	12	93	70	63	10	89	38	41	14	56	159	99	22	212	175	102	274	148	129	136	181	152	114	113	183	100	303	174	157	199	73	50	74	123	39	45	41	49	34	28	37	41	139	42	30	97	178	63	168	180	78	64	93	94	62	48	77	83	116	61	55	100	36	28	61	63	25	37	43	58	11	24	39	46	62	79	52	109
184	115	17	81	166	100	26	89	144	70	17	103	184	153	34	234	83	54	7	108	59	71	12	91	40	51	7	48	219	98	9	301	160	99	279	128	136	121	167	169	128	122	162	101	319	190	131	212	60	45	59	131	22	50	31	58	40	24	44	45	101	35	36	126	166	54	153	159	82	59	88	105	67	49	62	61	98	59	49	87	29	32	44	54	26	39	49	49	24	15	41	25	49	43	45	108
141	85	17	68	147	110	28	96	140	71	19	108	170	169	23	211	102	46	13	110	53	48	21	94	39	32	12	51	144	114	16	255	188	106	244	149	128	132	164	142	108	111	185	96	310	183	141	228	56	46	68	142	31	48	44	59	36	31	33	61	123	64	30	99	176	60	143	189	83	83	93	87	59	41	100	64	87	61	39	108	34	31	53	58	24	26	48	60	26	13	41	49	38	70	53	110
159	103	14	82	133	100	28	124	157	72	19	90	175	153	44	246	89	64	21	67	73	67	14	82	42	45	6	68	149	106	12	254	179	97	235	138	117	118	214	153	124	93	190	99	291	178	138	192	63	52	65	166	30	74	56	47	30	23	35	38	106	59	38	115	169	51	169	161	70	77	86	91	65	34	72	67	87	54	65	123	33	28	44	77	22	41	61	71	10	21	35	33	50	52	55	120
152	79	7	97	183	106	36	83	136	63	22	119	172	147	32	208	118	66	21	99	74	58	16	88	31	47	11	79	158	107	18	261	176	93	248	104	136	104	195	161	133	118	209	107	313	197	135	216	63	51	66	125	32	59	43	53	39	24	43	37	136	54	42	112	175	59	148	186	70	69	92	112	65	44	72	84	85	54	57	107	34	33	53	69	19	32	47	68	22	18	42	26	50	62	60	137
190	79	15	94	164	95	16	99	144	82	21	106	156	161	26	206	75	61	12	99	73	77	22	97	44	56	3	66	180	99	18	252	162	126	287	112	143	130	189	140	115	100	202	91	318	169	160	217	78	54	54	137	31	60	42	68	32	33	40	40	111	55	41	114	164	76	160	159	77	67	94	87	64	52	79	69	100	54	60	106	35	38	46	62	24	47	45	64	15	12	48	23	29	70	46	118
197	102	16	93	142	120	25	106	155	73	10	90	168	146	33	209	84	49	14	88	63	64	15	92	44	51	9	58	162	119	9	282	173	86	224	128	118	128	185	136	110	142	199	92	281	195	145	229	83	60	44	124	15	59	42	57	34	47	43	40	111	45	36	109	205	67	150	172	63	69	101	109	74	43	80	55	107	79	42	116	37	16	32	68	23	44	59	63	25	17	42	28	48	67	47	154
176	92	16	89	156	102	20	105	149	57	18	101	168	141	41	186	76	73	14	83	57	64	20	87	52	25	13	67	198	135	11	256	204	79	269	123	122	137	205	158	121	115	195	106	315	176	127	210	54	44	60	127	26	57	37	48	22	34	43	50	119	50	43	109	194	71	148	185	67	58	95	95	65	41	61	70	113	60	54	112	52	36	53	62	18	52	55	69	24	16	38	21	45	52	57	109
185	78	11	96	124	109	30	113	140	75	18	96	179	157	21	215	78	55	12	87	67	62	14	95	50	47	10	59	171	98	21	235	180	96	270	127	145	125	184	136	110	119	214	82	336	193	140	227	61	43	74	118	27	49	46	40	36	32	44	49	121	39	39	116	175	56	170	180	93	99	106	95	67	37	78	61	85	70	48	94	41	28	44	61	18	45	44	51	20	13	36	36	48	62	47	141
190	85	15	90	153	101	28	95	142	73	15	96	158	133	30	202	105	51	17	96	54	59	14	95	51	39	12	64	172	101	12	242	183	83	266	146	132	125	195	139	91	116	177	119	281	188	146	215	70	32	70	124	29	55	48	48	27	26	51	42	140	57	36	95	199	55	184	195	72	84	93	95	67	30	61	67	113	71	66	95	43	27	53	68	23	39	50	65	17	9	49	30	45	45	48	106
159	100	25	85	145	100	33	81	151	74	19	111	159	168	30	215	73	62	16	89	67	86	11	100	48	26	6	43	163	113	13	275	159	115	256	137	129	144	170	151	130	116	210	81	281	175	113	244	61	52	61	167	32	49	49	50	33	30	46	44	138	55	34	117	187	69	145	166	75	56	98	101	76	50	50	75	79	75	68	99	41	29	46	72	14	33	51	70	22	9	68	37	54	65	51	114
146	118	16	72	179	124	26	111	179	72	16	105	168	153	30	215	87	54	15	107	47	53	9	91	47	32	18	59	187	121	16	249	153	123	263	146	137	132	187	120	114	106	182	91	281	164	150	225	64	69	67	147	23	65	32	52	51	25	41	49	124	56	37	122	204	68	164	171	66	74	102	102	62	42	62	78	97	65	64	106	34	26	41	83	29	34	29	71	19	6	51	51	47	52	46	131
172	87	17	85	163	85	30	84	167	81	13	108	185	165	43	212	95	48	12	85	66	75	12	75	35	53	6	55	153	106	17	250	187	107	295	119	129	122	181	149	129	105	198	77	295	179	149	223	91	67	64	122	36	75	50	56	36	18	35	53	118	43	38	113	187	60	157	180	79	59	83	92	64	36	71	61	90	60	51	96	32	31	60	51	18	27	41	58	19	15	47	22	44	53	52	111
171	109	15	88	171	105	34	97	144	81	21	108	185	166	34	186	92	61	16	109	60	91	17	97	48	34	10	57	162	109	14	263	196	99	273	114	136	140	195	161	120	122	187	106	323	180	123	193	65	50	50	132	24	58	46	63	34	31	38	33	118	52	51	135	191	75	152	160	70	75	97	89	63	35	74	67	87	57	59	87	29	40	49	75	24	40	47	61	18	12	37	31	43	51	49	109
190	93	23	87	165	94	38	120	134	69	19	110	163	135	38	220	103	67	8	91	73	66	18	97	30	45	10	54	153	106	10	264	179	75	265	117	118	114	178	167	125	111	193	81	309	150	141	208	79	51	55	142	39	67	51	65	35	19	30	44	118	52	43	106	185	63	141	169	80	77	105	91	83	43	64	72	91	85	68	93	38	38	46	75	24	34	48	66	16	24	38	24	63	63	48	126
151	97	25	73	152	115	28	88	148	84	12	102	174	152	30	204	84	43	10	95	64	82	15	113	48	39	13	68	182	132	17	256	184	106	226	124	140	140	192	155	118	82	176	83	295	165	148	237	67	49	71	114	27	59	36	45	34	29	33	44	116	61	35	128	186	92	148	160	67	92	83	96	51	52	88	66	74	67	59	118	33	24	49	61	31	34	38	71	16	19	37	28	43	44	45	123
198	109	27	78	168	111	24	114	147	69	25	98	170	156	26	214	112	49	12	90	76	75	12	84	45	29	17	55	178	111	15	248	176	107	243	138	141	120	198	161	120	110	187	103	305	175	126	213	76	43	70	141	30	56	40	52	33	23	51	43	144	50	18	118	191	59	176	170	88	83	84	93	67	39	79	77	87	57	55	95	26	26	30	66	29	35	48	53	14	17	36	18	42	61	46	105
182	97	15	92	135	118	25	90	139	81	23	100	205	146	33	261	88	53	20	87	54	64	19	113	49	37	8	52	183	96	15	266	168	102	243	123	130	105	173	169	123	113	179	105	309	182	150	220	70	45	76	165	25	65	42	69	27	16	32	49	103	40	29	91	184	62	150	175	81	68	80	106	70	51	73	68	76	71	64	114	28	28	54	76	27	36	42	60	21	13	42	31	45	44	49	89
164	101	15	94	168	109	33	93	149	74	23	112	179	147	34	200	75	48	19	87	64	72	19	95	54	29	14	53	206	115	8	244	183	105	271	130	134	137	203	147	115	110	187	102	272	174	158	219	70	54	55	150	26	47	36	51	31	24	30	41	113	58	33	131	174	65	141	167	65	89	83	85	74	47	59	66	110	59	61	94	40	20	60	52	18	42	40	54	19	17	48	42	55	51	53	126
174	108	18	97	163	108	23	120	131	80	17	93	176	153	29	196	78	59	7	112	66	82	8	102	54	42	11	46	168	99	13	271	212	97	280	134	137	128	208	162	150	98	201	95	312	196	135	234	68	46	67	134	31	62	51	53	29	25	36	56	125	41	56	126	197	65	165	189	69	77	94	117	55	38	57	60	87	72	46	103	36	30	70	81	27	45	57	57	27	15	47	34	39	55	51	125
156	101	18	81	133	96	21	102	137	80	20	81	154	128	37	234	86	74	18	90	65	65	15	108	39	47	10	44	180	129	21	250	197	108	249	132	142	147	202	174	106	86	152	107	330	156	139	208	67	38	70	130	25	57	41	65	37	24	39	43	135	53	48	114	193	82	161	162	74	90	85	88	64	45	69	72	78	61	65	112	37	38	50	84	18	36	42	73	15	9	55	27	53	52	46	126
173	86	21	90	179	116	29	93	168	67	23	94	195	167	26	226	76	55	14	99	87	73	16	80	37	40	4	62	166	110	9	239	195	93	249	142	135	125	176	150	152	89	184	88	350	169	148	197	69	49	66	125	26	66	29	54	28	31	37	45	123	42	31	151	195	69	143	199	89	69	73	98	65	52	69	76	107	69	47	99	27	28	54	81	17	31	54	77	31	15	34	39	30	52	56	129
148	81	15	102	180	99	22	110	162	78	22	90	184	158	21	187	92	56	11	108	72	62	12	107	38	41	11	54	173	103	19	245	204	101	226	129	124	128	174	140	115	90	165	82	323	150	132	216	71	60	78	130	23	83	43	49	39	24	51	45	103	57	38	103	157	57	136	190	95	54	97	119	53	42	64	73	90	42	68	102	39	27	48	58	30	39	57	74	23	18	34	28	45	54	60	116
177	99	19	86	150	106	29	97	137	65	22	100	198	138	20	193	74	58	8	101	58	75	10	97	34	34	13	58	172	110	17	264	187	103	207	136	135	120	217	142	152	115	179	101	319	166	112	217	59	57	60	128	21	54	39	58	35	23	47	51	115	54	41	123	187	79	169	182	71	82	106	98	62	48	67	68	95	64	62	97	31	24	43	66	20	44	59	68	25	9	40	42	54	68	69	134
158	90	14	89	152	98	22	115	158	88	19	122	181	116	31	206	95	55	17	80	66	80	16	89	51	36	13	58	172	126	20	276	184	114	300	125	118	130	226	167	145	119	200	89	276	162	107	229	47	67	80	113	27	67	39	65	29	27	44	40	117	50	34	108	176	77	160	156	56	82	109	91	56	36	74	70	94	64	54	101	40	32	47	89	26	33	40	58	21	22	23	43	38	61	42	130
156	78	21	95	151	101	30	82	138	71	30	113	179	145	30	227	78	54	11	92	58	59	13	116	43	33	12	80	172	100	22	228	196	124	273	128	147	117	192	155	113	108	175	96	297	177	135	219	93	47	67	123	26	68	40	58	29	28	35	47	106	46	40	107	175	66	178	168	87	94	109	108	76	52	74	58	74	61	50	103	38	35	36	75	22	50	46	57	18	9	39	33	47	58	62	110
179	76	17	96	170	116	20	125	150	74	15	100	167	136	26	243	92	62	11	105	66	65	12	105	39	53	10	51	183	125	21	266	158	89	246	151	125	111	178	167	126	101	153	124	281	174	136	201	70	61	65	133	36	71	36	58	32	29	30	46	124	67	39	97	208	44	152	187	75	73	103	110	74	37	59	69	100	66	61	98	41	33	48	75	29	32	31	62	25	10	30	33	60	58	66	112
181	98	23	86	144	116	26	118	124	70	16	102	160	141	32	210	94	77	14	101	56	73	13	126	30	42	14	49	199	66	16	237	161	104	261	129	131	122	198	141	116	94	169	116	303	169	133	220	76	50	54	134	31	53	38	62	32	18	38	52	136	62	30	123	195	44	167	197	72	78	79	111	69	42	69	83	80	54	64	91	33	28	59	89	18	29	50	79	17	13	38	32	57	55	47	114
185	96	12	94	152	89	24	95	145	88	25	102	157	129	32	200	74	51	10	77	75	61	13	84	36	42	8	59	183	118	12	294	170	91	250	143	165	142	191	133	134	108	177	107	320	172	160	206	72	69	75	130	38	63	34	42	25	22	43	41	107	50	35	122	208	82	164	162	84	76	76	93	59	39	63	66	75	75	77	99	32	30	46	54	22	35	38	55	20	18	43	34	59	55	52	149
169	79	17	103	192	115	31	94	132	96	22	90	176	128	34	213	93	55	9	99	72	61	18	101	50	48	6	59	191	112	11	249	191	89	233	127	140	106	182	134	145	128	159	87	290	178	142	223	65	47	55	152	24	67	36	49	39	33	44	50	123	64	31	116	175	72	139	167	100	81	96	97	61	39	85	68	107	72	57	90	35	34	49	71	27	31	46	77	21	16	43	27	37	63	56	136
166	99	16	102	154	103	21	96	140	101	20	106	190	162	39	201	97	70	14	105	67	65	18	99	49	46	8	46	180	95	11	265	191	112	270	123	122	107	183	172	112	130	159	106	283	164	133	223	78	47	59	136	18	66	38	48	30	29	41	60	138	56	28	98	187	70	161	166	63	92	63	97	69	52	77	61	81	63	62	107	43	25	47	61	29	53	49	60	15	11	52	32	39	81	47	118
172	91	11	91	156	104	24	99	134	78	18	105	178	149	26	197	93	58	9	106	57	74	20	86	39	40	10	72	190	100	10	236	188	103	269	130	146	124	198	163	107	93	198	95	323	166	120	221	77	66	76	123	35	62	40	57	25	31	42	45	134	54	36	113	191	65	162	183	79	70	81	83	72	37	58	61	96	65	56	90	36	25	44	62	21	38	56	64	18	10	48	38	61	48	68	135
188	107	20	72	157	113	30	103	114	67	15	103	160	174	27	172	91	51	13	92	72	68	16	98	35	31	9	57	168	109	19	223	181	78	247	140	135	136	188	157	104	91	191	111	285	192	121	200	77	42	70	119	23	61	46	74	30	21	35	34	122	66	52	132	169	71	150	203	74	72	100	114	63	30	66	67	82	55	59	105	28	31	49	69	27	39	52	56	19	21	37	19	39	54	44	132
169	102	21	72	166	105	20	109	146	83	22	90	185	159	24	211	81	43	13	91	76	64	23	92	49	55	12	67	161	120	21	228	201	112	243	129	158	139	207	155	113	111	203	126	295	195	145	220	58	70	68	115	33	57	55	47	31	33	43	43	140	58	51	98	189	63	168	174	59	86	101	106	75	39	79	55	101	60	82	114	50	15	55	64	17	38	60	62	13	11	48	31	48	48	56	126
190	92	12	92	149	90	20	98	159	83	15	90	166	179	26	199	92	51	11	91	62	84	12	89	42	38	9	51	192	105	19	274	179	107	281	146	146	131	164	142	120	100	189	93	349	157	139	213	68	65	68	143	20	58	40	54	27	28	51	44	118	49	48	115	207	87	168	166	75	80	96	106	78	37	79	69	82	76	57	71	44	26	52	64	23	35	42	71	22	16	41	39	49	51	58	120
173	100	24	91	150	87	27	106	138	70	28	105	212	153	33	193	108	53	10	104	66	68	17	87	38	42	6	56	190	116	16	232	149	100	269	143	156	113	200	174	131	99	212	93	314	173	151	225	78	49	63	137	27	71	35	56	42	25	43	47	118	70	30	110	206	73	164	169	65	61	102	101	70	40	68	69	97	63	61	88	36	25	35	70	21	35	59	48	20	9	47	25	66	55	56	122
180	91	16	94	161	123	18	103	118	66	17	100	188	152	32	214	79	60	10	107	58	68	12	123	32	37	11	55	173	99	17	246	199	97	273	150	141	123	191	178	102	109	189	90	318	163	142	202	68	47	71	133	31	51	44	60	42	23	42	49	134	62	43	117	212	66	156	171	67	97	96	92	70	27	73	73	90	52	56	93	36	30	55	77	32	36	61	68	29	7	40	25	46	56	53	113
176	90	13	97	153	116	31	99	144	68	21	103	193	149	28	233	82	64	19	104	77	65	15	100	48	31	12	56	197	122	12	225	180	98	297	130	142	121	168	165	110	108	195	103	259	164	137	220	90	39	70	139	33	56	37	58	28	22	56	69	122	47	41	131	205	83	145	144	76	74	86	86	63	41	67	58	85	63	66	91	48	36	60	74	18	37	44	67	25	15	47	38	38	56	39	136
155	112	22	82	150	111	30	104	123	61	16	98	178	137	26	215	91	53	7	86	81	81	7	83	49	36	15	66	183	106	15	285	183	91	261	131	143	138	186	154	118	104	170	103	310	164	125	210	79	66	84	121	24	59	53	46	31	22	36	51	122	60	38	91	162	73	134	201	84	68	107	79	59	40	60	58	102	67	64	104	36	26	52	62	25	40	48	62	21	9	40	30	38	56	43	128
181	96	19	84	188	106	27	98	156	65	19	103	170	143	27	202	80	61	14	97	68	67	13	106	53	43	15	55	190	102	12	255	173	111	243	121	131	112	178	145	123	115	158	110	308	179	113	208	79	49	68	159	32	38	57	45	44	28	69	56	127	56	35	122	190	63	143	200	59	71	83	102	71	39	66	76	85	69	57	102	26	32	60	62	23	45	38	71	24	23	39	26	55	64	49	121
167	84	12	94	152	95	24	98	138	70	18	100	204	170	24	204	90	52	11	89	69	75	16	123	29	42	8	46	179	97	14	254	170	96	255	153	142	126	173	163	123	109	170	82	292	144	151	213	65	47	46	131	33	70	35	65	22	25	36	46	120	47	33	105	178	72	141	198	83	67	84	91	73	34	69	66	69	69	62	106	29	26	43	68	20	45	43	74	16	14	39	31	59	52	55	121
