A[C>A]A	A[C>A]C	A[C>A]G	A[C>A]T	C[C>A]A	C[C>A]C	C[C>A]G	C[C>A]T	G[C>A]A	G[C>A]C	G[C>A]G	G[C>A]T	T[C>A]A	T[C>A]C	T[C>A]G	T[C>A]T	A[C>G]A	A[C>G]C	A[C>G]G	A[C>G]T	C[C>G]A	C[C>G]C	C[C>G]G	C[C>G]T	G[C>G]A	G[C>G]C	G[C>G]G	G[C>G]T	T[C>G]A	T[C>G]C	T[C>G]G	T[C>G]T	A[C>T]A	A[C>T]C	A[C>T]G	A[C>T]T	C[C>T]A	C[C>T]C	C[C>T]G	C[C>T]T	G[C>T]A	G[C>T]C	G[C>T]G	G[C>T]T	T[C>T]A	T[C>T]C	T[C>T]G	T[C>T]T	A[T>A]A	A[T>A]C	A[T>A]G	A[T>A]T	C[T>A]A	C[T>A]C	C[T>A]G	C[T>A]T	G[T>A]A	G[T>A]C	G[T>A]G	G[T>A]T	T[T>A]A	T[T>A]C	T[T>A]G	T[T>A]T	A[T>C]A	A[T>C]C	A[T>C]G	A[T>C]T	C[T>C]A	C[T>C]C	C[T>C]G	C[T>C]T	G[T>C]A	G[T>C]C	G[T>C]G	G[T>C]T	T[T>C]A	T[T>C]C	T[T>C]G	T[T>C]T	A[T>G]A	A[T>G]C	A[T>G]G	A[T>G]T	C[T>G]A	C[T>G]C	C[T>G]G	C[T>G]T	G[T>G]A	G[T>G]C	G[T>G]G	G[T>G]T	T[T>G]A	T[T>G]C	T[T>G]G	T[T>G]T
167	73	21	94	164	121	36	101	132	85	17	100	156	144	17	208	81	49	16	87	62	76	21	103	46	41	14	63	177	110	13	241	213	87	263	105	120	119	182	155	113	114	216	114	343	179	138	192	60	55	61	127	27	67	55	54	20	19	31	41	120	56	37	94	162	58	174	194	76	72	98	89	70	39	67	66	87	59	78	96	37	18	56	64	22	41	47	79	20	14	54	28	40	60	50	126
189	90	23	95	159	108	28	119	158	78	26	112	180	140	33	233	92	60	14	104	61	74	10	106	65	44	8	58	174	110	21	233	150	87	238	135	129	117	174	154	115	102	162	93	293	168	150	248	71	48	53	139	23	63	44	61	34	38	45	42	127	43	30	101	163	54	122	173	78	86	100	103	62	38	56	79	104	62	73	89	42	33	56	71	28	39	56	81	16	11	52	17	39	52	37	110
177	102	10	84	187	112	31	98	163	73	18	110	169	135	26	196	80	81	10	80	64	76	19	107	47	41	17	60	170	121	9	216	195	98	281	146	139	116	211	142	124	104	196	98	325	215	136	206	62	53	75	124	23	50	48	47	29	34	52	62	123	62	37	108	203	87	163	198	77	69	90	88	73	43	70	82	78	45	56	87	37	26	51	62	30	38	41	67	17	14	39	27	43	61	59	138
165	99	18	83	166	111	31	87	159	83	24	111	164	154	25	224	80	51	8	86	69	56	17	100	42	43	5	62	171	112	13	254	196	76	246	139	137	129	178	154	121	115	203	113	308	170	143	198	79	47	57	150	25	50	39	54	35	23	41	39	126	59	35	109	189	73	128	167	70	89	104	121	60	46	45	59	97	60	56	118	35	43	54	76	23	37	32	51	29	18	39	26	55	65	67	100
204	77	11	91	152	103	25	102	123	72	15	96	181	151	37	208	72	54	13	100	54	62	9	83	53	44	15	56	176	105	12	265	182	104	265	146	145	134	192	147	114	103	175	115	351	174	115	233	71	52	65	144	23	75	51	36	40	25	35	44	93	56	33	131	185	63	166	202	81	65	98	87	55	48	69	76	83	63	62	92	24	29	43	65	33	37	57	73	12	15	41	40	50	55	58	127
180	94	12	86	143	111	23	112	136	66	13	104	170	125	33	190	102	56	13	113	75	80	11	101	42	55	16	62	181	104	13	257	179	94	238	144	124	116	205	153	123	105	161	98	303	164	142	217	57	58	66	149	26	70	32	44	39	27	46	44	125	40	39	100	178	72	145	151	74	69	89	109	76	50	71	58	95	63	48	101	44	30	49	64	23	37	57	59	24	10	36	25	41	59	65	136
186	104	15	103	163	130	34	100	137	67	17	97	179	155	29	211	100	60	12	80	55	65	5	102	57	43	12	67	209	117	13	274	178	102	248	115	140	94	191	172	119	93	191	97	296	175	138	246	61	56	70	139	22	68	47	60	26	36	32	40	107	69	29	141	158	57	148	182	68	98	86	84	65	57	51	56	67	64	70	128	42	38	48	59	25	37	51	64	17	8	50	32	43	49	54	119
174	83	18	71	178	92	28	121	149	87	15	101	190	144	32	197	92	57	8	100	70	61	22	73	41	26	5	64	172	133	14	243	201	94	261	141	118	135	200	130	158	91	186	94	298	169	117	205	73	52	76	131	27	60	45	45	37	43	41	37	125	54	29	93	184	59	143	163	69	78	91	106	57	50	72	73	107	64	62	96	48	36	54	78	24	31	43	68	24	13	47	31	49	64	45	93
185	95	12	73	147	117	22	101	136	76	25	122	194	176	22	203	88	46	17	84	65	71	10	86	45	56	6	63	179	118	12	254	214	117	247	128	159	117	169	136	96	116	196	97	288	160	128	215	61	56	56	150	35	60	47	62	36	32	31	47	132	60	48	127	185	74	178	192	64	77	77	112	84	44	72	58	89	65	55	101	37	26	72	56	27	41	34	57	16	13	27	32	43	52	44	126
170	100	16	122	164	108	35	98	159	91	23	101	185	167	12	188	91	64	12	89	59	64	14	94	32	38	14	53	164	101	18	238	163	119	228	133	135	116	211	150	124	109	176	110	313	189	134	218	70	64	72	122	24	62	41	56	26	30	37	51	144	60	46	124	207	74	134	160	88	59	101	106	68	43	55	81	82	79	53	103	33	30	56	77	30	39	33	74	15	12	42	37	48	54	68	114
190	96	10	67	173	127	20	123	154	67	23	115	191	158	19	218	92	55	15	87	77	87	17	105	46	55	11	57	182	112	14	271	168	110	284	133	135	143	177	146	139	118	186	105	290	177	139	217	72	50	51	142	28	56	41	59	32	29	46	59	113	66	30	113	176	63	149	187	77	58	100	96	72	47	69	72	100	66	62	106	47	31	57	74	24	26	38	68	15	13	43	30	46	62	54	112
169	94	13	87	162	91	37	80	136	70	24	98	191	121	26	188	81	46	16	94	71	64	19	108	39	39	6	62	177	95	18	243	153	103	258	139	113	117	193	178	120	101	190	103	327	159	130	219	53	58	65	138	36	67	45	49	34	26	27	38	111	49	33	116	156	57	182	174	70	79	106	96	57	42	73	57	102	57	61	90	37	11	41	70	17	35	38	62	14	13	46	25	38	69	61	134
175	96	20	101	164	138	19	102	133	76	21	108	171	136	33	219	96	49	12	99	62	71	15	97	45	62	15	45	164	102	12	229	199	109	260	122	122	106	185	158	126	128	189	119	290	190	133	214	54	72	53	137	22	57	40	48	29	33	34	53	128	63	31	134	192	57	177	179	77	68	94	108	67	33	63	73	91	64	61	78	50	26	53	70	33	36	51	61	22	19	53	37	37	58	51	117
157	106	12	69	154	83	14	103	167	77	17	101	198	138	35	200	88	55	12	92	80	61	17	85	58	48	14	59	167	107	18	249	179	109	265	152	105	145	166	135	108	105	174	100	334	165	133	217	75	52	68	111	36	61	48	50	35	33	32	48	97	55	47	104	192	67	157	182	77	67	88	89	52	35	92	80	97	76	65	99	34	27	52	65	20	37	47	61	21	13	38	36	44	66	47	104
204	79	12	103	149	129	36	102	150	76	18	97	176	139	39	210	97	46	11	78	61	73	12	84	36	44	15	51	167	107	16	258	178	124	267	127	140	118	175	169	106	123	194	119	302	194	143	214	89	52	63	155	27	72	45	59	36	29	42	37	137	66	37	112	179	64	186	161	86	77	95	89	49	32	65	65	103	60	43	112	32	22	58	69	24	27	47	50	19	15	47	40	63	52	71	104
167	93	17	88	165	97	27	96	147	88	15	118	164	137	44	214	73	61	13	98	72	86	16	92	47	42	8	52	186	109	15	243	202	97	235	127	129	119	199	163	115	104	176	85	305	170	147	221	59	56	68	136	33	42	48	50	36	30	37	41	114	60	27	109	186	57	136	181	67	77	109	104	71	33	48	60	78	74	46	81	47	28	60	73	17	33	50	64	19	20	40	29	47	63	49	120
160	108	24	89	146	108	21	105	146	65	12	90	171	136	28	193	79	67	16	98	67	66	12	94	48	53	10	54	148	132	19	266	190	93	260	128	133	122	171	148	126	120	178	107	324	177	151	231	74	47	62	131	28	67	47	43	28	29	43	44	125	54	47	115	193	64	146	176	75	77	103	74	69	56	79	70	90	69	68	89	46	28	45	55	18	39	48	73	30	16	34	40	51	63	60	111
155	94	25	119	156	96	27	123	142	75	30	122	200	139	27	178	99	62	12	80	56	74	16	75	39	37	11	53	175	107	14	246	158	97	264	123	159	113	190	141	134	107	196	93	311	194	150	230	61	58	60	150	31	60	47	49	27	27	50	45	126	42	39	125	180	76	170	186	52	75	84	78	69	47	71	78	94	65	50	87	27	25	54	80	24	55	47	72	27	8	39	31	38	50	64	126
158	103	13	98	176	97	30	85	166	74	24	114	216	156	39	190	97	62	13	99	65	55	14	111	44	30	12	69	167	98	13	255	184	106	272	131	145	113	193	148	112	91	184	95	340	186	135	202	86	55	52	159	33	54	37	45	29	31	41	44	146	62	53	116	188	69	148	171	80	93	77	112	67	35	70	72	124	63	50	74	36	18	46	81	17	36	48	68	14	18	33	37	55	66	55	123
194	86	18	87	146	111	28	108	133	79	18	87	178	158	36	210	92	55	15	92	65	72	20	100	35	47	9	59	170	120	17	242	178	93	251	149	133	132	167	162	117	117	171	123	318	155	148	197	65	65	83	131	30	66	44	61	17	26	47	31	124	51	41	117	170	73	160	169	66	76	99	89	54	36	74	86	90	78	64	83	39	40	45	81	29	40	44	62	11	13	45	27	49	47	49	122
208	85	15	90	183	120	29	97	167	83	12	106	185	130	19	202	70	60	21	89	49	77	8	124	51	54	10	57	162	81	7	267	165	92	254	121	133	100	192	160	107	97	164	91	287	170	116	227	89	57	61	135	30	54	41	57	35	40	40	43	123	56	32	114	184	82	154	171	76	71	98	95	60	51	64	58	97	73	66	83	33	32	71	75	31	26	48	62	13	12	48	34	41	49	54	112
177	95	15	85	159	127	31	117	149	70	24	113	199	123	33	167	79	47	4	111	57	74	12	105	43	49	15	44	182	121	15	210	165	91	262	146	152	116	187	140	132	90	158	95	306	163	148	210	65	65	65	150	38	55	53	54	24	28	44	50	128	45	45	118	191	73	167	164	90	98	95	116	51	41	60	93	89	83	49	114	34	29	57	69	29	49	46	60	24	9	36	36	45	44	56	117
174	75	11	89	142	124	34	90	164	81	22	109	178	142	30	234	81	60	10	89	68	53	13	80	46	42	11	62	189	107	19	250	181	120	238	132	155	128	185	155	114	79	202	92	336	151	128	193	72	59	62	143	30	64	44	52	28	22	54	53	106	59	43	99	190	72	158	186	70	83	87	97	63	49	47	80	99	66	64	88	35	31	48	61	17	37	40	65	25	16	44	38	54	51	56	115
147	108	6	111	159	114	32	115	134	72	21	110	204	150	23	225	79	64	11	99	63	60	8	105	47	32	14	47	148	113	20	245	198	96	277	126	152	139	172	171	131	104	173	104	323	162	156	204	66	40	58	118	39	62	46	60	38	32	45	49	114	61	32	86	169	74	148	149	87	77	87	120	63	38	57	63	117	53	61	96	31	30	45	79	18	31	45	74	12	19	32	34	38	60	52	118
163	85	11	87	153	114	32	114	154	53	16	117	156	125	27	265	91	59	14	102	58	76	19	99	34	54	16	50	202	108	13	243	189	115	230	125	125	136	174	146	111	113	183	103	306	165	124	204	70	47	54	140	38	62	34	57	26	30	32	47	119	66	30	104	212	65	175	169	62	91	98	86	59	45	83	66	88	70	55	95	32	17	40	72	25	35	50	59	21	11	52	27	43	56	55	120
173	104	19	90	162	103	23	123	129	67	11	120	177	152	34	205	73	53	6	114	62	68	15	106	35	47	20	60	170	93	8	248	174	101	292	146	126	147	169	152	121	103	214	110	330	192	154	233	77	39	74	128	34	59	43	52	34	24	41	53	121	57	36	114	186	64	189	156	70	68	80	86	57	51	78	82	100	78	61	121	35	23	53	58	24	27	55	66	16	14	41	22	54	54	30	117
141	87	21	93	168	129	23	102	154	77	21	111	159	144	38	197	86	59	11	94	66	55	14	78	38	37	14	53	184	110	13	260	184	125	259	104	129	124	193	136	117	104	183	112	336	154	127	211	69	73	60	143	27	60	48	48	33	39	35	40	122	59	39	122	195	71	179	200	67	80	89	102	64	38	65	77	113	72	60	90	32	34	48	54	23	39	45	78	22	12	34	33	59	57	60	115
194	107	19	100	154	100	27	120	144	63	19	99	176	145	26	193	81	70	12	91	63	72	16	87	45	34	13	64	179	105	12	256	179	108	266	127	150	138	185	144	103	105	174	97	297	189	146	205	76	56	69	140	31	52	45	48	29	29	51	43	125	45	36	114	186	66	146	169	68	91	113	79	69	47	68	73	114	80	51	104	30	27	51	63	29	36	41	62	16	16	54	26	45	76	37	115
162	94	18	82	140	101	30	87	139	71	22	110	179	156	22	219	81	54	8	108	59	62	20	92	38	37	8	59	166	108	25	240	172	97	260	125	131	130	186	144	130	95	176	124	287	173	126	189	68	56	49	143	25	76	35	52	35	27	41	31	132	59	40	116	189	60	150	170	70	80	113	117	77	36	54	60	89	58	52	104	41	39	47	63	20	44	42	70	24	10	42	23	49	69	61	131
157	100	18	67	167	113	26	107	154	59	15	85	169	151	21	200	94	61	11	97	68	80	17	79	31	35	10	58	152	118	11	266	184	104	248	112	158	126	206	138	131	100	175	95	305	175	128	190	75	53	63	138	32	71	42	51	31	24	26	30	126	53	31	125	189	84	171	172	59	74	113	100	72	40	62	63	106	64	51	97	25	38	42	59	21	46	39	80	21	17	34	30	43	57	56	128
