"SBS1"	"SBS2"	"SBS3"	"SBS4"	"SBS5"	"SBS6"	"SBS7a"	"SBS7b"	"SBS7c"	"SBS7d"	"SBS8"	"SBS9"	"SBS10a"	"SBS10b"	"SBS10c"	"SBS10d"	"SBS11"	"SBS12"	"SBS13"	"SBS14"	"SBS15"	"SBS16"	"SBS17a"	"SBS17b"	"SBS18"	"SBS19"	"SBS20"	"SBS21"	"SBS22a"	"SBS22b"	"SBS23"	"SBS24"	"SBS25"	"SBS26"	"SBS27"	"SBS28"	"SBS29"	"SBS30"	"SBS31"	"SBS32"	"SBS33"	"SBS34"	"SBS35"	"SBS36"	"SBS37"	"SBS38"	"SBS39"	"SBS40a"	"SBS40b"	"SBS40c"	"SBS41"	"SBS42"	"SBS43"	"SBS44"	"SBS45"	"SBS46"	"SBS47"	"SBS48"	"SBS49"	"SBS50"	"SBS51"	"SBS52"	"SBS53"	"SBS54"	"SBS55"	"SBS56"	"SBS57"	"SBS58"	"SBS59"	"SBS60"	"SBS84"	"SBS85"	"SBS86"	"SBS87"	"SBS88"	"SBS89"	"SBS90"	"SBS91"	"SBS92"	"SBS93"	"SBS94"	"SBS95"	"SBS96"	"SBS97"	"SBS98"	"SBS99"
0	0	0.0953110291757064	0	0	0	0	0	0	0	0	0	0	0	0	0	0	0	0.0165301238991944	0	0	0	0.00914402565637422	0.0287063222456683	0	0	0	0	0.0226024869367483	0	0	0	0	0	0	0	0	0.17056062933431	0	0	0.0260207324112626	0	0	0	0	0	0.227066122613399	0	0	0	0	0	0	0	0.0658831180951246	0.0568990677472782	0	0	0	0	0.0942800527856112	0	0.0609753154906209	0	0	0	0	0.0115824884414879	0	0	0	0	0	0.0577303792307529	0	0	0.0318488754834155	0	0	0	0	0	0	0	0	0.0248592304530461
0	0	0	0	0	0	0	0.0322061571468604	0	0	0	0	0	0	0	0	0	0	0	0	0	0.108342282553998	0.0909828446593994	0	0	0.0711452106200936	0.0640733870803108	0	0	0	0	0	0	0.0237857793817259	0	0	0	0	0	0.0313800692005133	0	0	0	0	0	0	0.074683192352112	0	0	3.12473313728895e-08	0	0	0	0	0.149533544303665	0.0601632657539223	0	0	0	0	0	0	0	0.0933934866166462	0	0	0	0.0343836760182167	0	0.0274100818295618	0	0	0	0	0	0	0	0	0	0	0.0527747273538109	0	0	0	0	0.0857422638818327
0	0	0	0	0	0	0	0	0	0	0	0	0	0	0	0	0	0.0584261394859443	0	0.0558383972517218	0	0	0.0116114729984631	0	0	0.0152993354205342	0.0202262427034635	0	0	0	0	0	0	0	0	0	0	0	0.0384188055994733	0.0971210361014911	0	0	0.0284226295749825	0	0	0	0	0	0	1.54598889760654e-08	0	0	0.0168915622012542	0	0	0	0	0	0	0	0	0	0	0.0228066093325158	0	0	0.0379050053553114	0	0	0	0	0	0	0	0.0232805274559344	0	0	0	0	0	0.43257860706768	0	0.122771918675941	0.0184016953154006	0	0
0	0	2.16880506265677e-08	0	0	0	0	0	0	0	0	0	0	0	0	0	0	0	0	0	0	0	0.0218804712691913	0	0	0	0	0	0	0	0	0	0	0	0	0.0630493120299325	0	0.056106341965219	0.172515508083683	0	0	0	0	0	0	0.0110090286519037	0.0196303245974376	0	0	0	0	0	0	0	0	0	0	0	0	0	0.0521061922450997	0	0.147841600623211	0.0597596469528239	0	0	0	0	0	0	0	0	0.0470182293393991	0.0181144797998437	0	0.0628798354293945	0	0	0.187967913358602	0.0801210939662085	0	0	0	0	0	0
0	0	0	0	2.32342429856231e-08	0	0.0916141165514583	0	0	0	0	0	0.0203123035141036	0	0	0	0	0.0935424906354865	0	0	0	0	0	0	0	0	0	0.0431985803532095	0.0624593926133797	0	0	0	0	0	0	0	0	0	0.118715262911626	0.0511669391683357	0	0	0	0	0.170625290927751	0	0	0	0	0	0	0	0	0	0	0	0	0	0	0	0	0	0	0	0	0	0	0	0	0	0	2.32550428486007e-08	0	0	0.12015448419912	0.0530490440112946	0	0	0	0	0.142257891574779	0	0.0329041570501715	0	0	0
0	0	0	0	0	0	0	0	0	0.00850442102937259	0.0231290999950643	0	0.0100998412115691	0	0	0	0	0.264015566202435	0	0	0	0	0	0	0	0	0	0	0	0	0	0	0	0	0.0216490901277715	0	0	0	0.048308039390683	0	0	0.0250719631248599	0	0	0	0	0.0935256191135224	0	0	0.0547301220486555	0	0.17988476388634	0	0	0	0	0	0	0	0	0	0	0	0.0100570357618988	0	0	0	0	0	0	0	0	0	0	0	0	0	0.0214593519671096	0.0937022267011713	0.0726492578908878	0	0	0	0.011143089134991	0.0420938151535893	0.0199766972600786
0	0	0	0	0	0	0.0211503640281844	0	0.0392431196454579	0	0	0	0.0104578376640401	0.0330843675721403	0	0	0	0	0.0217438394368608	0	0	0.0630454891451871	0.0203224928865311	0.0162207813534227	0	0	0	0	0	0	0.0583036540377811	0	0	0	0	0	0	0	0.220880834043079	0	0.0253755423344029	0	0	0	0.016930895283379	0	0	0	0	2.1164998826127e-08	0	0	0	0	0	0	0	0	0.00579689628681184	0.0383550840751857	0	0	0	0	0	0	0.0324103599982238	0.0644892684567899	0	0	0	0	0.118496957802679	0.0155561539402685	0	0	0	0	0.0643012078760973	0	0.113834832968479	0	0	0	0	0
0	0	0	0.157360566014665	0	0	0	0.0597422895572484	0.0892866259198464	0.0124206047646368	0	0	0	0	0	0	0	0	0	0	0	0.0367611017957667	0	0	0	0.0133657185804509	0.0370397663095149	0	0.022774083746237	0	0	0	0	0	0	0.0486819283031295	0	0	0	0.0960219793624903	0	0	0	0	0	0	0.0525098719524334	0	0	2.84912869960186e-08	0	0	0	0	0	0	0	0	0	0	0	0	0	0.178357229004162	0	0	0	0	0	0	0	0	0	0	0	0	0.0416819176290445	0	0	0	0	0	0.0831790488814464	0	0	0.0708172396876411
0	0	0	0	0	0	0	0	0	0.0320051689077562	0	0	0	0.00730448999938725	0	0	0	0.0623968080135511	0.0199655657680598	0	0.0562975530430329	0.299323691270652	0	0.00662585000571342	0	0.0942461591246137	0	0	0	0	0.0151927814410586	0	0	0	0	0	0	0	0	0	0	0	0.0927445669014383	0	0	0	0	0	0	0	0	0.0391053154676584	0	0	0.015518095354178	0	0	0.0115715924155214	0.00489795646405859	0	0	0	0	0.0558646218382872	0	0	0	0	0.0286352641638204	0.0139432188842932	0	0	0	0	0.0147485378216465	0	0	0	3.76326742316642e-08	0	0	0	0	0.129612725482599	0	0
0	0.00439757448668582	0	0	0.196788350913332	0	0	0	0.0112395305856768	0	0	0	0	0	0	0	0	0	0	0	0	0	0.0307721671842865	0	0	0	0	0	0	0	0	0.0450220789208018	0.0779646464418227	0.0190555386457492	0	0	0	0	0	0	0	0	0	0	0	0.0685414224669646	0	0	0.144606382751017	0	0	0.0217544978324666	0	0.0679118235823437	0	0	0	0	0	0	0	0	0	0	0	0	0.0932480762330901	0	0	0	0	0	0.0436357119089129	0	0.0375281749092447	0	0	0	0.123011392069076	0	0.0145226310685304	0	0	0	0	0
0	0	0	0	0	0	0	0	0	0	0	0	0	0	0	0	0	0.0341821095867229	0.0204449417290746	0	0	0	0	0	0	0.0113207412727329	0	0.0299255785573039	0	0	0	0.0400607098341057	0	0	0	0.11015045209862	0	0	0	0	0	0	0.0608984908155129	0	0	0.088549321952093	0	0	0.0387623905893087	0	0	0	0	0	0	0	0	0	0	0	0	0	0	0	0	0	0	0	0	0	0.0808379715279572	0	0	0	0	0	0	0	0.37427176470436	0.110595527332208	0	0	0	0	0	0
0	0	0.09613719184394	0	0	0	0	0	0	0	0	0	0	0	0	0	0	0.120008410187211	0	0	0	0	0.0101796318516263	0	0	0.185024592510644	0	0	0	0	0	0	0	0	0	0	0	0	0.0348233058617291	0	0	0	0	0.0830584055171767	0	0	0	0	0	0	0	0	0	0	0.0876144432048995	0	0	0	0	0	0	0	0.0175054263817153	0	0	0	0	0	0	0	0	0	0.0185412620321635	0.0226765465413618	0.0164117753925025	0	0.0608005316192911	0	0	0	0	0	0.247218477055738	0	0	0
0	0	0	0	0.0199290359453927	0	0.0193991029701362	0	0.0282220076410386	0	0	0	0.0219033922263287	0.0496900978865601	0	0	0	0	0.0379751328210909	0	0	0	0	0	0	0	0	0	0	0	0	0.0194002315216671	0	0	0	0	0	0.0890248255638976	0	0	0	0	0	0	0.0357402486937857	0	0	0	0	0	0	0	0	0	0	0	0	0	0	0	0	0	0.0535014225818666	0.0532210097201186	0	0	0	0.0579188075283222	0.0148727615592151	0	0.0512910405415606	0	0	0	0	0	0	0	0	0	0.406818117295654	0	0.0410927655033656	0	0	0
0	0	0	0	2.80572582181843e-08	0	0	0	0	0	0	0	0	0	0	0	0.0781000020855394	0	0.0673848534087267	0	0	0.24901009350203	0	0	0	0	0.107697548597411	0	0	0	0	0	0	0	0	0	0	0	0	0	0	0.028683972293237	0	0	0	0.107259332502018	0.0634228821195263	0	0	0	0	0	0	0	0	0	0	0	0	0	0	0	0	0.0405243051986059	0	0	0	0	0	0.029143818766619	0.0241304799511695	0	0	0.0564056014739824	0.0156212087505551	0	0	0	0	0	0	0	0	0.0900975527292942	0	0.0425183205640271
0	0	0.0320880147957997	0	0	0	0	0	0.0210034633820641	0	0	0	0	0.030354761808742	0	0	0	0.0700775553735292	0	0	0	0	0	0	0	0	0	0	0	0	0	0	0.179825836973153	0	0.0881479770416406	0	0	0.0650680474605304	0.0375367650254163	0.112947963762388	0	0	0	0	0	0	0	0	0.146890610667456	0.001431324263871	0	0.0416311271323354	0	0	0	0	0	0	0	0	0	0	0.0263644861566157	0	0	0	0	0.0370887385614057	0	0	0	0	0	0	0	0	0	0	0	0	0	0	0	0	0	0.109543327595053
0	0	0	0	0	0.0147703322434003	0.0395288431678071	0.0970733132130957	0.0857118121431354	0	0	0	0	0	0	0	0	0	0	0	0	0	0	0	0	0	0	0	0.0181467047556349	0	0.0318769550933153	0	0	0	0	0.00495450963772299	0	0.013474068621874	0.0496161230088411	0	0	0	0	0	0.0939945514093752	0	0	0	0	0.16674694527236	0	0	0	0	0	0	0	0	0	0.0243977675267009	0	0	0	0	0	0	0	0	0.0201655609976674	0	0	0	0.0213702255186692	0	0.031319635462061	0	0	0	0.28685265192834	0	0	0	0	0	0	0
0.0349424292945894	0	0	0	0	0	0	0.0373362407565882	0	0	0	0	0	0	0	0	0	0.057184760302056	0.0196553379141114	0	0	0	0.0108442431515077	0	0	0.116105035253693	0.048748237658505	0	0	0	0	0.0912107303260684	0	0	0	0	0	0	0	0.0173798736656344	0.0682022226506727	0	0	0	0	0	0	0	0	2.3989345153744e-08	0	0	0.0110083469047749	0.0368140027082477	0	0	0	0	0	0	0	0.0602683852619256	0	0	0	0	0	0.163740694010032	0	0	0	0	0	0	0	0	0	0	0	0.120476169097456	0	0	0	0	0	0.106083267054792
0	0.00582619359082517	0	0	0	0	0.0151697949460693	0	0	0	0	0	0	0	0	0	0	0	0	0	0	0.115620657765429	0.0292881852044341	0	0.0677637477356846	0.10256874531382	0	0.0660967397819134	0	0	0	0	0	0	0.0124056421738354	0	0	0	0	0	0	0.0356107680042754	0	0	0	0	0.0515207439225467	0	0	0.0890329129908378	0	0	0	0	0	0	0.0392189159688242	0	0	0	0	0.0497635154465988	0.0293814425085705	0	0	0	0	0	0	0.00863506943265199	0.101433821276246	0	0	0.0490835593462954	0.0978722764270875	0	0	0	0	0	0.0337072681640549	0	0	0	0	0
0	0	0	0	1.72124622210482e-08	0	0	0	0	0	0	0	0	0.0539670494150132	0	0.0181138202423071	0	0	0	0	0.0405066577194137	0.0275226412789359	0	0.0105837893160631	0	0	0.0569984881968204	0.0309036789978906	0	0	0	0	0	0	0	0	0	0	0	0.0527110896021153	0.0252011132077718	0	0.0146119668500187	0	0	0	0	0	0	0	0	0.0878699099473383	0	0	0.01867494056212	0	0	0	0	0	0	0.0288752376806671	0	0.040700195556349	0	0	0	0.125156982594874	0.0188169897916625	0	0	0	0	0	0	0	0.031900440242088	0	0.121420165769129	0	0	1.7014760523068e-08	0	0.0890008538337074	0.0410531494850135	0.0654108054834791
0.00524192362566704	0	0.0730844878585602	0	0	0	0	0	0	0	0.0677803062085975	0	0	0.0300240339703361	0	0	0	0.069511778296349	0	0	0	0	0	0.00917925490195803	0	0	0	0	0	0	0	0	0	0	0	0	0	0	0	0.0274284722131307	0	0	0	0	0	0	0.024027350229042	0	0	0	0	0	0	0.057632589092979	0.0912300646073753	0	0	0	0	0	0	0	0	0	0	0	0	0.239431466308492	0	0	0	0	0	0	0	0	0	0	0	0	0.237624068507025	0	0.047723925116921	0.0200802790635675	0	0
0	0	0	0	1.59078071539883e-08	0	0.0492602603762219	0	0	0	0	0	0	0	0	0	0	0.0328287421540441	0.00624576854082788	0	0	0	0	0	0	0	0.0519024106037629	0	0.055399656443346	0	0	0	0	0.093320177283624	0	0	0.0278167091550041	0	0	0	0	0	0	0	0.116586924466643	0	0.0716134768826448	0	0	0	0	0	0	0	0	0	0	0	0	0	0	0	0.00764702047739139	0.0368051891700511	0	0.00564824513832206	0	0	0.00599079332369315	0	0.0438047927316945	0	0	0	0	0	0	0	0.173872357485086	0.160479034928633	0	0	0	0.0370590867881401	0	0.0237193381430629
0	0	0	0	2.72245682629484e-08	0	0	0	0	0	0.179141742996713	0	0.0103341639243833	0.00760697191900993	0	0	0	0.0917815499822801	0.0291153546424652	0	0	0.0778109017763975	0	0	0	0	0	0.0468551786664684	0	0	0	0	0	0	0	0.0148442348212556	0	0	0	0	0	0	0	0	0	0	0	0	0	0	0	0.0996454742632541	0	0	0	0	0	0	0.0582848190185061	0.0452243172588563	0	0	0	0	0	0	0.145356595737106	0	0	0.00976518975789268	0	0	0.0267851627014306	0.0239834652640246	0	0	0	0	0	0	0	0	0	0.133464850045388	0	0
0	0.0771776224019357	0	0	0.174291021694377	0.048982781428628	0	0	0	0	0.10652584702603	0	0	0	0	0	0	0	0	0	0	0.0123118314626436	0	0.00587333267423474	0	0	0	0	0.022554946112312	0	0	0.0615544746382205	0	0	0	0	0	0	0	0.0471397293226286	0	0	0	0	0	0	0	0	0	0	0	0	0	0	0	0	0	0	0	0	0	0	0	0.0833189885706744	0	0	0	0	0	0	0	0	0	0	0	0.0928149898984329	0	0	0.205154000544971	0.0453280468133055	0	0	0	0.0169723874116064	0	0
0	0	0.0271256531214981	0	0	0	0	0	0.0867757292360561	0.0391312404368568	0	0	0	0	0	0	0	0	0	0	0	0.0780344913740129	0.0314271628998371	0	0	0.0683155593676294	0	0	0	0	0	0	0	0	0	0	0	0	0	0	0	0	0	0	0	0	0	0	0	0	0	0	0	0.0549148919506294	0	0	0	0	0	0	0	0	0.00639275255230057	0	0	0	0	0.0329365418845402	0	0.0195355181062724	0	0	0.0285205250400794	0	0	0	0	0	0	0.0342437925261802	0.359052590338464	0	0	0	0	0.133593551165644
0	0	0.159395439278516	0.0468887483959409	0	0	0	0	0	0	0	0	0	0.0257685065318997	0	0	0	0.12659961312857	0.0117434485295263	0	0	0	0	0	0	0	0.0611412455531228	0	0	0	0.0800574780508423	0	0	0	0	0	0	0	0	0	0	0.0141971999532689	0.0456587754569606	0	0	0	0	0	0	0	0	0	0	0	0	0	0	0	0.0456905113602829	0.0198701853395862	0	0	0	0	0	0	0	0	0	0	0	0	0	0	0	0	0	0	0	0.0859282089104179	0.234154611560191	0	0	0.0429060279508743	0	0
0	0	0.130788274765471	0	0	0	0	0	0.0160033734226836	0	0	0	0	0	0	0	0	0	0	0	0.0299450524037084	0.0904713909607986	0.0609819899233631	0	0	0.00907499149628126	0	0	0	0	0.0552083422507938	0.0271937862717067	0	0	0	0	0	0	0	0	0	0.0136475356281401	0	0	0	0	0	0.158804314354811	0	0.164409953637543	0.0623222112987766	0	0	0.0981623589939826	0	0	0	0	0	0	0	0	0	0	0	0	0	0	0	0	0	0	0.048210783250099	0	0	0	0	0.034775641341841	0	0	0	0	0	0	0	0
0	0	0	0	0	0	0	0	0.0657248381898343	0	0	0	0	0	0	0	0	0	0	0.0186020415167903	0	0	0.0143492257686938	0	0	0	0	0	0	0	0.0436488048457094	0	0	0.130494944414821	0	0.0329974924337643	0	0	0.0268189249689196	0.116771067366042	0	0	0	0	0	0	0	0	0	0.0518714246312033	0	0	0	0	0	0	0	0	0	0	0	0.0449569452956064	0.0469310453901957	0.134023496077906	0	0	0	0	0	0	0	0	0.0697108382775884	0	0	0	0	0	0.203098910822926	0	0	0	0	0	0	0
0	0	0.138019325496019	0	0	0	0	0	0	0	0	0	0.0266282390299085	0.0819204203070869	0	0	0	0	0	0	0	0.0903694958828576	0	0.0121980759548132	0	0	0	0	0	0	0	0.112067364228341	0	0	0.0464174681391916	0	0	0	0.207088985937325	0	0.035851224917922	0	0	0	0	0	0.0257854661485263	0	0	0	0	0.0396212473866402	0	0	0.0187944152965808	0	0	0	0	0	0.0208232414977484	0	0	0	0	0	0	0	0	0	0	0.144415029777038	0	0	0	0	0	0	0	0	0	0	0	0	0	0
0	0.0523344375738117	0	0	2.7666376372347e-08	0	0	0	0	0.0515772954359926	0	0	0	0.0297401244811529	0	0	0	0.101540565401493	0	0	0.0645587634125845	0.0791075820058999	0.0410161456773592	0	0	0.0543903918765497	0	0	0	0	0	0.0165800132869158	0	0	0.0435672612058411	0	0	0	0	0	0	0	0.0570358510509673	0	0	0	0.0497255034004033	0	0	0	0	0	0	0	0	0	0	0	0	0.0847298465038199	0	0.0484023204329257	0	0.0584795532708804	0	0	0	0	0.0329120877995693	0	0	0	0	0	0	0	0	0	0	0.0298102385977953	0.0758919961756807	0	0	0.0285999947439809	0	0
0	0	0	0	1.62606408195978e-08	0	0	0	0	0	0	0	0	0	0	0	0	0	0	0	0	0.0452906444075637	0.0180660364022197	0	0	0.035568703923246	0.0827193034882842	0	0	0	0	0	0	0.220510150803492	0.037386804658647	0	0	0	0	0	0	0	0	0	0	0.0256722373860602	0.0464916728670363	0	0	0	0	0	0	0	0	0	0	0	0	0.0400919627876079	0	0.0539568287018528	0	0	0	0	0.166977840789744	0.0398752064482271	0.0292342093095768	0	0	0	0	0.0178938666910588	0	0	0.0158570335357163	0	0	0	0.0680785341207928	0	0	0	0	0.056328947418234
0	0	0.189424550699182	0	0	0	0	0	0.0206603916060722	0	0.0503462873522981	0	0	0.0376627457453619	0	0	0	0.0855875123676274	0	0	0.0252645608255558	0.0542860210308633	0	0.00671843359212163	0	0.228375294773502	0	0.0449259470623265	0	0	0	0	0	0	0.0462494517481397	0	0	0	0	0	0	0	0	0	0	0	0	0	0	3.23663508786065e-08	0	0	0	0	0	0	0	0	0	0	0	0.03071718586408	0	0.0742051969866347	0	0	0	0.0180835833449803	0.0486403283769224	0	0	0	0	0	0.0388524762579804	0	0	0	0	0	0	0	0	0	0	0
0	0	2.16626720525745e-08	0	0	0	0	0	0	0	0	0	0	0	0	0	0	0	0.078047240646979	0	0	0	0	0	0	0.0978821645572009	0	0	0	0	0	0	0	0	0	0	0	0	0.0392878259655239	0.139920994199463	0.0258376814368891	0	0	0	0	0	0	0	0	0	0	0	0	0	0	0	0	0	0.0125771923470373	0	0	0	0	0	0	0	0	0.0424332338478559	0.0410556345226201	0.0140381157167559	0	0	0.0576258017266178	0	0	0	0	0	0.138989420818715	0	0.300177117945866	0	0	0.0121275546058029	0	0
0	0.0099852654544656	0.322310188885336	0	0	0	0	0	0.0325557904713391	0	0	0	0	0.00931727415940794	0	0	0	0	0	0	0	0	0.0629457310906782	0.0134402877370157	0	0	0	0	0	0	0	0	0.0733735100267167	0	0	0	0	0	0	0	0	0	0	0	0	0	0	0	0	0.195614532615045	0	0	0	0.0401835549847635	0	0	0	0	0	0	0	0	0	0	0	0	0	0.0560051905599798	0.0058994037873419	0	0	0	0	0	0	0	0	0	0	0	0.127487262654163	0	0	0	0.0508820075737469	0
0	0	0	0	0	0	0.0519115255857421	0	0.0954943395212409	0	0	0	0	0	0	0	0	0	0.0254885659900489	0	0	0.100607081593623	0	0	0	0	0	0	0.0247166193105604	0	0	0	0	0	0	0	0	0	0	0.0262019571661765	0	0	0	0	0	0	0	0	0	1.65780876987607e-08	0	0	0	0	0	0	0	0	0	0.0429765267220219	0	0.00783470419846182	0	0.126596318316697	0	0	0	0	0	0	0	0	0	0.114043872522711	0	0	0	0	0	0	0.384128472494629	0	0	0	0	0
0	0	0	0	0	0	0.0227490149156171	0	0	0	0	0	0	0	0	0	0	0.188872372378281	0	0	0	0.0278815341839571	0	0	0	0.0720689609203905	0	0	0	0	0	0	0	0	0	0	0	0	0.0370899956483972	0	0	0	0	0	0	0.00978883225448256	0.0361343771816075	0	0	0.190288715414515	0	0	0	0	0	0	0	0	0	0.0758365613460354	0	0	0.0584545045302395	0.0341993884805291	0	0	0	0	0.0295146142998459	0	0	0	0.0435100638725438	0	0	0	0	0	0	0	0.0575675264489223	0	0.116043538124636	0	0	0
0	0	0	0	2.48304395102418e-08	0	0	0	0.0280668119478175	0	0.108522642781537	0	0	0.0152315684938745	0	0	0.0429101645780654	0	0	0.0122680197346454	0	0.154221892455022	0	0	0	0	0.0905935583968188	0.0102754925333455	0	0	0	0	0	0.0719149771538157	0.0142763153375976	0	0	0	0	0	0	0	0	0	0	0.0582733112763848	0	0	0	0	0	0.0539645551401933	0	0	0	0	0	0	0	0	0	0	0	0.082972316452687	0	0	0.0801617214022209	0	0	0	0.142708446658546	0	0.0336381808269894	0	0	0	0	0	0	0	0	0	0	0	0	0
0	0	0	0	1.55104033962079e-08	0	0	0	0.0417694148827167	0	0	0	0.0231920992357776	0	0	0	0	0	0	0	0	0.155875410884763	0.034414627974959	0	0	0	0	0	0.0492181054531809	0	0	0.0632732973393955	0	0	0	0.0166093064235798	0	0	0	0.2349778751381	0	0	0	0	0	0	0.0488197172999931	0	0	0	0	0	0	0	0	0	0	0	0	0	0	0	0	0	0	0	0	0	0	0	0	0	0	0.0574400539548771	0	0	0	0	0.144649243528674	0.113879887615358	0	0	0	0.0158809447582212	0	0
0	0	0	0	0	0	0.0486720788755219	0.0224674721568333	0	0.0155014562300157	0	0	0.0169579506598011	0	0	0	0	0	0.0710554626573396	0.0258644620615895	0	0.0482941886716514	0	0.0294972083801347	0	0	0	0.0477740739299861	0	0	0	0	0	0	0	0	0	0	0	0	0	0	0.0236886506900692	0	0	0	0	0	0	0.0559652620948922	0	0	0	0	0	0	0	0	0.0409817868478867	0	0	0	0	0.0454386353358065	0	0	0	0	0	0	0.0852161321595585	0.116831840657297	0	0	0	0	0	0	0.0403826040743006	0	0.151444510731911	0	0.0336105400577434	0	0	0.0803556837276613
0	0.0546446832861426	0	0	1.96212036154276e-08	0	0	0	0.0106483073378545	0	0	0	0	0	0	0	0	0	0	0	0	0.120623160092722	0	0.00746871088002067	0	0	0.061100556151316	0.0561527108958592	0	0	0	0	0	0	0.00865478510188098	0	0	0	0.0201396758003281	0.0357578765161745	0.0415128159064431	0	0	0	0	0	0.0972264447335241	0	0	0	0	0	0	0	0	0	0	0	0	0	0	0	0	0	0	0	0.0155954660506893	0	0.0484811783715283	0	0.056033892070432	0.0931300312086923	0	0.0404390762771333	0	0	0	0	0	0	0.232390609698055	0	0	0	0	0
0	0	0	0	3.55826990495291e-08	0	0	0	0.0104435494274527	0.0321430327373216	0	0	0.0295937641466397	0	0	0	0	0	0	0.0264910772386108	0	0.309906193506117	0.023783793655598	0	0	0.0385358014747474	0	0	0	0	0	0	0	0	0	0	0	0	0.0589306009031172	0.13150039892398	0	0	0	0	0	0	0.0425497446732919	0	0	0	0	0	0	0	0	0	0	0.0110706451562464	0	0.0435777037420094	0	0	0	0.0464932773260443	0	0	0.0450032826268635	0	0	0	0	0	0	0.0920484799425489	0	0	0.057928618936712	0	0	0	0	0	0	0	0	0
0	0	0	0	0	0	0.0489410119987986	0	0	0	0.0967884838243621	0	0	0	0	0	0	0.0244989209687103	0.036763753176334	0	0	0	0	0.0091957719204167	0	0	0	0	0	0	0	0	0	0	0.0347051400086325	0	0	0	0	0.0653528499099509	0	0	0	0	0	0	0	0	0	0.212647419135248	0	0	0	0	0	0.0907668696210923	0	0	0	0	0.0564567368828268	0.0160959210736901	0	0.0114582308112068	0	0	0	0	0	0	0	0	0	0	0.101545272421335	0.101900854015079	0	0	0	0	0	0	0	0.0135649298698971	0.07931783436242	0
0	0	0.00121637796842704	0	0	0	0	0	0	0.0601650651750293	0	0	0.0455320210199145	0	0	0	0	0.0385751908001408	0	0	0	0	0.0491626227756544	0	0	0	0	0	0	0	0	0	0	0	0	0	0.103942769194722	0.0394048653541361	0	0	0	0	0.0270137519223931	0	0	0	0	1.29825054551988e-08	0	0	0	0.0715793532381407	0	0	0	0	0	0	0	0.0294000619017933	0.107140311340938	0	0	0	0	0	0	0.103967620039699	0	0	0.0992930307656532	0	0.0391044687568011	0	0	0.0677168091677796	0	0	0	0.116785667596272	0	0	0	0	0	0
0	0	0	0	0	0	0	0	0.0188522891196721	0	0	0	0	0	0	0	0	0.135015992823181	0.0167662415028537	0	0	0	0	0	0	0	0	0	0	0	0	0	0.0762214336912205	0	0	0	0	0.059862689123599	0	0	0	0	0	0	0.029939491159449	0	0	0	0	0.262025431577802	0	0	0	0	0	0	0	0	0.0149484643482975	0	0	0.0663615770127621	0.00836004531396643	0	0	0	0	0	0.0494086238642241	0	0	0	0	0	0	0	0	0	0.13324689233231	0.0860327444462553	0	0	0	0	0.0174173973339185	0.0255406863504889
0	0	1.31911429936114e-08	0	0	0	0	0.0387704135431658	0	0	0	0.137070076613874	0	0	0	0	0	0	0	0	0	0	0	0	0	0	0	0	0	0	0	0	0	0.0698499860006818	0	0	0	0.0967099018181844	0	0	0	0	0	0	0.061424175425683	0	0	0	0.0592686147795567	0	0	0	0	0	0.0376267501507935	0	0	0	0	0	0	0	0.0520269896522539	0.0455699627963621	0	0	0	0	0.0105447148043061	0	0.0235919235169406	0	0	0	0	0	0	0	0	0	0.318821919362716	0	0	0.0170510500941053	0	0.0316735082502333
0	0.0262435207691575	0	0	0	0	0.00969530653280157	0	0.0182137608609068	0	0	0	0	0	0	0.0102526697771683	0	0.12583337858129	0	0	0	0	0.0048778664721992	0	0	0	0	0	0.00987275981273389	0	0	0	0	0	0	0	0	0	0	0	0	0	0	0	0	0.0425975068394098	0.0481382777880724	0	0	0	0	0	0	0.0200141507341137	0	0.0505966542105819	0	0	0	0	0	0	0.113063722378514	0	0	0	0.0760462128639198	0	0.0112791680336129	0	0	0	0	0	0	0	0	0	0	0	0.268172951909488	0	0	0.0445025152531131	0	0.120599577182916
0	0	0	0.0260168513736702	0	0	0	0.0129104972879975	0	0.0118500886483629	0	0	0	0.0280913588994413	0	0	0	0	0	0	0	0.144605437056199	0	0	0	0	0	0.0598496798757126	0	0	0.0588961393503564	0	0	0	0	0	0	0	0.156112180680905	0	0	0	0	0	0.18341656828946	0.0535964797498883	0	0	0	0	0	0.038914682884849	0	0	0.0134775766162116	0	0	0	0	0	0.112204189832867	0	0.0878752168331685	0	0	0	0	0	0	0	0	0	0	0	0	0	0	0	1.78963254971605e-08	0	0.0121830347245859	0	0	0	0	0
0	0	0	0	0	0	0	0	0	0	0	0	0	0	0	0	0	0.0573027918943631	0.027388549728057	0	0	0.114347049116471	0	0	0	0	0.0352731311229552	0.0171734629063989	0.0128631173772872	0	0	0	0	0	0	0.0087550583368784	0	0	0	0.0745493643085529	0	0	0	0	0	0.0199833922725417	0.169148670091794	0	0	0	0	0	0	0	0	0	0	0	0	0.0526489149892644	0	0	0	0.017580502848229	0	0	0	0.0564227466308834	0	0.00771469056538385	0	0	0.0149391039833388	0	0	0	0	0	0.182247762171799	0.131661691655802	0	0	0	0	0	0
0.0686232962482566	0	0	0	0	0	0	0.0210317221080182	0	0	0	0	0	0	0.0101928360066835	0	0	0.0662963191232445	0.0170035238806074	0	0	0.0253300118572598	0.0316100270259341	0	0	0.0629380354681093	0	0	0	0	0	0	0	0	0	0	0	0	0.0162216743674523	0	0	0.0442701167521383	0	0	0	0	0	0	0	1.90632603673015e-08	0	0	0	0	0	0	0	0	0	0.033498050173467	0	0.0215236743310531	0.0538158656967424	0.0601051329628314	0	0	0.0415415666306156	0.0161104907629807	0	0	0.0730198765689359	0.0667506417803153	0	0	0.0464399195709675	0	0	0	0.223677199621127	0	0	0	0	0	0	0
0	0	0	0	0	0	0.0134285795975082	0.0355390452087825	0	0	0	0	0	0.00851533216558668	0	0	0	0	0	0	0	0.0170858150906632	0	0.00954183982348705	0	0	0	0	0	0	0	0.0358079201051305	0	0	0.0361386355775482	0	0	0	0	0	0	0.00963201407556199	0	0	0	0	0.0774890114908832	0	0	0.0493321690866529	0	0.0749233776228781	0	0	0	0	0	0	0	0	0	0.00676384147844133	0	0.0333111673603241	0	0	0	0.197878170975803	0	0	0	0	0	0	0	0	0.0238608115881658	0	0	0	0.301126559931179	0	0	0.0696257088214046	0	0
0	0.0264984017438793	0	0	0	0	0	0	0	0	0	0	0	0	0	0	0	0	0.0572311897359155	0	0	0.0603584664675696	0	0	0	0.0142018387614053	0.0422469475842634	0	0	0	0	0	0	0	0	0	0	0	0	0.076688108544105	0	0	0	0	0	0	0.112079507320686	0	0	0.242984529358511	0	0.0221934088466956	0	0	0	0	0	0	0.0180807666215087	0	0	0	0	0.0141134863252546	0	0	0	0	0	0	0	0	0	0	0	0	0	0	0	0	0.313323348690206	0	0	0	0	0
0	0.0141343388552735	0	0.0227985339231595	1.82460176657481e-08	0	0	0.0671508942965655	0	0.0471470310709903	0	0	0.0602136182922835	0	0	0	0	0.0356316921077968	0	0	0	0.0538539754959099	0.0074275363061477	0	0	0	0	0.0378379970564812	0	0	0	0.0520894108608237	0	0	0	0	0	0	0.0361796968985109	0	0	0	0	0	0	0	0	0	0	0	0	0	0	0	0	0	0	0	0	0	0	0	0	0	0	0	0	0.0367058344453264	0.00757890495008778	0	0	0	0	0	0.0735268166723993	0	0.0258922028472476	0	0	0	0.411458261415146	0	0	0.0103732362598324	0	0
0	0	1.60461781998677e-08	0.0673606361168654	0	0	0	0	0	0	0	0	0	0	0	0	0	0.141269060678485	0	0	0	0.0793073667765238	0	0	0	0	0.0398938930198208	0	0	0	0	0	0	0	0	0	0	0	0.16280173438714	0	0	0	0	0	0	0	0	0	0	0	0	0	0	0	0.0108990206186929	0	0	0.0224987153296538	0	0	0	0	0	0	0	0	0	0	0	0	0.0639839238709399	0	0.0228202279796431	0	0.0213908466903163	0	0	0	0.00491839581058371	0.0457189276739928	0.317137235001165	0	0	0	0	0
0	0.0114608163539996	0	0	0	0	0	0	0.0196030366926751	0.058605971994026	0	0	0	0.0205156000341919	0	0	0	0.125848414840973	0.00926380520622742	0	0	0	0.0104704241073121	0	0	0.0695509701386193	0	0	0	0	0	0	0	0	0	0	0	0	0.0416689235533673	0.0180355406553963	0	0	0.0401302761812097	0	0	0.0272117895378987	0	0	0	0.243591852304413	0	0	0	0	0	0	0	0	0.00852302004001424	0.0741969740817083	0	0	0	0	0	0	0	0	0	0	0	0	0	0.0628176575656225	0.0964488887908911	0	0	0	0	0	0	0	0	0.0620560379214542	0	0
0	0.0290721246698589	0	0	0	0	0	0	0	0	0	0	0	0	0	0	0	0	0	0	0	0.0214545132380337	0.0453307128204651	0.00557249625215525	0	0.00942195588630738	0	0.0249123254267672	0.0248933709992102	0	0	0	0	0	0.0289027433010707	0.0331512000936871	0	0.0787951564840099	0	0	0	0.00747306888227995	0	0	0	0	0.0773817775012366	0	0	2.05494657631587e-08	0	0.179306542148814	0.0438896089700639	0.0222534959303026	0	0	0	0	0	0.0279814006327151	0	0	0.0487205917907759	0.056072659849196	0	0	0	0	0	0	0	0	0	0	0.0153432211341425	0	0	0	0	0	0.209076242866351	0	0	0.0109947705730912	0	0
0	0	0	0	0	0.0556529188644266	0.0511302635082288	0	0	0	0	0	0	0	0	0	0.0741925501236262	0.0230651690962814	0	0	0	0.0261756723724791	0.0415061688148072	0	0	0	0	0	0	0	0.0136488410334143	0.158895922598634	0	0.0291712443137014	0	0.0397247378139119	0	0	0	0	0	0	0	0	0.0218514049215208	0	0.0450849038681421	0	0	0.12838995546087	0	0	0	0	0	0	0	0.0292422558612292	0	0	0	0	0.0806153755219805	0	0	0	0	0	0	0.0121655852963562	0	0	0	0	0.0562644124260056	0	0	0	0	0.113222618104384	0	0	0	0	0	0
0	0	0.0451550936855341	0.0332006383124772	0	0	0	0	0	0.0894213917428879	0	0	0	0	0	0	0	0	0	0.0315278033391091	0	0.0130414627401104	0	0	0	0.038377416748851	0.0691673952069936	0	0	0	0	0	0	0	0	0.0159504885972562	0	0	0.0689853811703816	0	0	0	0	0	0.0396467746845985	0	0	0	0.102173236946451	0	0	0	0	0	0	0	0	0	0	0.0472941383700329	0	0	0	0	0	0	0	0	0	0	0	0	0	0.0452123752979309	0	0	0	0	0.0594807050245699	0	0.117996181028231	0	0.0405052696831849	0	0	0.1428642474214
0	0.0132105879557862	0.355958245918789	0	0	0	0.049465015570448	0	0	0	0	0	0	0.0174301913093671	0	0	0.00871435368057866	0.0160912941128783	0	0	0	0.0674619299863773	0	0	0	0	0.126764256545306	0	0	0	0	0	0	0	0	0	0	0	0.0885157998875373	0	0	0	0	0.0539115910765637	0	0.0183884191829401	0	0	0	0	0	0	0	0	0.0106910243045624	0	0	0	0	0	0	0.00507160155046174	0	0.00748184139022154	0	0	0.0174833522158912	0	0	0	0	0	0.0157220157303877	0	0.0482266539445985	0	0	0	0	0	0	0	0.0438561931435357	0	0.0355556324937697	0
0	0	0	0	0	0	0	0	0.0640856623053438	0	0	0	0	0	0	0	0	0	0	0	0	0.0971475104921444	0	0	0	0.0562328902271962	0	0	0	0	0	0	0	0	0	0	0	0.0322693409484542	0.03886879785828	0	0	0	0	0	0	0.0822082073483968	0	0	0	2.32357179194837e-08	0	0	0	0.0756762864876014	0	0	0	0	0	0	0	0.0293994114469056	0	0	0	0	0	0	0	0	0.267357626180349	0	0	0	0.107711082200118	0.0560082516640908	0	0	0	0	0.0560500609386573	0	0	0	0	0.0369848486667448
0	0	1.50257866592468e-08	0	0	0	0	0	0.0238830881970729	0	0	0	0	0.0497639421422742	0	0	0	0	0	0	0	0.0256516736813734	0	0	0	0	0	0.0109220728445041	0	0	0.0219766620457681	0.0339934319621268	0	0.129832533360672	0	0	0	0	0.0131645065164793	0	0.0107402497036881	0	0	0	0.0506866854304416	0.00728934795671057	0	0	0	0	0	0.0158378908557807	0	0.101061259505764	0	0	0	0	0.00853715860885357	0	0.0340406283553762	0	0.0438960278349956	0	0	0	0	0	0.0215456815427207	0	0	0.0827593648230177	0	0	0	0	0.0217004047855258	0	0	0	0	0.14272761969624	0	0	0	0.149989755124829
0	0	0	0	0	0	0.00653997151157238	0	0	0.00847723522239728	0	0	0	0	0.013141425728856	0	0	0.0193582905577718	0	0	0	0.0571215624462757	0.0454556771091522	0	0	0.110178580339165	0	0.0706746865801938	0	0	0	0	0.0707668180531233	0	0	0	0	0	0	0	0	0	0.0236851481827204	0	0	0.0190400446632878	0	0	0	0.055919427377881	0	0	0	0	0	0	0	0	0.0311236174433961	0.0184744613732345	0	0	0	0.015048680403489	0	0	0	0	0.0384198027946225	0	0.105783190991296	0	0.0880387877991496	0	0	0	0	0	0	0	0.202752591422416	0	0	0	0	0
0	0.00760952524575156	0	0	0	0	0	0	0	0.0168512135031584	0	0	0	0	0	0	0.0873920814329604	0	0	0	0	0	0	0.00753270322819386	0	0	0.100737022485291	0.0430613431021202	0	0	0	0	0	0.0116959560285049	0.0391850325820343	0	0	0	0.115779534831846	0.0125884326469877	0	0.0104990044332657	0	0	0.147921580189443	0.0306156077825246	0.129996068912935	0	0	2.08326814755238e-08	0	0	0	0	0.0120830723268886	0	0	0	0	0	0	0.0691522652046775	0	0.0306681841900404	0	0	0.0196427756958628	0.0308249792554344	0.0101376350067989	0	0	0	0	0.0304121275004831	0	0	0.0271366279188819	0	0	0	0.00847720566323474	0	0	0	0	0
0	0	0	0	0	0	0	0.101713039230949	0	0.0378082486150597	0.238416292328567	0	0.0141754727480883	0.0150674427953298	0	0	0.0202889053472835	0	0	0	0	0.0243129797022047	0.0458111391282873	0	0	0.165197912898298	0	0.0328162991496519	0.0083490978228531	0	0	0	0	0	0	0	0	0	0	0	0	0	0	0	0	0	0	0	0	3.44558495881686e-08	0	0	0	0	0	0	0	0	0	0	0	0	0.00792890925813253	0.0919825433848986	0	0	0	0	0.00888773411608065	0	0	0	0.0901341470091166	0.0729195943897693	0	0	0	0	0	0.0241902076195807	0	0	0	0	0	0
0	0	0.369954369183672	0	0	0	0	0.134004322258267	0	0	0	0	0	0	0.0109863666027639	0	0	0	0.012556302564154	0	0	0.0297422130360278	0	0.0108018811643553	0	0	0	0	0.0125195615702002	0	0	0	0	0	0	0	0	0	0.111698529318728	0	0.0230082415244858	0	0	0	0	0	0.0838583552565958	0	0	0	0	0	0	0	0	0	0	0	0	0	0	0	0	0.063672134840327	0	0.0333789100439567	0.021821374804807	0	0	0	0	0	0.0658717037589479	0	0	0	0	0	0	0	0	0	0	0.0161257340727123	0	0
0	0	0.294192911188918	0	0	0.0150829127358718	0	0	0	0.0924691208261576	0.0610070299737194	0	0	0	0	0	0	0	0	0.0229422081136664	0	0	0.0178468375425385	0.0386634485997871	0	0.0179361715600314	0	0	0	0	0	0	0	0	0	0	0	0	0.0998071527462097	0.0653042865304555	0	0	0	0	0	0	0	0	0	0	0	0	0	0	0	0	0	0	0	0.0799816580826105	0	0.0269654822380424	0.0141038273865336	0	0	0	0	0	0	0	0.00941698764015283	0	0	0	0	0	0	0	0	0	0.144279964835305	0	0	0	0	0
0	0	0.0881308195736621	0.0448561995333386	0	0	0	0	0	0	0	0	0	0	0	0	0	0	0	0	0	0.0187961164630214	0.0389369070323123	0.009097952142188	0	0.0449435903195078	0.0815580792045228	0	0	0.0766766792095332	0	0	0	0	0	0	0	0	0	0	0	0	0	0	0.120836132288049	0	0.168668946547465	0	0	0	0	0	0	0	0.0459297120675228	0	0	0	0	0	0.0238464660290793	0	0	0.107774591131748	0	0	0	0	0.00782723190500554	0	0	0	0	0	0	0	0	0	0	0	0	0	0.0809635746524638	0.0411570019005802	0	0
0	0	0	0	1.96863608762379e-08	0	0	0	0	0.0602589700318639	0	0	0	0.0152938471904789	0	0	0	0.0399274375455021	0.00552358699864664	0	0	0.160530137061851	0.0101221639412427	0	0	0	0	0	0	0	0	0.0401850438461588	0	0	0	0	0	0	0	0	0	0	0.0661225474803838	0	0	0	0	0	0	0	0	0.0250893142710714	0	0	0	0	0	0	0	0.0860418515513403	0	0	0.0543508321106088	0.131628493389395	0	0	0.0210070591526581	0	0	0	0	0	0.0515210469067365	0	0	0	0	0	0	0	0.214957656324847	0	0	0.0174399925108541	0	0
0	0	0	0	0	0	0	0	0	0.0504781653962538	0	0	0	0	0	0	0	0	0.00675296582300369	0	0	0.0960753315775796	0.00285046740857995	0	0	0	0	0	0	0	0.017557278624216	0	0	0.0523280493748869	0	0	0	0	0.0767169533489334	0	0	0	0	0	0	0	0.0438731428162727	0	0	0	0	0	0	0	0	0	0	0	0	0	0.0797569974363934	0	0	0	0	0	0.0161402008613917	0.0265791760875717	0	0	0	0	0	0	0	0	0	0	0.204483616388482	0	0.280580436724559	0	0	0.0237283374794122	0	0.0220988806524641
0	0	1.56354996306451e-08	0.117871611556957	0	0	0	0	0	0.0199476588578508	0	0	0.00970515510250465	0	0	0	0	0.0917390453976452	0	0	0	0	0.0443003152840131	0.00987620731228622	0	0.0129684983485917	0	0.0103231857879659	0.025874144461742	0	0	0.0226709368267138	0	0	0	0	0	0	0	0	0	0	0	0	0	0	0.120025950747688	0	0	0	0	0	0	0	0	0	0	0	0	0	0	0	0	0.0302532082113451	0	0	0	0	0.0310858998587369	0	0	0	0.0455969035355949	0	0	0	0	0	0.198556125277843	0.0221868932910745	0.187018244505948	0	0	0	0	0
0	0.0195666394979448	0	0	0	0	0.0108432325652663	0	0	0	0	0	0	0.00583993019171599	0	0	0	0	0	0	0	0	0	0	0	0	0	0	0	0	0	0.0676290272357623	0	0.0194576356363513	0	0	0	0	0.157286483772477	0.109541073830037	0.0904448058605534	0	0	0	0.0732965043610218	0	0.0587834798902217	0	0	0.0258952934055405	0	0	0	0	0	0	0	0	0	0	0.0246123967678493	0.0137092150084049	0	0	0	0	0	0	0	0	0	0	0	0	0	0	0	0	0.0583713634638223	0	0.245471247122581	0	0	0.0192516713904502	0	0
0	0	0	0.118287193245943	1.5707107950063e-08	0	0.0140918589327319	0	0.0533985435174018	0.0479331704298187	0	0	0	0	0	0	0	0	0	0	0	0.108627808021521	0.0301144419345465	0	0	0	0	0	0	0	0	0	0	0	0	0	0	0	0	0.147542410030515	0	0.00709598590894734	0	0	0	0	0	0	0	0	0	0.0668340085619767	0	0	0.0188206244942657	0	0	0	0	0	0	0	0	0	0	0	0	0.141460912530415	0	0	0	0	0	0	0	0.0787622020102195	0	0	0	0.0899615682829286	0.077069256391661	0	0	0	0	0
0.0551381005463074	0	1.21672052405129e-08	0	0	0	0	0	0.0158653075559626	0.0111000156343746	0	0	0	0	0	0	0	0	0.0326135964984391	0	0	0.0447111571810959	0.0740141552540712	0	0	0	0	0	0	0	0	0	0	0.0439648762920324	0	0.0296434624921749	0	0	0	0	0.0359809118872729	0	0.0574472231312835	0	0.025119438192575	0.0716559785134222	0	0	0	0	0	0.0642341687180626	0	0	0	0	0	0	0	0	0	0.0113326476957011	0.0788351520658769	0	0	0	0	0	0	0	0	0	0	0	0	0	0.0612962300904089	0	0.241933080386114	0	0.0235499793623416	0	0	0	0	0.0215645063352778
0	0	0	0	0	0	0	0	0.0198668315388325	0	0	0	0	0	0	0	0.0296673444517128	0	0	0	0	0.0893095984475735	0.0673824018952593	0.0378223525515796	0	0	0	0	0	0	0	0	0	0.124263692534168	0	0	0	0.0756431355586156	0	0.275926910086943	0	0	0.0360243186880993	0	0	0	0.0434671886082298	0	0	2.45060581460154e-08	0	0	0	0	0	0	0	0	0	0	0	0.00911508114368175	0	0.0502684352758302	0	0	0	0	0.018338369759219	0	0	0	0	0	0.0267544317810269	0.0961498831731707	0	0	0	0	0	0	0	0	0	0
0	0.0119318956812847	0	0	0	0	0	0	0	0	0	0	0	0.0120613407253973	0	0	0	0.0295456734643817	0.0274678502898984	0	0	0	0	0	0	0.0269225521419403	0	0	0.0379831991405985	0	0	0	0	0	0	0	0	0	0	0	0	0	0	0	0	0	0	0	0	1.23970532693939e-08	0	0	0	0	0.0396794470168184	0	0	0	0	0	0.105927085106532	0.0422907707383047	0.0538958281091358	0	0	0	0.072723982962681	0.071793162135326	0.0100963861854337	0	0.100114737677099	0	0	0	0	0	0	0	0.203353050181368	0	0.154213026046748	0	0	0	0	0
0	0.0170828863726881	0.289856310791639	0.0200751078332341	0	0	0	0	0.0538205266037783	0	0	0	0	0	0	0	0	0	0	0	0	0.0330806697069104	0	0	0	0	0	0.00994168735215433	0	0	0.0247676981148243	0	0	0	0	0.0125035962219813	0	0	0	0.0415764270144106	0	0.0200101448554314	0	0	0	0	0	0.00294432148186304	0	0	0	0	0	0	0	0	0	0	0	0.0726833047652939	0	0	0	0	0	0	0	0.0519866940945288	0.0156960400429586	0	0	0	0	0	0.113729101250411	0	0	0	0	0	0.147234632642348	0	0	0	0.0116773404025686	0.0613335104529767
0	0	0	0	2.61818032791335e-08	0	0	0	0	0.0424697553805122	0	0	0	0	0	0	0	0	0.0208120875941758	0	0	0.122936972317195	0.00804048901430946	0	0	0	0.0145587255142767	0	0.0104539849897522	0	0	0	0	0	0	0	0.0609666477753482	0	0	0	0	0	0	0	0	0	0	0	0	0	0	0.21393830418673	0	0.044689593822153	0	0	0	0	0	0	0	0	0	0.077808697319952	0	0	0	0.155884748314656	0	0	0	0	0	0.0525851040934166	0	0	0.014363448077247	0	0	0	0	0	0	0	0	0.160491415418473
0.0491457010498998	0	0	0	0	0	0	0	0	0	0	0	0	0	0	0	0	0	0	0	0	0.150702787908039	0.0704209871267642	0	0	0	0	0	0	0	0	0.0269258398528133	0	0	0	0	0	0	0	0.0232995764287618	0	0	0.243028113991779	0	0	0	0	0	0	0	0	0	0	0	0.0115940098119755	0	0	0	0	0	0	0.0260635480111928	0	0	0	0	0	0	0	0	0	0	0	0	0	0	0	0	0.1993475273312	0	0	0	0.0656928204274573	0.0260238823258489	0	0.107755205734268
0	0	0.314687856611337	0	0	0	0	0.0579017953482093	0	0	0	0	0.0264182732789306	0.0132287985123661	0.0344115197406107	0	0	0	0	0	0	0.0485346157034262	0	0.00658686987953317	0	0	0	0.136067924500495	0.00789956007992578	0	0	0	0	0	0	0	0	0	0	0	0	0.0189315171949456	0.111595383440872	0	0	0	0.0495202892254305	0	0	0	0	0	0	0	0	0	0	0.0263602839599765	0	0	0	0	0.0528449382526353	0.0124200648913127	0	0	0	0	0	0.0059677283845394	0	0	0	0	0	0	0	0	0	0	0	0	0	0	0	0.0766225809954549
0	0	0.0737584881431798	0	0.142837312920331	0	0	0.0259043159665748	0	0.0762176500516239	0	0	0	0.00643511950043875	0	0	0	0.0816996264091697	0	0	0	0	0.00878218017049103	0.00558669570222685	0	0	0.0645685873013583	0	0.0553793002597058	0	0	0	0	0	0	0.0328204730894969	0	0	0	0	0	0	0	0	0	0	0.0372517711211535	0	0	0	0	0.0227863411653886	0	0	0	0	0	0.045224769090037	0	0.112569095428925	0	0	0.0313710883642303	0.0305593182834843	0	0	0	0.0149905490760364	0	0.0223459172675633	0	0	0	0.0381603703432478	0	0	0	0	0	0	0	0	0	0	0	0.0707510303453372
0	0	0	0	3.60186865066202e-08	0	0	0	0	0.0300832307506632	0	0	0	0	0	0	0	0.030813192155936	0	0	0	0.158057385213573	0.0381542515246237	0	0	0	0	0	0	0	0	0	0	0	0	0	0	0	0	0.0199965926553561	0.0638839118339166	0	0.106755865774564	0	0	0	0	0	0	0	0	0	0	0	0	0	0	0	0	0	0	0	0.0529169054112246	0.0434713902802038	0	0	0	0	0	0	0.0479887341473932	0	0.0429507380053212	0.110399737179628	0	0	0.0177065324927106	0	0	0	0	0	0.105821554729804	0.130999941826396	0	0
0.0112513439703997	0	0	0	0	0	0	0	0	0	0	0	0	0	0	0	0	0	0	0	0	0	0	0	0	0.054483306041493	0.0665317588979951	0	0	0	0	0	0	0	0	0	0	0	0.144272613618292	0	0.0255204333109148	0	0	0	0.034138209110017	0	0	0	0	0	0	0	0	0	0.0148867735099934	0	0	0	0	0	0	0	0	0	0	0	0	0	0	0	0	0	0.0147707664337328	0.0726731693522812	0	0	0	0	0.219193010093895	0.167335580878063	0.159571636092311	0	0	0.0153713986906118	0	0
0	0	2.13392399483548e-08	0	0	0	0.042444096685213	0	0.0181453253383137	0	0	0	0	0	0	0	0	0.0244254879893264	0	0	0	0	0	0	0	0	0	0	0.0228783610579088	0.0490313372302663	0	0	0	0	0	0	0	0	0	0	0	0	0	0	0	0	0	0	0	0	0	0	0	0	0	0	0	0.00854234505014107	0	0	0.0569908388987126	0	0	0.0781287274138807	0	0	0	0	0	0	0	0	0	0.0268435851007403	0	0	0	0	0	0	0.474894761132652	0	0	0	0	0.197675112763605
0	0.0122592408654824	0	0	2.78022029323051e-08	0	0	0	0	0.0550947120304327	0	0	0	0	0	0	0.0770367727877514	0	0.0441562476594748	0	0	0.143040292966371	0.0155193159418966	0	0	0	0	0	0	0	0	0	0	0	0	0	0	0.0549056612303623	0	0.0303263121592902	0	0	0	0	0	0	0.0589144592953909	0	0	0	0	0	0	0	0	0	0	0	0	0	0	0	0	0.0889799726844336	0	0	0	0	0	0	0	0	0	0.0278322212583104	0	0	0	0	0	0.0790911154391868	0.312843647879414	0	0	0	0	0
0	0	0	0	0	0	0	0	0.0427309691113446	0	0.172452976746524	0	0	0	0	0	0.0286324371528806	0	0.00754838233738372	0	0	0.011170056277677	0	0	0	0.187201295008894	0	0	0	0	0	0	0.238166219490117	0.107166344964147	0	0	0	0	0	0	0	0	0	0	0	0	0.0894838020816534	0	0	2.74343906721332e-08	0	0	0	0	0	0	0	0	0	0	0	0.0217395555545507	0.0834477221956512	0.0102602116447863	0	0	0	0	0	0	0	0	0	0	0	0	0	0	0	0	0	0	0	0	0	0
0	0	0	0	1.67333376497575e-08	0	0	0	0	0	0	0	0	0	0	0.0176995121384833	0	0.0774529826100472	0	0	0	0.108965921189059	0.0132927303335055	0	0	0.0554623102981593	0	0.0156943801109194	0	0	0	0.105292508369841	0	0	0	0	0	0	0	0.115624650059931	0	0.0324409799040087	0	0	0	0	0	0	0	0	0	0	0	0	0	0	0	0	0	0	0.0119371806831163	0	0	0	0	0	0	0.0735179644070199	0.0201117112948403	0	0	0	0	0.0563600975913886	0	0	0	0	0.0930329736765744	0	0.0973131411832808	0	0	0.00992775794952116	0	0.0958731814669667
0	0	0.0698587832422282	0	0	0	0.0139715563466841	0	0.0382992117322219	0.0995217462508171	0	0	0	0	0	0	0	0	0	0	0	0.146871142559783	0	0.00491850575916052	0	0	0	0	0	0	0	0	0	0	0	0	0	0.00997091151769597	0.210981310641933	0	0.0135749014805978	0	0.0208167795453772	0	0	0	0.0197479408784609	0	0	0	0	0	0	0	0.0238157561626677	0	0	0	0	0	0	0	0.0756991329890348	0	0	0	0	0	0.0610937942135466	0.00841941578196739	0	0	0.0158269487304552	0	0	0	0.0129826055942428	0	0	0	0.121363562146793	0	0	0.0322659944263321	0	0
0	0	0	0	0	0	0	0	0	0	0	0	0	0	0	0	0	0.0271758352836318	0	0	0	0.0822635825617314	0.00687794137931107	0	0	0	0.0268921715323604	0	0	0	0	0	0	0	0	0	0	0.0233913541005849	0.253315488781089	0	0	0	0	0	0	0.0118699255458863	0	0	0	2.31121840911383e-08	0	0	0	0	0.0681511173330535	0	0	0.00674652098926497	0	0	0	0	0	0.0909285031858301	0	0	0.135651054716229	0.0345525614075687	0	0	0	0	0	0	0	0.154137582818125	0	0	0	0	0.0780463372531495	0	0	0	0	0
0	0.00886351678530018	0.00875939652413422	0	0.127368117913719	0	0	0	0	0	0	0	0	0.00989857184512807	0	0	0.0487382262464824	0	0	0	0	0	0	0	0	0	0	0.0363606778863982	0.0380968217009435	0	0	0.0244041017975977	0	0.0242335520939772	0	0	0	0	0	0	0	0	0	0	0.0391779528067177	0	0.117044701286648	0	0	0	0	0.0375405479473351	0	0	0	0	0	0	0	0	0	0	0.0351055109991624	0	0	0	0	0.0537546117275484	0	0	0	0	0	0	0	0	0	0	0	0.0277081815510427	0.259420506105414	0	0.0246703282596307	0	0.0295900897488271	0.049264586773993
0	0	0	0	0	0	0	0	0.0189454551180557	0	0.0642670091814222	0	0	0	0	0	0	0	0.0757792580419194	0	0.0353478310738978	0.112737921354312	0.00692660773888298	0	0	0	0	0	0	0	0	0.139403331697298	0	0	0	0	0	0	0	0.0532977619762218	0	0	0	0	0	0	0	0	0	0.273522470294605	0	0	0	0	0	0	0	0	0	0	0	0.0133378219005299	0	0	0	0	0	0	0	0.00992238666133828	0	0.0460924608956106	0	0	0	0	0	0	0	0	0.137135070037936	0	0	0.013284614027971	0	0
0.0323872146131341	0	0.111727463532718	0.0397445656212863	0	0	0	0.0509704672335912	0.0114081154910056	0.0988666546348712	0	0	0	0	0	0	0	0.161181117731588	0	0	0	0	0.0124285735259313	0.0142180736113865	0	0	0.0516482475822861	0	0.0132508643065711	0	0	0.107445472266816	0.140230426130402	0	0	0	0	0	0	0	0	0	0	0	0	0	0	0	0	0	0	0.0262652232162848	0	0	0	0	0	0	0	0	0.0111104391818211	0	0	0	0	0	0	0	0	0	0	0	0	0	0	0	0	0	0	0.117117081320306	0	0	0	0	0	0
0	0	0	0	2.46869484450283e-08	0	0	0	0	0	0	0	0	0.00995201774067934	0	0	0	0	0	0	0	0.176500947753071	0	0	0	0	0.0427582083438393	0	0.0300857021554768	0	0	0	0	0	0	0	0	0.0346596466460374	0	0.0217785196412859	0	0	0	0	0	0	0	0	0.225735770757979	0	0	0	0	0	0	0	0	0	0	0	0.0188921120418611	0.015564020677805	0.0168425784045749	0.0536922653090429	0	0	0	0	0	0	0	0.0127810368499558	0.042433352279843	0.0816421472254205	0	0	0	0	0	0	0	0	0	0.0545258919627185	0	0.162155757523461
0	0	0	0	2.40303312708533e-08	0	0.108695454329451	0	0	0.116605061587583	0	0	0	0	0	0	0	0	0.0179447774697806	0	0	0.0717254063733739	0.0126287486877584	0	0	0	0.0528097102633536	0.103018625055603	0	0.138056421046241	0	0	0	0	0.00994896677895206	0	0	0	0	0.0636303896067936	0.0166596022519409	0	0.0317151040208191	0	0.042107080103684	0	0	0	0	0	0	0	0	0	0	0	0	0	0	0.0660551335893436	0	0.0657123146786477	0	0	0	0	0	0	0	0	0	0	0.0114392393254559	0.0365242288130851	0	0	0	0	0	0	0	0	0	0.0347237119878025	0	0
0.0574772056544924	0.0434198516525371	0	0	0	0	0	0	0.127125458593099	0.0406622854520268	0.109290854234294	0	0	0	0	0	0	0	0	0	0	0.162734576940161	0.00902600983166427	0	0	0	0	0	0	0	0	0	0	0	0.0491957961168794	0	0	0	0	0.016209695898928	0	0	0.0405625113318073	0	0	0	0	0	0	2.07887391957765e-08	0	0.0440470549057022	0	0	0	0	0	0	0	0.0313887171909094	0	0	0.0798117549947433	0	0	0	0	0	0.0183699170359477	0	0.0353930778451298	0	0.0501108770084935	0	0	0	0	0	0.057214691889799	0	0	0	0	0.0279596426346468	0	0
0	0.0441459136303599	0	0	0	0	0	0	0.0583241578438486	0	0	0.0197574497006261	0	0	0	0.0458416413479264	0	0	0	0	0	0	0	0	0	0	0	0.0811714217376317	0	0	0.0428336358124683	0	0	0	0	0	0	0	0	0	0	0	0	0	0	0	0	0	0	0.271517718194203	0	0.138749096314293	0	0	0	0	0	0	0	0.0374604180502777	0	0	0	0	0	0	0	0.170279581889308	0.0118897770095323	0.0182655843339608	0	0	0	0	0	0	0	0	0	0	0	0	0	0	0.0597636041355634	0
0	0	0.0327669768135388	0	0	0	0.0298401554723075	0	0	0	0	0	0	0	0	0	0	0	0	0	0	0.139007332797473	0.0322510538887357	0	0	0.0637650951990284	0	0	0	0	0	0	0	0.0976911243196478	0	0	0	0	0	0	0.0130305035789763	0	0	0	0	0.0378185584186192	0	0	0	0	0	0	0	0	0	0	0	0	0.00690179306401623	0.174268413134086	0	0	0.0968705874237843	0	0	0	0.0602887651756565	0	0.0628806759825999	0	0.0148160008038097	0	0	0	0	0	0	0	0	0.024398623761881	0	0	0	0	0	0.11340434016584
0	0	0	0	0	0	0	0	0	0	0	0	0	0	0	0	0	0	0.0349630918688634	0	0	0	0	0	0	0	0	0	0	0	0.0411127099407126	0	0	0	0	0	0	0	0.0925385122977298	0	0	0	0	0	0.165884398403608	0	0	0	0	0	0	0	0	0	0	0	0	0	0	0	0	0.0275399811470537	0.0671365347797269	0	0	0	0	0	0	0.038634594660708	0	0	0	0.0192178369369818	0	0	0	0	0.363677021477257	0	0.102102183397529	0	0	0.0471931350898303	0	0
0	0	0	0	2.54116132863433e-08	0	0.0664163164199939	0	0	0.0194036508780701	0	0	0	0.0204997147761157	0	0	0	0	0	0	0.0238879881615139	0.146570499709079	0.0188848147201074	0.0157559314257549	0	0	0.045112210575232	0	0	0.0357738947291093	0	0	0	0.110288534478383	0	0	0.0816656063611721	0	0	0	0.0717915672413768	0.0284288139983422	0	0	0	0	0	0	0	0	0	0	0	0	0	0	0	0	0	0	0.0311858144056619	0.0663325005308399	0	0.0771293538505365	0	0	0	0	0	0	0	0	0.0732861891701168	0	0	0	0.0121853341980615	0	0	0.0423510330260371	0	0	0	0.0130502059328826	0	0
0.0217795588022254	0.0434843784465847	0	0	2.33834289791184e-08	0.0186431176021782	0	0	0	0.03067143771892	0	0	0	0.011876697954191	0	0	0	0.183645700910292	0	0.0210773589308297	0	0.0272068496678899	0	0	0	0.0122454103811406	0	0	0	0	0	0	0	0	0	0	0	0	0	0	0.0134321517047793	0	0	0	0	0	0	0	0	0	0	0.0518438382283715	0	0	0	0	0	0	0	0.0324433205016198	0.0730989884074973	0	0	0	0	0	0	0	0.03655125786225	0	0	0	0.147160760034843	0	0.0489215128080705	0	0	0	0	0	0.204839836902533	0	0	0.0210777997523546	0	0
0	0	0	0.0174446212944096	1.89624978482095e-08	0.0304504301844417	0	0	0	0	0	0	0	0	0	0	0	0.0211250936954977	0	0	0.0887464297415261	0.0225521443238969	0	0	0	0	0	0	0.0308965626118194	0	0	0	0	0	0	0	0	0	0	0	0	0	0	0	0	0	0.0262020157079804	0	0	0	0	0.0680293629141673	0	0	0	0	0	0	0	0.0214963658748844	0	0	0	0.0631731207664853	0	0	0	0	0	0	0	0	0	0	0	0	0	0	0.376934199865665	0.17826177065702	0	0	0	0	0	0.0546878633997086
0	0.0394003961137252	0	0	1.97670560982739e-08	0	0.042014088243869	0	0.0707634770919117	0	0	0.0307278106768594	0	0	0	0	0	0	0	0	0	0.115784895192269	0.00675229435584928	0	0	0.0120938891349293	0	0	0	0	0	0	0	0	0	0	0	0	0	0	0	0	0	0	0.0177605581286601	0	0	0	0	0	0	0	0	0	0.112684872497796	0	0	0	0	0	0	0	0	0.106392992881765	0	0	0	0	0	0	0	0	0	0	0	0	0	0	0	0	0.345558420740358	0	0	0	0	0.100066285174952
0	0	0	0	2.63511490620986e-08	0	0	0	0	0	0	0	0	0	0	0	0	0.0892657210285759	0	0	0.0181617746451496	0.15492774704458	0.030897156224553	0.0140052392149378	0	0	0.0134176164716283	0	0	0	0	0.0265505039981462	0	0	0	0	0	0	0	0	0	0.0367918025596734	0	0	0	0	0	0	0	0	0	0.262167391108222	0	0	0	0	0	0	0.0139022309774839	0	0	0.0776275317934561	0	0.0574899489510719	0	0	0	0	0	0.0148575577773661	0.022992974967058	0	0.0828656241031555	0	0	0	0.00916407452414474	0	0	0.0223271378837743	0.0525879403758741	0	0	0	0	0
