"SBS1"	"SBS2"	"SBS3"	"SBS4"	"SBS5"	"SBS6"	"SBS7a"	"SBS7b"	"SBS7c"	"SBS7d"	"SBS8"	"SBS9"	"SBS10a"	"SBS10b"	"SBS10c"	"SBS10d"	"SBS11"	"SBS12"	"SBS13"	"SBS14"	"SBS15"	"SBS16"	"SBS17a"	"SBS17b"	"SBS18"	"SBS19"	"SBS20"	"SBS21"	"SBS22a"	"SBS22b"	"SBS23"	"SBS24"	"SBS25"	"SBS26"	"SBS27"	"SBS28"	"SBS29"	"SBS30"	"SBS31"	"SBS32"	"SBS33"	"SBS34"	"SBS35"	"SBS36"	"SBS37"	"SBS38"	"SBS39"	"SBS40a"	"SBS40b"	"SBS40c"	"SBS41"	"SBS42"	"SBS43"	"SBS44"	"SBS45"	"SBS46"	"SBS47"	"SBS48"	"SBS49"	"SBS50"	"SBS51"	"SBS52"	"SBS53"	"SBS54"	"SBS55"	"SBS56"	"SBS57"	"SBS58"	"SBS59"	"SBS60"	"SBS84"	"SBS85"	"SBS86"	"SBS87"	"SBS88"	"SBS89"	"SBS90"	"SBS91"	"SBS92"	"SBS93"	"SBS94"	"SBS95"	"SBS96"	"SBS97"	"SBS98"	"SBS99"
0	0	0	0	0	0	0	0	0	0	0	0	0	0	0	0	0	0.0391676680646161	0.00531854412678241	0	0	0	0.0118898045725989	0.0281340980248223	0	0	0	0	0.0406444810731785	0	0	0	0	0	0	0	0	0.165982463509097	0	0.00062593203196471	0.0226498071063875	0	0	0	0	0.0205623285267882	0.317980686471846	0	0	0	0	0	0	0	0.0645774126516381	0.0292452598218827	0	0	0.00106390809866479	0	0.0889150374390636	0	0.0350534884619847	0.00442730791309933	0	0	0	0.012084110316973	0	0	0	0	0	0.0547493573838807	0	0	0.0237410382456308	0	0	0	0	0	0	0.00415694789160564	0	0.0290303182674949
0	0	0	0	0	0	0	0.0302071240757127	0	0	0	0	0	0	0	0	0	0	0	0	0	0.0984312168451175	0.0843276199478334	0	0	0.0657873223158307	0.0677201161425909	0	0	0	0	0	0	0.030068895850118	0	0	0	0	0	0.0244226011833846	0	0	0	0	0.00411077587283106	0	0.0792175705778759	0	0	0	0	0	0	0	0.113463537031028	0.0363743219964711	0	0	0	0	0	0	0	0.0915395009590268	0	0	0	0.040659490379921	0	0.0260343537607735	0	0	0	0.00283912570432869	0	0	0	0	0	0	0.118209475781207	0	0	0	0	0.0865869515759492
0	0	0	0	0	0	0	0	0	0.00571333247055784	0	0	0	0	0	0	0	0.0355782153416195	0	0.0341970685847733	0	0	0.0173353603486475	0	0	0.0277928234115717	0.0366707170438799	0	0	0	0	0	0	0	0	0.00341576878564981	0	0	0	0.0992880218908071	0	0	0.081030682259337	0	0	0	0.02243008711797	0	0	0	0	0	0.0209101331417478	0	0	0	0	0	0	0	0	0	0	0.0363896864746417	0	0	0.0138550361551426	0	0	0	0	0	0	0	0.0505424197741523	0	0	0	0	0	0.371434843961671	0	0.12201111691019	0.0214046863276401	0	0
0	0	0	0	0	0	0	0	0	0	0	0	0	0	0	0	0	0	0.0197595568538824	0	0	0	0.0248767038613429	0	0	0	0	0	0	0	0	0	0	0	0	0.0543358278483301	0	0.0557954353243606	0.157248677736162	0	0	0.0041427567670003	0	0	0	0.018848879276829	0.0973142920677429	0	0	0	0	0	0	0.0142490803401859	0	0	0	0	0	0	0.0414612341687265	0	0.128370457504084	0.0634166198033264	0	0	0	0.0130294611291998	0	0	0	0	0	0.0239838390302546	0	0.0604588262214385	0	0	0.11375659316529	0.10128583392889	0	0	0	0.00766592497295294	0	0
8.63621043554558e-05	0	0	0	0	0	0.0881273667456309	0	0	0	0	0	0.0174986411551704	0	0	0	0	0.0981632125465114	0.00506815493080053	0	0	0	0	0	0	0.0153520853046759	0	0.049124039798061	0.070058771400958	0	0	0	0	0	0	0	0	0	0.0922651027050151	0.0580724715261142	0	0	0	0	0.145487257411649	0	0	0	0	0	0	0	0	0	0	0	0	0	0	0.00351495520948159	0	0.0025532670388169	0.0104410583813466	0	0.028015939792152	0	0	0	0	0	0	0	0	0	0.1217834963214	0.0252850541155196	0.00514671235657073	0	0	0	0.140597267671992	0	0.023358783483778	0	0	0
0	0	0	0	0	0	0	0	0	0.00648259351430585	0.042754922086704	0	0.0106865110110378	0	0	0	0	0.26033307457564	0	0	0	0	0	0	0	0	0	0	0	0	0	0	0	0	0.0147512248808445	0	0	0	0.0564784068289202	0	0	0.031688866374777	0	0	0.0080634780504066	0	0.0931712349311077	0	0	0	0	0.174159775901389	0	0	0	0	0	0.000500409582949837	0	0	0	0	0	0.0179918632495888	0.0268017911861404	0	0	0	0	0	0	0	0	0	0	0	0	0.0193584346331086	0.0772108546422397	0.0647858408569749	0	0	0	0.0152219525575279	0.041210024571848	0.0383487405644894
0	0	0	0	0	0	0.0154807889167342	0	0.0366181861580897	0	0	0	0.0119488648801256	0.028257683444332	0	0	0.0107954770572639	0	0.0270615608843811	0	0	0.0788848665662578	0.0231770034868171	0.0139545636984672	0	0.0197870785847837	0	0	0	0	0.0290726776900733	0	0	0	0	0.00535416713789893	0	0	0.228235874572031	0	0.0294729941060019	0.00851512533377544	0	0	0.0489290554775783	0	0	0	0	0	0	0.0244089186136448	0	0	0	0	0	0	0.00860973765593984	0.0502949544024072	0	0	0	0	0	0	0.0223422844703712	0.0461073505930641	0	0	0	0	0.106595324647199	0.0296732842691321	0	0	0	0	0	0	0.0964221773536309	0	0	0	0	0
0	0	0	0.119387410228807	0	0	0.00326912678775098	0.0461367463603964	0.0910334802098303	0.0126610187899539	0	0	0	0.000953603402314737	0	0	0	0	0	0	0	0.0240622150121389	0	0.0027941236151562	0	0.0182748568921628	0.0480034149068154	0	0.00824678674990334	0.0630687911982089	0	0.0188398548409493	0	0	0	0.0426070399167997	0	0	0	0.0922075271967209	0	0	0	0	0	0	0.0921238906290439	0	0	0	0	0	0	0	0	0	0	0	0	0	0	0	0	0.166874246203554	0	0	0	0	0	0	0	0	0	0	0	0	0.0190003328342395	0	0	0	0	0	0.081478934316412	0.00270334375896561	0	0.0462732561498758
0	0.00127567921132121	0	0	0	0	0	0	0	0.0226942753144101	0	0	0	0.0103116956721077	0	0	0	0.0789124233321426	0.0208927752330472	0	0.0514200579416942	0.271205541663586	0	0.00927945616100695	0	0.0430560814886813	0.0083128062900004	0	0	0	0.0452055596271643	0	0	0	0	0	0	0	0	0	0.000564672591708377	0	0.107213088628851	0	0	0	0	0	0	0	0	0.0287816257493487	0	0	0	0	0	0.0113820484306726	0.0108164177140593	0	0	0	0	0.0493927075879664	0.00582558849767883	0	0	0.00871999426838081	0.0261127355533486	0.0101446531118122	0	0.0144677021355884	0	0	0.00795415269777048	0	0	0	0	0	0.0218705489823392	0	0	0.134187712115313	0	0
0	0.00505706429898889	0	0.00627392705895326	0	0	0	0	0.0145717856668517	0.000676975366582964	0	0	0	0	0	0	0	0	0	0	0	0.00970582343103217	0.0336533104683171	0.00388454903652446	0	0	0.0131456501614616	0.000366699756532588	0	0	0	0.048611706710156	0.0799807552216136	0.0535104273072272	0	0	0.0179249840335458	0.0320872776283066	0.01815234840655	0.00247963300725003	0	0	0	0	0	0.0534436434344232	0	0	0.13841977288013	0	0	0.0391098737303599	0	0.0638125979952222	0.00361071033951707	0	0	0.00757136196918478	0	0	0	0	0.0137542988387715	0.00997416335868832	0.00394511738035999	0	0.0666773871473978	0.0204752462493925	0.00107538200797799	0	0	0	0.0709184175260357	0	0.0764403801736523	0	0	0.000262104575848209	0.0865946769604033	0	0	0	0	0.0038319478727416	0	0
0	0	0	0	0	0	0	0	0	0	0	0	0	0.00471882764050294	0	0	0	0.11780160889623	0.0295881092222738	0.0156451435395383	0	0.0246609187476615	0	0	0	0.0265391707091212	0	0.00885155824454387	0	0	0	0.0496544342473657	0	0	0	0.104384102278904	0	0	0	0	0	0	0.0853158978919239	0	0	0.0629643552342716	0.00926741693669242	0	0	0	0	0	0	0	0	0	0	0	0.00484141119631371	0	0	0	0.0213063117511706	0	0	0	0	0	0	0	0.0825899036108886	0	0.0052534846861371	0	0	0	0.005589951922676	0	0.205644691910016	0.109523382922642	0	0	0	0.0123298933217218	0.0135294250894053	0
0	0	0.0718529301441165	0	0	0	0	0	0	0	0	0	0	0	0	0	0	0.1076320345989	0.0244372376405946	0	0	0	0.0150481283989082	0	0.0353614267890502	0.176959231755515	0	0.00791989792226593	0	0	0	0	0	0	0	0	0	0	0.0355167062215691	0	0	0	0	0.0544576114416189	0	0	0	0	0	0	0	0	0	0	0.0721359239076225	0	0	0	0	0	0	0.004161887054364	0.0338583542460604	0	0	0	0	0	0	0	0	0	0.002291085420063	0.022809455014558	0.0251764720728835	0	0.0580588080637566	0	0	0	0	0	0.25175687506541	0.000565934242743572	0	0
0.000861419540313424	0	0	0	0	0	0.0176260746129863	0	0.0196895891544674	0	0.00812457627110977	0	0.0193418866075069	0.0432409583726939	0	0	0	0	0.0394675153543967	0	0	0	0	0	0	0	0	0	0	0	0	0.0231235305595555	0	0	0	0	0	0.0891984861532033	0	0	0	0	0	0	0.047818483386321	0	0	0	0	0	0	0	0	0	0	0	0	0	0.00856103953369692	0	0	0	0.0431454168196776	0.060919663126761	0.00488290883137893	0	0.0100265475027138	0.0627376211450815	0.0114096760973786	0	0.0515282224661857	0	0.00717112386314123	0	0	0	0	0	0	0	0.385043214768354	0	0.046082045833077	0	0	0
0	0	0	0	0	0	0	0	0	0	0	0	0	0	0	0	0.0717172594878909	0.00715600851454953	0.0590609911598625	0	0.00552250882425365	0.223893817008475	0	0	0	0	0.0987958059856413	0	0.0070690796019907	0	0	0	0	0	0	0	0	0	0	0	0	0.0135159731816359	0	0	0	0.101820323964883	0.106020343147227	0	0	0	0.0178768502778625	0.00585578666440574	0	0	0	0	0.0150450918110526	0	0	0	0	0	0	0.0383775787144671	0	0	0	0	0	0.026255802901748	0.0224256447024642	0	0	0.0557181204834092	0.0175000429156505	0	0	0	0	0	0	0	0	0.0849369481098509	0	0.0214360225426799
0.0174065709945931	0	0.101450528183401	0	0	0	0	0	0.0219951697793427	0	0	0	0	0.0290327620281059	0	0	0	0.0697402552184204	0	0	0	0	0	0	0	0	0	0	0	0	0	0	0.123093552038444	0	0.0945690459872123	0	0	0.0716533769223638	0.0218193610386268	0.10963050252502	0.00163473226967718	0	0	0	0	0	0	0	0.141315147001083	0	0	0.0535000498483103	0.0135191664823665	0.000877565935440288	0	0	0	0	0	0	0	0	0.0250617959967961	0	0	0	0	0.0266195890858316	0	0	0	0	0	0	0	0	0	0	0	0	0	0	0	0	0	0.0770808286649651
0.0111497839091668	0	0	0	0	0	0.0549146620007104	0.0540961506601867	0.0854642580501736	0	0	0	0.00158339623214652	0.00505434677768046	0	0	0	0	0	0	0	0.009001583965715	0	0	0	0	0	0	0.0231292356594827	0	0.0317949031272424	0	0	0.0280239291563001	0	0.00589538728381143	0	0.0382253386015916	0.0993582979664099	0	0	0.00751097346914517	0	0	0.104328513273214	0	0.0505676643951808	0	0	0.0366085657484759	0	0	0	0	0	0	0	0	0.015722922600012	0.0241461556200043	0	0	0	0	0	0	0	0	0.021854332207264	0	0.0177382557500055	0	0.0101501970235812	0	0.0194246555378562	0	0	0	0.244256490984643	0	0	0	0	0	0	0
0.0304265062322015	0	0	0	0	0	0	0.0399388794258541	0	0.00163556910272709	0	0	0	0	0	0.00398137482974468	0	0.0535652054042458	0.0232672030647786	0	0	0	0.0105504947193698	0	0	0.105471298958523	0.0365827445322412	0	0	0	0	0.0937454808332327	0	0	0.00194332215848046	0	0	0	0	0.0186343073293797	0.0573643295153648	0	0	0	0	0	0	0	0	0	0	0	0.0226714316507741	0.0648573213012864	0	0	0	0	0	0.00663023006068582	0	0.0547806780742148	0	0	0	0	0	0.128161888540968	0	0	0	0	0	0	0	0	0	0	0	0.161332520848024	0	0	0	0	0	0.0844592134179036
0	0.00863318691116953	0	0	0	0	0.016923067508497	0	0	0.010482214115811	0	0	0	0	0	0	0	0	0	0	0	0.129074351085811	0.0326998385462895	0	0.0675139273726255	0.0988592078388713	0	0.0527760347936365	0	0	0	0	0	0	0.0138983950912465	0	0	0	0	0	0.00156753504102368	0.0529935573555697	0	0	0	0	0.0937468586599116	0	0.00195462159101453	0.0205559761838156	0	0	0	0	0	0	0	0	0	0	0	0.0413409319811774	0.0169200475728029	0	0.000981121657948192	0	0	0.00385084299754666	0	0.0111534255954953	0.11131184842116	0.0194920002693975	0	0.0428431515720706	0.0725820506554735	0	0	0	0	0	0.074617179459194	0	0	0.00322862772244085	0	0
0	0.00200878080189525	0	0	0	0	0	0	0	0	0	0	0	0.0522392163373276	0	0.0147342351141119	0.00296476119151238	0	0	0	0.039657358410963	0.0599144172852063	0	0.00890580626110267	0	0	0.0433720211822189	0.0479150908851353	0	0	0	0	0	0	0	0	0	0	0	0.0696494829549212	0.0154339793317413	0.00828942230077749	0.0407064046597773	0	0	0	0	0	0	0	0	0.0760248786487254	0	0	0.0288949319650826	0	0	0	0	0	0	0.0306943139118498	0	0.0621040385732043	0	0	0	0.116023989898823	0.0178679026979202	0	0	0	0	0	0	0	0.0266600960544887	0	0	0.0190891707433494	0	0	0	0.091462821466193	0.0485978652289056	0.0767890140947668
0.00339879323873058	0	0	0	0	0	0	0	0	0.00111752471410546	0.100854812132113	0	0	0.0336333923712509	0	0	0	0.0829757496162679	0	0	0	0	0	0.0115325459416691	0	0	0	0	0	0	0	0	0	0	0	0	0	0	0	0.039586893134952	0	0	0	0	0	0	0.084028876710746	0	0	0	0	0	0	0.0604325624547569	0.0817772368182651	0	0	0	0	0	0	0	0	0.0048568043503062	0	0	0	0.208741734613902	0	0	0	0	0	0	0	0	0	0	0	0.00243315397370695	0.214996977722166	0	0.0426766377866041	0.0269563044204578	0	0
0.00212604203026695	0.011569815487896	0	0	0	0	0.0364393893708655	0	0	0	0	0	0	0	0	0	0	0.0935892317719691	0.0162109573265841	0.00650797720682277	0	0	0.000178790053057984	0	0	0	0.0441732880807992	0	0.0654342106510714	0	0	0	0	0.0165312728331735	0	0	0.0361895434923257	0	0	0	0	0	0	0	0.160939183061385	0	0.0467426662415888	0	0	0	0	0	0	0	0	0	0	0	0	0	0	0	0.0106769260895192	0.0517669436212737	0	0.00467533370118547	0	0	0.00384660464827288	0	0.0586331658157563	0	0	0	0	0	0	0.00171561253865118	0.127037905412333	0.127031317236253	0	0	0	0.0452991955261523	0	0.0326846278027967
0.0226926747936738	0	0	0	0	0	0	0	0	0	0.146963957555104	0	0.00818350606227452	0.00402883148989878	0	0	0	0.141437362595804	0.0282977783984821	0.0123298597139528	0	0.0544651550433939	0	0	0	0.00672698022702329	0	0.0180355186502117	0	0	0	0	0	0	0	0.0196293462017377	0	0	0	0	0	0	0	0	0	0	0	0	0	0	0	0.108105159407425	0	0	0	0	0	0	0.0566271323373572	0.0604911650507217	0	0	0	0	0	0	0.120410022167194	0	0	0.00912218797849952	0	0	0.0349805401871597	0	0.00909290347553962	0	0.000756182526689543	0	0	0	0	0	0	0.125861262189131	0.011762473948726	0
0.00977058615182706	0.0753150080039283	0	0	0	0.0346892463703258	0	0	0	0.0131388620491803	0.0361309834161505	0	0	0	0	0	0	0.0217132190525389	0	0	0	0.028111780281488	0	0.00777433548471584	0	0	0	0	0.0285822553062654	0	0	0.0986282234202301	0	0	0	0	0	0	0	0.0684963927964842	0	0	0	0	0	0	0	0	0	0	0	0	0	0	0	0	0	0	0	0	0	0	0	0.0937436907769121	0	0	0	0	0	0	0	0	0.0125773039891979	0	0	0.131781759971062	0	0.00484653982815518	0.181292957552794	0.0573622211996427	0	0	0.0530763236145468	0.022919315181533	0	0.0200489955530215
0	0	0	0	0	0	0.0261401888294205	0	0.0847330843982719	0.0322225729337089	0	0	0	0	0	0	0	0.0183658552573874	0.0166739877986121	0	0	0.0658933545770316	0.0325936666229531	0	0	0.0548377530259751	0	0	0	0	0	0	0	0	0	0	0	0	0	0	0.0101911203100728	0	0	0	0	0	0	0	0	0	0	0	0	0.0639960561286672	0	0	0	0	0	0	0	0	0.00936377198113762	0	0.00684370249232383	0	0	0.0213356067897244	0	0.0194692700522007	0.00152305401503282	0	0.0260360197794813	0	0	0	0	0	0	0.0348670868238107	0.343559686386831	0	0	0	0	0.131354161797357
0	0	0.0664289969379827	0.152694593068269	0	0	0	0	0	0	0	0	0	0.0220325956243289	0	0	0	0.150693823458554	0.0128528585278647	0	0	0	0.00220742905374151	0.0036395170647014	0	0	0.0437229255405521	0	0	0	0.0870024372808844	0	0	0	0	0	0	0.0320461216106187	0	0	0	0.0188013197865067	0.0341919536342458	0	0	0	0.0193283449218408	0	0	0	0	0	0	0	0	0	0	0	0.0418053582055748	0.0118348938485767	0	0	0	0	0	0	0	0	0	0	0	0	0.0110951629305235	0	0	0	0	0	0	0.106740479995871	0.154696204293735	0	0	0.024798171719011	0	0.00338681249661685
0	0	0.0686543984329783	0	0	0.00162817223990796	0	0	0.0241098945153841	0	0	0	0	0.00505154208176502	0	0	0	0	0.0259850940478949	0	0.0202948316319131	0.0860841544408657	0.0582638896618424	0	0	0.0130216970576807	0	0	0	0	0.0507083374388083	0.0423156358707044	0	0	0	0	0	0	0.0141990045427745	0.000888957557438084	0	0.0237822548700835	0	0	0	0	0.0268996467688152	0.115298310566781	0	0.147713264638021	0	0	0	0.126016681630541	0	0	0	0.0133072573225039	0.0056342630960429	0.0146266771314163	0	0.0177460113151781	0	0	0	0	0	0	0	0	0	0	0.035150653431617	0	0	0	0	0	0	0.062619369709043	0	0	0	0	0	0
0	0	0	0	0	0	0	0	0.0575445556399749	0	0	0	0	0	0	0	0	0.0276262216590401	0.00435323085936159	0	0.00723226349366409	0	0.0160236570649339	0	0	0	0	0	0	0	0.0284224574560536	0	0	0.102081639923975	0	0.025937025706529	0	0	0.0543011015877244	0.129961934015502	0	0	0	0	0	0.0462606593927808	0	0	0.0509916109629305	0	0	0	0	0	0	0	0	0	0	0	0	0.0392841330229615	0	0.138065844809428	0	0	0	0	0.00452567434044848	0	0	0	0.0891298350699288	0	0	0	0	0	0.178258154994763	0	0	0	0	0	0	0
0	0	0	0	0	0	0	0	0	0	0	0	0.0214387308400184	0.074297988827177	0	0	0	0	0	0	0	0.0867282313807893	0	0.0146569651507952	0	0	0	0	0	0.0110642146674075	0	0.108142753265744	0	0	0.038722024463805	0	0	0	0.211097521047365	0	0.0328755754649841	0	0	0	0	0	0.105434532826156	0	0	0	0	0.0636398676046597	0	0	0.0319315132712227	0	0	0	0	0	0.0392075339384149	0	0	0.0133335225267079	0	0	0.007637679400701	0	0.00035993440720074	0	0	0.128437827421611	0	0	0	0	0	0	0	0	0.0109935834952403	0	0	0	0	0
0	0.0472966177328544	0	0	0	0	0	0.00630472489668183	0	0.0490102919254033	0	0	0	0.0281939172651211	0	0	0	0.100547598576271	0	0	0.0653798225423349	0.0703047337266915	0.0378588925933949	0	0	0.0558136353688046	0	0	0	0.0224925301875212	0	0.0362377419067531	0	0	0.0336939314509518	0	0	0	0	0	0	0	0.0445152812149568	0	0	0	0.0686754568312922	0	0	0	0	0	0	0	0	0	0	0	0	0.0772723224930535	0	0.0434331711320393	0	0.0596565804670152	0.00366003013063347	0	0	0	0.0272613562026776	0	0	0	0	0	0	0	0	0	0	0.0219923376460369	0.0627881154542729	0	0.0167166126976872	0.0208942975575507	0	0
0	0.00790784621555491	0	0	0	0	0	0	0	0.00535706278067222	0	0	0	0	0	0	0	0	0	0	0	0.0693575052473406	0.0276631117293999	0.00211090387026215	0	0.0390235191892108	0.0914303489037344	0.0175793833555244	0.00707891400046287	0	0	0	0	0.139062162684032	0.035186268140957	0	0	0	0	0	0	0	0	0	0	0.0345430734282658	0.0808990810670172	0	0	0	0	0	0	0	0	0	0	0	0	0.0555739786280177	0	0.0539979228134452	0	0.0245662442610303	0	0	0.169729293714706	0.00636753593437922	0.0307682859962846	0	0	0	0	0.0301782337036181	0	0	0.0166093006033779	0	0	0	0.00643245438375354	0	0	0	0	0.0485775693489534
0.00739997499098371	0	0.0805904346322097	0	0	0	0	6.4412792808025e-05	0.00665417529284001	0	0.108960597659593	0	0	0.0379087839348377	0	0	0.00950338805219458	0.154086780906963	0.0253607090071584	0.00630842054039269	0.023018791764448	0.0198957375173917	0	0.00954152284900991	0	0.229856167696849	0.00324995308298382	0.0237908608445424	0	0	0	0	0	0	0.0446716421995809	0	0	0	0	0	0.00429059366530254	0	0	0	0	0	0	0	0	0	0	0	0	0	0	0	0	0	0	0	0	0.0256040988526294	0	0.0607727032807889	0	0	0	0.0190949653619125	0.0430604280148757	0	0	0	0.00560859117728409	0	0.0507062658824202	0	0	0	0	0	0	0	0	0	0	0
0	0.000638339748034405	0	0	0	0	0	0	0	0	0	0	0	0	0	0	0	0	0.0700558628655745	0	0	0.0221146271844371	0	0	0	0.0633980830222602	0	0	0.00959345766785671	0	0	0	0	0	0	0	0	0	0.0748468807201234	0.140314352802596	0.032010168676924	0	0	0	0	0	0	0	0	0	0	0	0	0	0	0	0	0	0.0110978037141142	0	0	0	0	0	0	0	0	0.0530993718367716	0.0388052147760662	0.0135760979910514	0	0	0.0653637363567293	0	0	0	0	0	0.0696088182153749	0	0.311725675716242	0	0	0.0237515087058438	0	0
0	0.013876154924065	0.316954118818573	0.031564600591215	0	0	0	0	0.0286406503783177	0	0	0	0	0.0103805484634769	0	0	0	0	0.00277007711875906	0	0	0.00400865808356759	0.0622777222504191	0.0137376259826021	0	0	0	0	0.0296179486435872	0	0	0	0.00179759865980277	0	0	0	0	0.00592051438372772	0	0.0121141210809189	0	0	0	0	0	0	0	0	0	0.174122286144278	0	0	0.0132754374848488	0.0511558757578203	0	0	0	0	0	0	0	0	0	0	0	0	0	0.0390908474672861	0.00657059600876007	0	0	0	0	0	0.0167801247239232	0	0	0	0	0.0016850487251605	0.105340050027709	0	0.00218293252743721	0	0.0561364617537455	0
0	0	0	0.0970298097085761	0	0	0.0461738484644512	0	0.0967295079375987	0	0	0	0	0	0	0	0	0	0.0247065969739749	0	0	0.0976593809039158	0	0	0	0	0	0	0.0131039006621793	0	0	0	0	0	0.00982564094979714	0	0	0	0	0.0348763427443997	0	0	0	0	0	0	0.00665545312230243	0	0	0	0	0	0	0	0	0	0	0	0	0.0409175594750776	0	0.00438583231008112	0	0.119886803501394	0	0	0	0	0	0	0.00365000809406023	0	0	0.115242522451244	0	0	0	0	0	0	0.25483752278162	0	0	0	0.00870658389463547	0.0256126860246921
0.00484358748149948	0	0	0	0	0	0.0459011655737111	0	0	0.00341986261634114	0.0321969277397873	0	0	0	0	0	0	0.199852455750918	0.0116129229486052	0	0	0.026374709900273	0	0	0	0.113072671630415	0	0	0	0	0	0	0	0	0	0	0	0	0	0	0.00487767109194325	0.0122278348136234	0.0431055717737531	0	0	0.0441274137147438	0.104714691583041	0	0	0	0	0	0	0	0	0	0	0	0	0.046575977611867	0	0.00722706431902748	0.0271006717651673	0.0475314986650743	0	0	0	0	0.0225840547560713	0	0	0	0.0210296485089719	0.0112370670197744	0.00386114844428981	0	0	0	0	0	0	0	0.166525382291102	0	0	0
0	0	0	0	0	0	0	0	0.0240033107870653	0	0.143168984148813	0	0	0.0149760255683433	0	0	0.0538975297181556	0	0.00315773126067441	0.0196614209617878	0.0132409156936292	0.160020069532715	0	0	0	0	0.0806851712849151	0.0331938587831563	0.00198730488441348	0	0	0	0	0.0191909069080818	0.0150864143900539	0	0	0	0	0	0	0	0.0114989060480984	0	0	0.0450218974442052	0	0	0	0	0	0	0	0	0	0	0	0	0	0	0	0	0	0.0968637645520966	0	0	0.0802484758744183	0	0	0	0.149242267029284	0	0.0343895038950686	0	0	0	0	0	0	0	0	0	0	0	0	0.000465541235024857
0	0	0	0	0	0	0	0	0.0409815349379945	0	0	0	0.018503748733132	0	0	0	0	0	0	0	0	0.149098762782423	0.0334629444150355	0	0	0	0	0	0.0485867184526351	0.0157622058934283	0	0.0744444164662132	0	0	0	0.0200138298187472	0	0	0	0.213426834434491	0	0	0	0	0	0	0.0907033049151655	0	0	0	0	0	0	0	0	0	0	0	0	0	0	0	0	0	0.00114338370792965	0	0	0	0	0	0	0	0	0.0547905713740835	0	0	0	0	0.120637004627514	0.0891178239835799	0	0	0	0.0184415460301064	0	0.0108853694275215
0.00283275442098894	0	0	0	0	0	0.0505424260281314	0.0127310877140178	0	0.0273596751845826	0.0106674753525506	0	0.0142589911326118	0.00436973230340638	0	0	0.00874302274682272	0.0409484413387031	0.0588318457423461	0.0174718970567296	0	0.0288239034444509	0	0.0322802537934562	0	0	0	0.0105326442754012	0	0	0	0	0	0	0	0	0	0	0	0	0.0282606972936715	0.00994645143315443	0.0503836550729022	0	0	0	0.0428134395772146	0	0	0	0	0	0	0	0.0289646937076614	0	0	0	0.0341896660527974	0	0	0	0	0.0215905788443895	0.0107326964975264	0	0	0	0.00711328176834775	0	0.0835224583372624	0.10762456077242	0	0.00608555862404918	0	0	0	0	0.0920495759963075	0	0.0499235229602607	0	0.0377612349831842	0	0.00386597241201969	0.0647778051326319
0	0.0517576285255622	0	0	0	0	0	0.0111345899533414	0.0194077578086578	0	0	0	0	0	0	0	0	0	0	0	0	0.112560164566709	0	0.00631055365045234	0	0	0.0625473008045208	0.0692669302286523	0.0121621895068377	0	0	0	0	0	0.0113701501775535	0	0	0	0.0037384697874907	0.0257579393063371	0.0346704439806207	0	0	0	0.00105761797927275	0	0.115891773605651	0	0	0	0	0	0	0	0	0	0	0	0	0	0.0295547446212549	0	0	0	0	0	0.0161268392971796	0	0.0480257016808581	0	0.0536683419863534	0.04261668616326	0	0.0429859667449548	0.0225852012746799	0	0	0	0	0	0.206803008349801	0	0	0	0	0
0.0471026277634788	0	0	0	0	0	0	0	0.0184844777710832	0.0295591543708177	0.0171603937553982	0	0.0256993548495794	0	0	0	0	0	0	0.0295751223208769	0	0.28896885418202	0.0203771385118591	0	0	0.0573075706682533	0	0	0	0	0	0	0	0	0	0.00140344339994331	0	0	0.0364469883172739	0.116625444891559	0	0	0	0	0	0	0.0846326594972883	0	0	0	0	0	0	0	0	0	0	0.0104980462517172	0.00432713588354623	0.0404503208462649	0	0	0	0.0447203402780047	0	0	0.0371065407497328	0	0	0	0	0	0	0.0211424422664773	0	0	0.0493288606542592	0	0	0	0	0	0.0190830827705667	0	0	0
0	0.00644645213730487	0	0	0	0	0.0442041610057772	0	0	0	0.157467313557806	0	0	0	0	0	0	0.07344753614108	0.0447587257661847	0	0	0	0.0223801723115319	0.0123360443847527	0	0	0	0	0.00215448826336795	0	0	0	0	0	0.0366667064477589	0	0	0.0106199388216218	0	0.102730685116942	0	0	0	0	0	0	0	0	0	0.0779441074985895	0	0	0.0127035031900983	0	0.00391233622926057	0.0198766991328087	0	0	0	0	0.0501243154583632	0.0103240420420798	0.00078815541731222	0.0259619932374922	0	0	0	0	0	0	0	0	0	0	0.0984060776816009	0.0467787073266216	0	0.00567546036300469	0	0.0119436304571262	0	0	0.00280997065054429	0.0249231485520488	0.0946156288089215	0
0	0	0	0	0	0	0	0	0	0.0406465330920131	0	0	0.0422725834727107	0	0	0	0	0	0.0198110065777202	0	0	0	0.0519873724975844	0	0	0	0	0.0447085500167635	0	0	0	0.0428759317765811	0	0	0	0	0.066306766976958	0.0280595542872193	0	0	0.0151875260222504	0	0.0200970313438844	0	0	0	0	0	0	0	0	0.0452361252027919	0	0	0	0	0	0	0.00220993950634511	0.0459135066540409	0.0902494228701608	0	0	0	0	0	0	0.0956409029324889	0	0	0.110696455910795	0	0.0288897754414602	0	0	0.0713150527217922	0	0	0	0.126933537825489	0	0	0	0.0109624248709509	0	0
0	0	0	0	0	0	0	0	0.032723279900248	0.00881545741950951	0	0	0	0	0	0	0	0.0777619878188116	0.0171329583710399	0	0	0	0.000403634765290497	0	0	0	0	0	0.0140693404092119	0	0	0	0.0733231386465468	0	0	0	0	0.0727247972050985	0	0	0.0114055019591844	0.00103603957328118	0	0	0.0821496966217576	0	0	0	0	0.155808492967179	0	0	0	0	0.0111541043611842	0	0	0	0.00896130118434585	0	0	0.0645814659825352	0.0101240235347512	0.0179203015261814	0.00694894859162021	0	0	0	0.0517668711891747	0	0	0	0	0	0	0	0	0	0.141922232683831	0.0733907827654715	0	0	0	0.00123077837733149	0.0220729304399747	0.0425719337064401
0	0	0	0	0	0	0.0121973845444923	0.041676262639667	0	0	0	0.044329754209899	0	0	0	0	0	0	0	0	0	0	0	0.011053937711368	0.0144488183339563	0	0	0	0	0	0	0	0	0	0	0.00286413285819517	0	0.0814493812519604	0	0	0	0.0135354034775717	0	0	0.168842239533123	0	0.00175665391295238	0	0.0296210251211224	0	0	0	0	0	0.0741516192319282	0	0	0	0.00412834499868878	0	0	0	0.029592149853556	0.0725842302363132	0.0130657036788879	0	0	0	0.013739735289371	0	0.0344373781237682	0	0	0	0.0107120087218175	0	0	0	0	0	0.232178074779734	0	0.0173896211099126	0.0186646855504903	0	0.0575814548312249
0	0.0191846058148427	0	0	0	0	0.0195579977048536	0	0.0267308783576768	0	0	0	0	0	0	0.00465970798558244	0	0.08608002239553	0	0	0	0	0.00595609066262088	0	0.00863794650460245	0	0	0	0.0194651072430944	0	0	0	0	0.0481618464109361	0	0	0	0	0	0	0	0	0	0	0	0.0599240479508759	0.0961849919406987	0	0	0	0	0	0	0.0267237094122034	0	0.0385545038844808	0	0	0	0	0	0.00755527178020435	0.0892501483304754	0	0	0	0.0624975397495496	0	0.0146977027761108	0	0	0	0	0	0	0	0	0	0	0	0.20236912725869	0	0	0.044736228388117	0	0.119072525448855
0	0	0	0.12801242531803	0	0	0	0.0264164905722014	0	0.00945988727406421	0	0	0	0.0232581380518959	0	0	0	0	0	0	0.0106254860781489	0.123590790369113	0	0	0	0	0	0.0429856466375456	0	0	0.0890951665359318	0	0	0.026084952534541	0	0	0	0	0.0856861796877921	0	0	0.00909727177122136	0	0	0.201587725594773	0.0437458718089913	0	0	0	0	0	0	0	0	0.004349220862543	0	0	0	0	0	0.0953472245721732	0	0.0741889929329432	0	0	0	0	0	0	0	0	0	0	0	0	0	0	0	0	0	0	0	0	0	0	0.00646852939809128
0	0	0	0	0	0	0	0	0	0	0	0	0	0	0	0	0	0.0266947898984261	0.0286229402785405	0.0023148371011918	0	0.128597313637085	0	0	0	0	0.0268274504342948	0.0289271093011736	0.0201693029248938	0	0	0	0	0	0	0.0039024717171459	0	0	0	0.0842289996672033	0.00341486784194265	0	0	0	0	0.0253380717603112	0.139050987197333	0	0	0	0	0	0	0.0113188021011853	0	0	0	0	0	0.0585612216061543	0	0	0	0.0260273844837774	0	0	0	0.0517332696148184	0	0.00844462572077326	0	0	0.0290745830255816	0	0	0	0	0	0.130555574025951	0.152848480762711	0	0	0	0	0	0.0133469168995063
0.0692713328503512	0	0	0	0	0	0	0.018697802046968	0	0	0	0	0	0	0.0207931277750415	0	0	0.127020700658568	0.0273770877120995	0	0	0.0696800029865069	0.0256962363797956	0	0	0.0581404931841521	0	0	0	0	0	0	0	0	0.00426231827085491	0	0	0	0.0550533684328166	0	0	0.0544803906517417	0	0	0	0	0	0	0	0	0	0	0	0	0	0	0	0	0	0.039187679213716	0	0.0231526781194067	0.0551471949419095	0.0499406289442164	0	0	0.0483573637958119	0.0285862728504673	0	0	0.0880712998319402	0.0453959902116959	0	0	0.0162577172730935	0	0	0	0.0754303138688461	0	0	0	0	0	0	0
0	0.00870034425309943	0	0	0	0	0	0.0550036588181511	0	0	0	0	0	0.00742280019982694	0	0.000290393720746141	0	0	0	0	0	0.0101813072669167	0.00297920521156963	0.0117244562401774	0	0	0	0	0.00880190030302818	0	0	0.0325108540385789	0	0	0.0262994274978731	0	0	0	0	0	0	0.0138991481091308	0	0	0	0	0.107175712531407	0	0	0	0	0.082418051885723	0	0	0	0.0120755815363681	0	0	0	0	0	0.00843581682930171	0	0.0352032683403245	0	0	0	0.178313886001118	0	0.00346126800942777	0	0	0	0	0	0	0.0230169085753041	0	0.0375667263915321	0	0.274786796022506	0	0	0.0594957178249011	0	0.000236770392988798
0	0.0259486633842441	0	0.0336356502380905	0	0	0	0	0	0	0.0257345484196694	0	0	0	0	0	0	0.0125897620629818	0.0490778108886966	0	0	0.0653411877704181	0.00309740113383677	0	0	0.026311583251524	0.0429322345650997	0	0	0	0	0	0	0	0.0019856558846871	0	0	0	0	0.0794265822771615	0.0253934123082392	0.00194937235661396	0	0	0.00541289617027973	0	0.145170394785291	0	0	0.146109446889995	0	0.0317571779707575	0	0	0	0	0	0	0.0187110294699934	0	0	0	0	0.00279092246811846	0.0100727289921472	0	0	0	0	0	0	0	0	0	0	0	0	0	0	0	0.246551538712154	0	0	0	0	0
0.00981671632089479	0.016146694894913	0	0.0826947955365309	0	0	0	0.0774925207812192	0	0.0388046077648762	0	0	0.0522738001321116	0	0	0	0	0.0131028046669962	0	0	0	0.0659531806334439	0.0152705731896476	0	0	0	0	0.0536280111697019	0	0	0	0.0586905717518198	0	0	0	0	0	0	0.0235648946617383	0	0	0	0	0	0	0	0	0	0	0	0	0	0	0	0	0	0	0	0	0	0	0	0	0.00875363302910735	0.0367669609935139	0	0	0.0147664751498126	0.00404014150368258	0	0	0	0	0	0.0736375261835993	0	0.0291153005637502	0	0	0	0.31424196847461	0	0	0.0112388225980304	0	0
0	0.00113507837987847	0	0.105905868923382	0	0	0	0	0	0	0	0	0	0	0	0	0.00734049043503113	0.136212483156099	0	0	0	0.0837720426176968	0	0	0	0	0.0149331115106614	0	0	0	0	0	0	0	0	0	0	0	0.158562510855974	0	0	0	0	0	0	0	0	0	0	0	0	0	0	0	0.0366551951781448	0	0	0.0199864797755951	0	0	0.0175999889429136	0	0	0	0	0	0	0	0	0	0.0749470203660324	0	0.0329281085148319	0	0.0131841622128322	0	0	0	0	0.0782057827326973	0.21863167639823	0	0	0	0	0
0	0.0127793243030255	0	0	0	0	0	0	0.0228432063677468	0.0457247469415658	0	0	0	0.0192397468191417	0	0	0.00744519160168557	0.149383354107769	0.0100840922335091	0.00100516180169502	0	0.000733809804107989	0.0147126434484916	0	0	0.0827009133032077	0	0	0	0	0	0	0	0	0	0	0	0	0	0.0299378745454517	0	0	0.0990883108754849	0	0	0.0202173168628707	0.0173889794968329	0	0	0.167791932011859	0	0	0	0	0	0	0	0	0.0106008221275582	0.0648348757850784	0	0	0	0	0	0.00148798490884736	0	0	0	0.00508840688925681	0	0	0	0.0653299958688988	0.0930542481329646	0	0	0.00306407536761866	0	0	0	0	0	0.0554629863953329	0	0
0	0.0249864874420569	0	0	0	0	0.00729631749799913	0	0	0	0	0	0	0	0	0	0	0	0	0	0.00111607149711932	0.0142460540995046	0.0455632049433032	0.00846997563864151	0	0.0117722861431813	0	0.0182906215427865	0.0355679830326114	0	0	0	0	0	0.0253981907349441	0.0241549812267566	0	0.0614879484947816	0	0.018810029057837	0	0.00674254473111721	0	0	0	0	0.0927067384616118	0	0	0	0	0.156826720316048	0.0236337711778507	0.0349985260361852	0	0	0	0	0	0.0368335484947087	0	0	0.0559717327653052	0.0602028117434057	0.015724647196989	0	0	0	0	0	0	0	0	0	0.0320227866543382	0	0	0	0	0	0.175112931369149	0	0	0.0120630897017679	0	0
0	0.0060104397805766	0	0	0	0.0286496363627688	0.0331581693077903	0	0	0	0	0	0	0	0	0	0.0736284896680332	0.00703058880759261	0	0	0	0.022578653414668	0.0456665071075715	0	0	0	0	0	0	0	0.0284600006779479	0.154737640146847	0	0	0	0.0214500801701283	0	0.028064446801372	0	0	0	0	0.00660797549056339	0	0.00455288074761473	0	0.0814558244809845	0	0	0	0	0	0	0	0	0	0	0.0276403913626307	0	0	0	0	0.0788465039085609	0.0588253805651475	0	0	0	0	0	0.0128014343865421	0	0	0	0.0287294740583256	0.0844675760145386	0	0	0	0	0.166637906739796	0	0	0	0	0	0
0.0325577182829748	0	0	0.134990649108512	0	0	0	0	0.00809013532688076	0.0811871895255683	0	0	0	0	0	0	0	0	0.0030473940622856	0.0225340011101199	0	0.0277839666032751	0	0	0	0.0167690196086262	0.0453117610969504	0.00242333979379292	0	0	0	0	0	0	0	0.0051836731337376	0	0	0.109126077454399	0.0259915841902816	0.00950704339622774	0	0	0	0.0805003578842204	0.0108144600622187	0	0	0.166938767867115	0	0	0	0	0	0	0	0	0	0	0.0383494423451093	0	0	0	0	0	0	0	0	0	0	0	0	0	0.00204579798485654	0.00388991294409681	0	0	0	0	0	0	0	0.0142101873614276	0	0	0.158747520857324
0	0.0206333855642239	0.276406026237376	0	0	0	0.0362745477605688	0	0	0	0	0	0	0.0169302465197842	0	0	0.0211235952136933	0.037044198304981	0	0.0111250326787285	0	0.0405223419026242	0	0.00531104606832713	0	0	0.10507667137124	0	0	0	0	0	0	0	0	0	0	0	0.0989776649304128	0	0.00156580746775281	0	0	0.0302789621044074	0	0	0	0	0	0	0	0	0	0	0.0521099788299895	0	0	0	0	0	0	0.0096104731982057	0	0.00981169958864403	0	0	0	0	0	0	0.0117075563269635	0	0.042860461415897	0	0.0727667678116811	0	0	0	0	0	0	0	0.0642868542127224	0	0.0355766824917769	0
0	0	0	0.0213631260264304	0	0.00279518124131133	0	0	0.0656162904243148	0.00796826297285666	0	0	0	0	0	0	0	0	0	0	0	0.0980130174071592	0	0	0	0.0593235481765333	0	0	0	0	0	0	0	0	0	0	0	0.0334845692881389	0.0249035640105812	0	0	0	0	0	0	0.0188910808374748	0	0	0	0	0	0	0	0.0874021210861204	0.0175583852223195	0	0	0	0	0	0	0.0266271337276615	0.0427167315149388	0	0	0	0	0	0	0	0.228243126185765	0	0	0	0.0814069153886625	0.0770870381623855	0	0	0	0	0.0819733034222624	0	0	0	0	0.0246266049050844
0	0	0	0	0	0	0	0	0.0369375873244533	0	0	0	0	0.0517041471720873	0	0	0	0	0	0	0	0.0269143107461347	0	0	0	0	0	0.0329127538504473	0.0142510695541098	0.00790620003222213	0.030361240153289	0.0874225336212832	0	0.0740319477197563	0	0	0	0	0.00584869191043529	0	0.021478446449593	0	0	0	0.112529260238213	0.05024426806692	0	0	0	0	0	0.0137454044719018	0	0.0846225487424708	0	0	0	0	0.0127357046250047	0	0.0595126881653562	0	0	0	0	0	0	0	0.0266259864736147	0	0	0.0204758386781415	0	0	0.00968658189831666	0	0.0238781649575369	0	0	0	0	0.039432708095881	0	0	0	0.156741917052831
0.0365393580252878	0	0	0	0	0	0.0217826222994055	0	0	0.0164861655445245	0.123206841871318	0	0	0	0	0	0	0.101707766317807	0.0429502965324391	0	0	0.0420549687554505	0.0455791990170843	0	0	0.112859099735548	0	0.034944410779511	0	0	0	0	0.00267197066763068	0	0	0.00875302952854926	0	0	0	0.00637996332276757	0.0108760616903661	0.00597683175681522	0.0616947980136746	0	0	0.047440410246154	0	0	0	0	0	0	0	0	0	0	0	0	0.0286227095823992	0.00375334638157122	0	0	0	0.0110745135849631	0	0	0	0	0.0358922798356169	0	0.123112307381029	0	0.0587639369147444	0	0.00322466273030443	0	0	0	0	0	0.013652449485038	0	0	0	0	0
0	0.0113289526367208	0	0	0	0	0	0.00169027552169512	0	0.0236647891279299	0	0	0	0.0022277155391714	0	0	0.0842469509728088	0	0.0351397211829108	0	0	0	0	0.00786810298043666	0	0	0.0850830461738641	0.0102177737946742	0	0	0	0	0	0.0989756220735091	0.0416117686417189	0.00142665572047913	0	0	0.117069449274387	0.0277713072549522	0	0.013961861591429	0	0	0.115220953105594	0.029755477776929	0.0806901543193307	0	0	0	0	0	0	0	0.0264725672312806	0	0	0	0	0	0	0.0617240306471176	0	0.00542465179580219	0	0	0.0189739698932945	0.00742404186069924	0.0149497244461733	0	0	0	0	0.0478680775579173	0	0	0.0292123588791749	0	0	0	0	0	0	0	0	0
0.0136286002211807	0	0	0	0	0	0.00888002805636793	0.0593639127795069	0	0.0401770846059649	0.187785373440212	0	0.0109484169896486	0.0212446399941878	0	0	0.0346808867949377	0	0.0176397735520218	0	0	0.0191591628354236	0.0472117456259599	0	0	0.163646800184959	0	0.0269898114140475	0.0199463704865283	0	0	0	0	0	0	0	0	0	0	0	0	0	0.0140329238272926	0	0	0	0.0510252472643522	0	0	0	0	0	0	0	0	0	0	0	0	0.0190719061423814	0	0	0.0129329387013503	0.0895988733592869	0	0	0	0	0.0120542379313685	0	0	0	0.055119121098318	0.0474095033892874	0	0	0	0	0	0.0274526413054158	0	0	0	0	0	0
0	0	0.0840087831738245	0	0	0	0.0129101934818642	0.0911725384798863	0	0	0	0	0	0	0.0346615426686347	0	0	0.0205364158298015	0.00796611540825386	0	0	0.0294914567951693	0	0.010800654719151	0	0	0	0	0.0160209317273542	0	0	0	0	0	0	0	0	0.0185235878737344	0.157524834473674	0	0.0286856431918323	0.0065456667395785	0.00360523883545772	0.0343857350105832	0	0	0.269187453830484	0	0.0233173403729751	0	0	0.0226212953456422	0	0	0	0	0	0	0	0	0	0	0	0.0558858087193655	0.0090610225368069	0.00310097616182692	0.0206722838649918	0	0.000671285395938178	0	0	0	0.0224437011202316	0	0	0	0	0	0	0	0	0	0	0.0161994942429381	0	0
0.00490011052040418	0	0.261024182204021	0	0	0.0199189886707513	0	0	0	0.0866621208377594	0.105489907897732	0	0	0	0	0	0	0	0.00340956996316321	0.0129580565431611	0	0.0349960216163084	0.0238842644894442	0.0381903287556744	0	0.00997376397322342	0	0	0	0	0.0119087225596372	0	0	0	0	0	0	0	0.0966091810918918	0.0596464473228273	0.0113212137746056	0	0	0	0	0.0225811346102828	0	0	0	0	0	0	0	0	0	0	0	0	0	0.081329070880154	0	0.0251352153335723	0.0078941570496398	0	0.00482128358380541	0	0	0	0	0	0.0132664813887997	0	0	0	0	0	0	0	0	0	0.0606436580116396	0	0	0	0	0.00343611892150185
0	0	0	0.114398938079314	0	0	0	0	0	0	0	0	0	0	0	0	0	0.0959561703221508	0	0	0	0.0216129259962267	0.0427808970394341	0.0111235273165898	0	0.0620973865714199	0.0664391249687725	0	0	0.055147067985243	0	0	0	0	0	0	0	0	0	0	0	0	0	0	0.0101521927293072	0	0.233341804856197	0	0	0	0	0	0.0132319737461744	0	0.0209035606634791	0	0	0	0	0	0.00538454545498201	0	0	0.0791433169612527	0	0	0	0	0.00478819536089553	0.00463703357217421	0	0	0	0	0	0	0	0	0	0.024324266531469	0.0177204331965186	0	0.0950908040953284	0.0217258345530713	0	0
0	0	0	0	0	0	0.00638943626892206	0	0	0.0623751818133289	0	0	0.0028077435175753	0.017100090786534	0	0	0	0.0421692340383963	0.0035557622264464	0	0.00163488972779589	0.151901307654542	0.0129768275447151	0	0	0	0	0	0	0	0	0.0600524925216611	0	0	0.00301261549694785	0	0	0	0	0	0	0	0.0775049894887391	0	0	0	0	0	0	0	0	0.0324030549031838	0	0	0	0	0	0	0	0.0802966321170646	0	0	0.0603529063005115	0.12041954043191	0	0	0.0261092145898662	0	0	0	0	0	0.0692823821421646	0	0	0	0	0	0	0	0.152413799312666	0	0	0.0172418991170295	0	0
0	0	0	0.0351358175511965	0	0	0	0	0	0.048546203193139	0	0	0	0	0	0	0	0	0.0195399221510197	0	0	0.121141398076074	0	0	0	0	0.00534375452145513	0	0	0	0.0225496442202253	0	0	0.102672179355619	0	0	0	0.000564617055383211	0.0988518760182091	0	0	0	0	0	0.0250180763961515	0	0.0380386937059404	0	0	0	0	0	0	0	0.000995451707405868	0	0	0.00505934015492303	0	0	0.0661457255574076	0	0	0	0	0	0	0.0604998216417927	0.000754958889137433	0	0	0	0	0	0	0	0	0	0	0	0.259286184023109	0	0	0.0343730903480194	0	0.0554832454337923
0	0	0	0.165077342983992	0	0	0	4.02954278743144e-05	0	0.0172941508427758	0.0127407802487727	0	0.0066267483599937	0	0	0	0	0.0931927534227953	0	0	0	0	0.0455109515715096	0.00865164390990557	0	0.0272879832444256	0	0.0125510636279427	0.0223536012969324	0.00665770691785881	0	0.022584443920333	0	0	0	0	0	0	0	0	0	0	0	0	0.020359624615597	0	0.162442948839024	0	0	0	0	0	0	0	0	0	0	0	0	0	0	0	0.00259179860539912	0.0268259308281755	0	0	0	0	0.027844189359506	0	0	0	0.026392182050111	0.0154034944714723	0	0	0	0	0.15389220257487	0.0225388177404301	0.101139345140304	0	0	0	0	0
0	0.0231471627696208	0	0	0	0	0	0.0213502880762206	0	0	0	0	0	0.0027000039612193	0	0.00995247340947389	0	0.0293872199243659	0	0	0.00188819339467527	0	0	0	0	0.0178156957887638	0	0	0	0	0	0.0704415148388571	0	0.0362538745973425	0	0	0	0	0.124946014831655	0.106217623287165	0.0840104567698616	0	0	0	0.0390176159040129	0.00950556300715718	0.105137356596034	0	0	0	0	0	0	0	0	0	0	0	0	0	0.017996889180044	0.00836430655748871	0.000339390355851855	0	0.0206420620179532	0	0	0	0	0	0	0	0	0	0	0	0	0	0.0342109756731456	0	0.215361540436728	0	0.00690130957384413	0.0144124690485196	0	0
0	0	0	0.0669006751172989	0	0	0.0227481495839001	0	0.048693135709039	0.0535386232899767	0	0	0	0	0	0	0	0	0.0029206906549753	0	0	0.0971452552977631	0.0341664440782434	0.00612678234404151	0	0	0	0	0	0	0	0.0293507414531354	0	0	0	0	0	0	0	0.141901369732467	0	0.0118019445560715	0	0	0	0	0	0	0	0	0	0.0607059540728521	0	0	0.0588060160418624	0	0	0	0	0	0	0	0	0	0	0	0	0.12445384783385	0	0	0	0	0	0	0.016539700017237	0.132143575981384	0	0	0	0.0821434867681763	0	0	0	0	0	0.00991360746772692
0.050343488530588	0	0	0	0	0	0	0	0.0141324446038594	0.010588890566217	0.000748439608647703	0	0	0	0	0	0.00900027466229814	0	0.0280925735779927	0	0	0.0562312113163958	0.0687655811765222	0	0	0	0	0	0.00744516283538883	0	0	0.0118847192501552	0	0.0243184498908896	0	0.0243667275117735	0	0	0	0.0132685008118497	0.0449486509516549	0.00964711749959143	0.0711381236344738	0	0.074041509627234	0.0839426383144056	0.00399666474154686	0	0	0	0	0.0484966381515895	0	0	0	0	0	0	0	0.00314614429788987	0	0.0139381888889153	0.0597366997660843	0	0	0	0	0	0	0	0	0	0	0.0100179839888979	0	0	0.0509139321977365	0	0.170550414077339	0	0	0	0	0	0	0.036298829520064
0.00482419445395885	0	0	0	0	0	0	0	0.0111054338508201	0	0.0143339128728737	0	0	0	0	0	0.0342142727551711	0	0	0	0	0.0835719329940881	0.0692152177384168	0.0368933895223138	0	0	0	0	0	0	0	0	0	0.0924636649330382	0	0	0	0.0824490588027032	0	0.228632895054607	0	0.0257754092474464	0.0302991117944714	0	0	0	0.0713846641487027	0	0	0	0	0	0	0	0	0	0	0	0	0	0	0.00574103140512591	0.00489990247804652	0.0667792158584821	0	0	0	0	0.0153566565868267	0	0	0	0	0	0.0278132425162986	0.090220379537476	0	0.00332146456765604	0	0	0	0	0	0	0.000704948881476943	0
0.0103054848912059	0.0139368529613186	0	0	0	0	0	0	0	0	0.0107770221194824	0	0	0.0123756196169309	0	0	0	0.0916416231490536	0.0371906846977203	0	0	0.00510721774325227	0	0	0	0.0558902100371224	0	0	0.05080110998784	0	0	0	0	0	0	0	0	0	0	0.00893637804539282	0	0	0	0	0	0.00222768793151784	0	0	0	0	0	0	0	0	0.0754856432484763	0	0	0	0	0	0.117118543423992	0.0359089965299863	0.0431136394313706	0	0	0	0.0677293266374262	0.0556573390628887	0.0150895488159203	0	0.0952571398147036	0	0	0	0	0	0	0	0.103780511744542	0.0144316213466491	0.0772377987632074	0	0	0	0	0
0.0026641685283444	0.0185577378075858	0.0727672604708931	0.0610212614713889	0	0	0	0	0.0615006215795727	0	0	0	0	0	0	0	0	0	0	0	0	0.0605527701107115	0	0	0	0	0	0.0200753389925759	0	0	0.0208769608791959	0	0.0204366753232286	0	0	0.0173719626816021	0	0	0.0283300830674799	0.060478661939076	0	0.0204797433387605	0	0	0	0	0.096911521632766	0	0	0	0	0	0	0	0	0	0	0	0	0.0781922026974248	0.0268024628979392	0	0	0	0	0	0	0.016688975156103	0.015707934468237	0	0	0	0	0	0.0916819081802049	0	0	0	0	0	0.121456188274514	0	0	0	0.00691669631249975	0.0805288641898961
0.0490249938955267	0.00303585406145737	0	0	0	0	0	0	0	0.0436780471635325	0.0348139842962271	0	0	0	0	0	0	0	0.019529100466829	0	0	0.111187228907222	0.00765284914457234	0	0	0	0.0343086693919689	0	0.0165506714321321	0	0	0.0539642610573643	0	0	0	0	0	0	0	0	0	0	0	0	0	0	0	0	0	0	0	0.196124863696058	0	0	0	0	0	0	0	0	0	0	0	0.0813255850183082	0	0	0	0.156269012425297	0.00225454267445643	0	0	0	0.00733573779964717	0	0	0	0.00890562242404959	0	0	0.000243270507159054	0	0	0	0	0	0.173795705638192
0.0480458213002442	0	0	0	0	0	0	0	0	0	0	0	0	0	0	0	0	0.0606230558135417	0.00109273340518192	0	0	0.176603592354774	0.061166535798601	0	0	0	0.00317043628750072	0	0	0	0	0.0372481317674167	0	0	0	0	0	0.00149272439443774	0.0220175993010047	0.0519322600752494	0	0	0.228901411903568	0.00779655879950062	0	0	0.0515076747527701	0	0	0	0	0	0	0	0.0134608514591271	0	0	0	0	0	0	0.0238443645148575	0	0	0.00441198493425018	0	0	0	0	0	0	0	0	0	0	0	0	0	0.0286882047705539	0.00717627076124526	0	0	0.0337177210399616	0.0379144417736398	0	0.0991876247925738
0	0	0	0.0628292419467491	0	0	0	0.0329237207328405	0	0	0.0269347211634712	0	0.0302770240545021	0.0158831942822048	0	0	0.0244400440155063	0	0	0	0	0.0610397268247124	0.0151463194896386	0.0131492588418504	0	0	0	0.144256428544553	0.0022035545871668	0	0	0	0	0	0	0	0	0	0.0101214426658176	0	0	0.0269897717120006	0.11972729696267	0	0	0	0.169480224433764	0	0	0	0	0	0	0	0	0	0	0.0233349649685174	0	0	0	0	0.0418423137642113	0.0240586458796296	0	0	0	0	0	0.00806869249242022	0	0	0	0	0	0.0310019064921164	0	0	0	0	0	0	0	0.0180806392067795	0	0.0982108669388788
0	0	0	0	0	0	0.00803833659729035	0.0211512870092292	0.00376787324742129	0.0705207019506549	0	0	0	0.00785532914653909	0	0	0.016080984645238	0.113342603594547	0.00925933170503369	0	0	0.0030025510304192	0.00632786093115079	0.00904845687197499	0	0.0132424797787592	0.0588915589655053	0	0.0710084462995664	0	0	0	0	0	0	0.0281764024888632	0.0322376072985523	0	0.00420128409656935	0	0	0	0	0	0.025897531796664	0.00941577965552158	0.094230634304112	0	0	0	0	0.0317102617863561	0	0	0	0	0	0.0408968146962687	0.000316053585270826	0.104740243756935	0	0	0.0158573033284923	0.0456677135029711	0	0	0	0.016984377079737	0	0.0230024777448236	0	0	0	0.0425170779236791	0	0	0	0	0	0	0	0	0	0	0	0.0726106351818546
0	0	0	0	0	0	0	0	0.00649457422954163	0.0316002197391956	0	0	0.000976661592673398	0	0	0	1.72636690252823e-05	0.044954008674344	0.0146968103131552	0	0	0.143853406392565	0.032706137264784	0	0	0	0	0	0	0	0	0	0	0	0	0	0	0.00807098686583587	0	0.0194716977561997	0.0482560104829069	0	0.0987416799489978	0	0	0	0	0	0	0	0	0	0	0	0	0	0	0	0	0	0	0	0.051561068217073	0.0518018788978755	0	0	0	0	0	0	0.0503982484543752	0	0.0382353199110193	0.109450079231913	0	0	0.0156903529285233	0	0	0	0	0	0.117892466000335	0.115131129429662	0	0
0.0313289347111694	0	0	0.119821311027557	0	0	0	0	0	0	0	0	0	0	0	0	0	0	0	0.00121305365105211	0	0	0	0	0	0.0684428918961695	0.0382240264637765	0	0	0	0	0	0	0	0	0	0	0	0.161475904975598	0	0.0282450160022974	0	0	0	0.0975707721459464	0	0	0	0	0	0	0	0	0	0.037682851665237	0	0	0	0	0	0	0	0	0	0	0	0	0	0	0	0	0	0.031742393829469	0.0485332652433631	0	0	0	0	0.136651630007823	0.186559710415353	0	0	0	0.0125082379651896	0	0
0	0	0	0	0	0	0.0372738045981277	0.00582233716858576	0.0193463147368589	0	0	0	0	0	0	0	0.0072113981686538	0.0362008774290913	0.0201284110078097	0	0	0	0	0	0	0	0	0	0.0553386347386848	0.00296593254858867	0	0	0	0.0186480933141645	0	0	0	0	0	0	0	0	0	0	0	0	0	0	0	0	0	0	0	0	0	0	0	0.00859241254573435	0	0	0.0616034435836155	0	0	0.0665393205415063	0	0	0	0	0	0	0	0	0	0.0303014177089557	0	0	0	0	0	0	0.434414470694662	0	0	0	0	0.19561313121496
0	0.0121867748389797	0	0	0	0	0.000672238721328896	0	0	0.0535060516458809	0	0	0	0	0	0	0.061795042892995	0.000695255983565992	0.032906286358774	0	0	0.148775926514602	0.0181656148970293	0	0	0	0	0	0	0	0	0	0	0	0.0076004426741995	0	0	0.0648438629513666	0	0.0404593342333804	0.000842941946206388	0	0	0	0	0	0.0937856219330569	0	0	0	0	0	0	0	0	0	0.00959716694957672	0	0	0	0	0	0.00758972147830044	0.0821950531010298	0	0	0	0	0	0	0	0	0.00196885096266604	0.0259484349504223	0	0	0	0	0	0.0574646582214966	0.279000718745143	0	0	0	0	0
0	0	0	0	0	0	0	0	0.0396448413463614	0	0.145944050171118	0	0	0	0	0	0.027257329903299	0	0.00608203903676829	0	0	0.00826948163403546	0.000152092661918002	0	0	0.177411062422094	0	0	0.00928907729866549	0	0	0	0.203519966876301	0.0964052913111958	0	0	0	0	0	0	0	0	0	0	0	0	0.106227124714393	0	0	0	0	0.0051297477620647	0	0	0	0	0	0	0	0.00606774473676925	0	0.0243726572594074	0.075237886475632	0.0137678511489912	0	0	0	0	0	0	0	0	0	0	0	0	0.00271053030076131	0	0	0	0.0299172198080128	0	0.0225940051322127	0	0	0
0	0	0	0.013001572425038	0	0	0	0	0	0.000569012810758529	0	0	0.00414578650717792	0	0	0.00990530979140144	0	0.114476999610091	0.0293467004091798	0	0	0.125098594164608	0.0116504656605643	0	0	0.0705529676545957	0.0187765429335875	0.0142025695658601	0.0116064125498768	0	0	0.0905479590679651	0	0	0	0	0.0175441854491651	0	0	0.128479934603888	0	0.0296036788376045	0	0	0.00228555541794779	0	0	0	0	0	0	0	0	0	0	0	0	0	0	0	0.0189158318896751	0	0	0	0	0	0.00453988228291637	0.0559097280065433	0.0204812324049123	0	0	0	0	0.0566209534012624	0	0	0	0	0	0.00494251094090164	0.0617290922674796	0	0	0.013493120203372	0	0.0715734011436276
0	0.0157344571786868	0	0	0	0	0	0	0.0397671252267651	0.0926774555852876	0	0	0.00117018493395025	0	0	0.00130840943575088	0	0	0	0	0	0.139937136362742	0	0.00623384150874169	0	0	0	0	0.00816560899673223	0	0	0	0	0	0	0	0	0.0191790097775884	0.201690940405004	0	0.0175596762935222	0	0.0206040179414254	0	0	0	0.108033719939942	0	0	0	0	0	0.0101563345665917	0	0.0287860568942025	0	0	0	0	0	0	0	0.0672798502200787	0	0	0	0	0	0.0563576265086412	0.00652323523494949	0	0	0	0	0	0	0.0111939269242766	0	0	0	0.12164526288216	0	0	0.0259961231829604	0	0
0	0	0	0	0	0	0.00947231484590872	0	0	0	0	0	0	0	0	0	0	0.0512540023535592	0	0	0	0.0615063712871254	0.00742363061285183	0	0	0	0.0172448779890256	0	0	0	0	0	0	0	0	0	0	0.0149685831834196	0.236833980512418	0	0	0	0	0	0	0	0	0	0	0	0	0	0	0	0.0869386992639262	0	0	0.0064390715753008	0	0	0.0173529897419211	0	0.00585652456994342	0.0785463426031496	0	0	0.125533638332693	0.0228144761950846	0.0057522692371299	0	0	0	0	0	0	0.188717745155364	0	0	0	0	0.0336516301192435	0	0	0	0	0.0296928524219353
0	0.0144264170382181	0	0	0	0	0	0	0	0	0	0	0	0.013023716629311	0	0.00389683872016817	0.0427933652184028	0	0	0	0	0.0227566505108621	0	0	0	0	0	0.0242332305621811	0.0412420159776278	0	0	0.0299543531290359	0	0.0409078427149696	0	0	0	0	0	0.038318350775454	0	0	0.0200089958642209	0	0.0665978924530224	0	0.155026790409317	0	0	0	0	0.0552858823170629	0	0	0	0	0	0	0	0	0	0	0.0376601948807649	0.0198394522149657	0.00436804512359042	0	0	0.0295092151855431	0	0	0	0	0	0	0	0	0	0	0	0.0364662920622857	0.228947353909734	0	0.0147552947575013	0.00838385666080304	0.0240493597428714	0.0275485931420869
0	0.0358327883983512	0	0	0	0	0	0	0.0180725461848096	0	0.0688194841362537	0	0	0	0	0	0	0	0.0734846437987439	0	0.0284730171770396	0.128977926292539	0.0232706281900088	0	0	0	0	0	0	0	0	0.145870760623365	0	0	0	0	0	0	0	0.0742497722902161	0.00256237163722427	0.0680107819194763	0	0	0	0	0.0249479959670152	0	0	0	0	0	0	0	0	0	0	0	0	0	0	0.0145193518687246	0	0	0	0	0	0	0	0.00965534171142295	0.0165204823859532	0	0.00446945875904384	0	0.00475173542253658	0	0	0.00113070764842938	0	0	0.141483510035788	0	0.0594391459365374	0.0250828627980992	0	0.0303746868184225
0.0380302185892179	0	0	0.111336946378708	0	0	0.0170609478076525	0.0385741869086286	0.0218962758703378	0.093526135772207	0	0	0	0	0	0	0	0.190249023357223	0	0	0	0	0.0141039894510188	0.0231540457092652	0	0	0.0314249837723706	0.00634370645617117	0.0311650805406785	0	0	0.0924758930003684	0.0807991643452996	0	0.00044537414058877	0	0	0	0	0	0	0	0	0	0	0	0	0	0	0	0	0.0394330757722151	0.00421015642784169	0	0	0	0	0	0	0	0.0136791536759236	0	0	0	0	0	0	0	0	0	0	0	0.0325579475974395	0	0	0	0	0	0	0.0865859993201467	0	0	0	0.00452763949889629	0.0046316797924552	0.0237883758153455
0.010215880934585	0.0366188759953626	0	0	0	0	0.00462977912285886	0	0.0324773119193235	0	0	0	0	0.00562416295726831	0	0	0	0	0	0	0	0.189462313338815	0	0.0107375015019992	0	0	0.0459885911883426	0	0.0323589703892467	0	0	0	0	0	0	0.0174277735947304	0	0	0	0.0424005156910647	0	0.0131952440130156	0	0	0	0.00353075192371406	0.0893829454448362	0	0.000675150801206883	0	0	0	0	0	0	0	0	0	0	0	0.0245658518390086	0.00116705842455818	0.0159712724418541	0.0614678555491321	0	0	0	0	0	0	0	0	0.0331783718795059	0.0586945445500256	0	0	0	0.0243725491191946	0	0	0	0	0	0.0551690088785799	0	0.190687718501771
0	0	0	0	0	0	0.105058659360625	0.00727145629345737	0	0.103446427939266	0	0	0	0	0	0.006865290323317	0	0	0.0166704738402733	0	0	0.0786827651234021	0.0118484093403035	0	0	0	0.0487902031210151	0.0981463211738675	0.00671133625237451	0.101740056148799	0	0.0149233806172081	0	0.00561752308562888	0.0195426395834002	0	0	0	0	0.0596067280690853	0.0210397315739247	0	0.0260792508342886	0	0.049166156766115	0	0	0	0	0	0	0	0	0	0.0078970670214728	0	0	0	0	0.0580202832717021	0	0.0195286444570293	0	0	0	0	0	0	0	0	0	0	0.01974897587288	0.0434365452327944	0	0	0	0.0395162354613335	0	0	0	0	0	0.0306454392364371	0	0
0.0545010128069307	0.0383761098261246	0	0	0	0	0	0	0.125949964344229	0.0373645011183481	0.0624901314079998	0	0	0	0	0	0	0	0	0	0	0.173632731453929	0.0091910025587553	0	0	0	0	0	0	0	0	0	0	0	0.0437885831365131	0	0	0	0	0.0366316037206325	0.0248296104178424	0	0.0587986828790873	0	0	0	0	0	0	0	0	0.0590102714651341	0	0	0	0	0	0	0	0.0503227972790415	0	0	0.0761793059454937	0	0	0	0	0.00108827110939158	0.0229022974188384	0	0.00891490471326945	0	0.0516162627330837	0	0	0	0.00535979755211837	0	0	0	0	0	0	0.0346234578599224	0	0.0244287002533142
0	0.0517001887392999	0	0	0	0	0	0	0.0651571084402587	0	0.0532112779582067	0.0330548650813411	0	0	0.0427766736288059	0.0174809742488607	0	0	0.000635069231167187	0	0	0	0	0	0	0.00383802808122826	0	0.0731705039377699	0	0	0.0786311023105486	0.0262654786212054	0	0	0	0	0	0	0	0.0337394516074946	0	0.0331529966652355	0	0	0	0	0	0	0	0	0	0.0907021600555478	0.0164901986648232	0	0	0	0	0	0	0.0147560160992134	0	0.00803577828157341	0	0.0357343052337782	0.0207700183257783	0	0	0.179263135473911	0.00865082126561774	0.00376558563479021	0	0	0	0	0	0	0	0	0	0	0	0	0	0	0.0753245175855924	0.0336937448279515
0	0	0	0	0	0	0.0259684388295272	0	0	0.00463039087132483	0	0	0	0	0	0	0	0.012087257870154	0	0	0	0.144961644172322	0.0359232938788352	0	0	0.0317905023804836	0	0.0100852852502777	0	0	0	0	0	0.0360731841569588	0	0	0	0	0.0410473766026023	0	0.0259824110055864	0	0	0	0	0.0517079066542806	0.0186926497106285	0	0	0	0	0	0	0	0	0	0	0	0.00943932422658485	0.171473964200756	0	0	0.0612843449884722	0	0	0	0.0651702671557828	0	0.0562721557277692	0	0.0325248504426799	0	0	0	0	0	0	0	0	0.0533153555330669	0	0	0	0	0	0.111569396341908
0	0	0	0	0	0	0	0	0	0	0	0	0	0	0	0	0	0	0.0337997502659908	0	0	0	0	0	0	0	0	0	0.0167540789688037	0	0.0556728920791325	0	0	0	0	0.00526000941403931	0	0	0.0651390463661106	0	0	0.00135534571832125	0	0	0.171537424984369	0	0	0	0	0	0	0	0	0	0	0	0	0	0	0	0	0.0308372599478705	0.0670707809226529	0	0	0	0	0	0	0.0379250109337729	0	0	0	0.0251732492277855	0	0	0	0	0.341349281645905	0	0.0888297724246238	0	0	0.044035439482374	0	0.0152606576182475
0	0	0	0	0	0	0.0617511654344786	0	0	0.0248505849128539	0	0	0	0.0197570072074086	0	0	0	0	0.00731940461906185	0	0.0234465426135002	0.148786895319759	0.0154597345169179	0.0120246820278761	0	0	0.0439400362762097	0	0	0.0018056626857292	0	0	0	0.0889634033250588	0	0.00151339771461187	0.0675112089635928	0	0.0174123712478672	0	0.0612825670321068	0.0219446561034923	0	0	0	0	0	0	0	0	0	0	0	0	0.00659561836324428	0	0	0	0	0	0.0516677467234428	0.0474113725894089	0	0.0917195752009938	0	0	0	0	0	0	0	0	0.0759246900796674	0	0	0	0.0287255330698535	0.0147386478541493	0	0.0594945595285727	0	0	0	0.00595293659014292	0	0
0.0058852674580636	0.0348986007666648	0	0	0	0.0379505271600138	0.00808708567717728	0	0	0.0232806814215742	0	0	0	0.012093993207571	0	0	6.25675389921863e-05	0.177505362825759	0	0.0284660277014943	0	0.0248581073104299	0	0	0	0.00685264713995264	0	0	0	0	0	0	0	0	0	0	0	0	0	0	0.0134333372491954	0	0	0	0	0	0	0	0	0	0	0.0491160699445916	0	0	0	0	0	0	0	0.0374302692670231	0.0608867325331191	0	0	0	0	0	0	0	0.0328396131475112	0	0.000704885334119316	0	0.149574960445788	0	0.055534696038507	0	0	0	0	0	0.18147767819186	0	0	0.027663538299084	0.0313973513415084	0
0.00164274601291084	0	0	0.0482162924276998	0	0.0461371959338271	0	0	0	0	0	0	0	0	0	0	0	0.0478681976426778	0	0	0.0767604231067679	0.0270449272481753	0	0.00206058485773025	0	0	0	0	0.0240565452936937	0.0270747958987524	0	0	0	0	0	0	0	0	0	0	0.00412072913381978	0	0	0	0	0	0.0236920817369642	0	0	0	0	0.0267266774067086	0	0	0	0	0	0	0	0.0231172753414339	0	0	0.00112556811561641	0.0516874971884085	0	0	0	0	0	0	0.0353379870831587	0	0	0	0	0	0	0	0.316811497229579	0.151168749282211	0	0	0	0	0	0.0653502290598651
0	0.025500289200275	0	0	0	0	0.0554562977142635	0	0.0604277611228072	0	0	0.00813156349702147	0.00236646396571851	0	0	0	0	0	0	0	0	0.10043690340149	0.00768047489068021	0	0	0.0128569386635906	0	0	0	0	0	0	0	0	0	0	0	0	0	0	0	0	0	0	0.0344540299140949	0	0	0	0.0602907571805316	0	0	0	0	0	0.117564083172662	0	0	0	0	0	0.00456952744194026	0	0	0.100537354095148	0	0	0	0	0	0	0	0	0	0	0	0	0	0	0	0	0.285720966631769	0	0.0244175968428835	0	0	0.0995889922651248
0	0	0	0	0	0	0	0	0	0	0	0	0	0	0	0	0	0.0829567173913603	0.0149547285465582	0	0.0176268111942741	0.144910411704129	0.0328815563725488	0.00865813903118179	0	0	0.0221245346186773	0	0	0	0	0.0390364910513267	0	0	0	0	0	0	0	0	0	0.0181845508092723	0	0	0	0.00282234689392547	0	0	0	0	0	0.252862874127714	0	0	0	0	0.0300069874981035	0.000700609962312862	0.0167287544759069	0	0	0.0676041411881744	0	0.0526317202330944	0	0	0	0	0.00184804883156998	0.0129442689116349	0.0159196195241977	0	0.077282371962217	0	0	0	0.00960321248717015	0	0	0.0572442168698865	0.020466886314764	0	0	0	0	0
