SBS2	SBS3	SBS5	SBS7a	SBS7b	SBS7d	SBS8	SBS10a	SBS10b	SBS12	SBS13	SBS15	SBS16	SBS17a	SBS19	SBS20	SBS21	SBS24	SBS26	SBS27	SBS28	SBS30	SBS31	SBS32	SBS33	SBS35	SBS38	SBS39	SBS40a	SBS40c	SBS42	SBS45	SBS48	SBS49	SBS50	SBS52	SBS53	SBS54	SBS57	SBS58	SBS84	SBS85	SBS86	SBS88	SBS92	SBS93	SBS94	SBS95	SBS96	SBS97	SBS99
0	0.87012987012987	0	0	0	0	0	0	0	0	0	0	0	0	0	0	0	0	0	0	0	0.12987012987013	0	0	0	0	0	0	0	0	0	0	0	0	0	0	0	0	0	0	0	0	0	0	0	0	0	0	0	0	0
0	0	0	0	0	0	0	0	0	0	0	0	0	0.0879120879120879	0	0	0	0	0	0	0	0	0	0	0	0	0	0	0	0.747252747252747	0	0.164835164835165	0	0	0	0	0	0	0	0	0	0	0	0	0	0	0	0	0	0	0
0	0	0	0	0	0	0	0	0	0	0	0	0	0	0	0	0	0	0	0	0	0	0	0	0	0	0	0	0	0.463917525773196	0	0	0	0	0	0	0	0	0	0	0	0	0	0	0	0	0.536082474226804	0	0	0	0
0	0.352941176470588	0	0	0	0	0	0	0	0	0	0	0	0	0	0	0	0	0	0	0.0784313725490196	0	0	0	0	0	0	0	0	0	0	0	0	0	0	0	0.156862745098039	0	0	0	0	0	0	0	0.411764705882353	0	0	0	0	0	0
0	0	1	0	0	0	0	0	0	0	0	0	0	0	0	0	0	0	0	0	0	0	0	0	0	0	0	0	0	0	0	0	0	0	0	0	0	0	0	0	0	0	0	0	0	0	0	0	0	0	0
0	0	0	0	0	0	0	0	0	0.229166666666667	0	0	0	0	0	0	0	0	0	0	0	0	0	0	0	0	0	0	0	0.770833333333333	0	0	0	0	0	0	0	0	0	0	0	0	0	0	0	0	0	0	0	0	0
0	0	0	0	0	0	0	0	0	0	0	0	0	0	0	0	0	0	0	0	0	0	0.293478260869565	0	0	0	0	0	0	0.543478260869565	0	0	0	0	0	0	0	0	0	0	0	0	0.16304347826087	0	0	0	0	0	0	0	0
0	0	0	0	0	0	0	0	0	0	0	0	0	0	0	0	0	0	0	0	0	0	0	0	0	0	0	0	0	0.88659793814433	0	0	0	0	0	0	0	0.11340206185567	0	0	0	0	0	0	0	0	0	0	0	0	0
0	0	0	0	0	0	0	0	0	0	0	0	0	0	0	0	0	0	0	0	0	0	0	0	0	0	0	0	0	0	0	0	0	0	0	0	0	0	0	0	0	0	0	0	0.892857142857143	0	0	0	0	0.107142857142857	0
0	0	0.679245283018868	0	0	0	0	0	0	0	0	0	0	0	0	0	0	0	0	0	0	0	0	0	0	0	0	0	0	0	0	0	0	0	0	0	0	0	0	0	0	0	0	0	0	0	0.320754716981132	0	0	0	0
0	0	0	0	0	0	0	0	0	0	0	0	0	0	0	0	0	0	0	0	0.142857142857143	0	0	0	0	0	0.107142857142857	0	0	0	0	0	0	0	0	0	0	0	0	0	0	0	0	0	0.75	0	0	0	0	0	0
0	0.313253012048193	0	0	0	0	0	0	0	0	0	0	0	0	0.180722891566265	0	0	0	0	0	0	0	0	0	0	0	0	0	0	0	0	0.120481927710843	0	0	0	0	0	0	0	0	0	0	0	0	0	0	0	0	0.385542168674699	0	0
0	0	0.480519480519481	0	0	0	0	0	0	0	0	0	0	0	0	0	0	0	0	0	0	0	0	0	0	0	0	0	0	0	0	0	0	0	0	0	0	0	0	0	0	0	0	0	0	0	0.519480519480519	0	0	0	0
0	0	0	0	0	0	0	0	0	0	0	0	0	0	0	0	0	0	0	0	0	0	0	0	0	0	0.119565217391304	0.260869565217391	0	0	0	0	0	0	0	0	0	0	0	0	0	0	0	0	0.619565217391304	0	0	0	0	0	0
0	0	0	0	0	0	0	0	0	0	0	0	0	0	0	0	0	0	0	0.120879120879121	0	0	0	0	0	0	0	0	0	0.879120879120879	0	0	0	0	0	0	0	0	0	0	0	0	0	0	0	0	0	0	0	0	0
0	0	0	0	0.153225806451613	0	0	0	0	0	0	0	0	0	0	0	0	0	0	0	0	0	0	0	0	0	0	0	0	0.846774193548387	0	0	0	0	0	0	0	0	0	0	0	0	0	0	0	0	0	0	0	0	0
0	0	0	0	0	0	0	0	0	0	0	0	0	0	0	0	0	0	0	0	0	0	0	0	0	0	0	0	0	0.761904761904762	0	0	0	0	0	0.0714285714285714	0	0	0	0.166666666666667	0	0	0	0	0	0	0	0	0	0	0
0	0	0	0	0	0	0	0	0	0	0	0	0	0	0	0	0	0	0	0	0	0	0	0	0	0	0	0	0	0.865168539325843	0	0	0	0	0	0	0	0	0	0	0	0	0	0.134831460674157	0	0	0	0	0	0	0
0	0	0.816326530612245	0	0	0	0	0	0	0	0	0	0	0	0	0	0	0	0	0	0	0	0	0	0	0	0	0	0	0	0	0.102040816326531	0	0	0	0	0	0	0	0	0	0	0	0	0	0	0	0	0	0.0816326530612245	0
0	0	0	0	0	0	0	0	0	0	0	0	0	0	0	0	0	0	0	0	0	0	0	0	0	0	0	0	0	0	0	0	0	0	0	0	0	0	0	0.318181818181818	0	0	0	0	0	0	0.681818181818182	0	0	0	0
0	0	0	0	0	0	0	0	0	0	0	0	0	0	0	0	0	0	0	0	0	0	0	0	0	0	0	0	0	0	0	0	0	0	0	0	0	0	0	0	0	0	0	0	0.674157303370786	0.325842696629214	0	0	0	0	0
0	0	0	0	0	0	0	0	0	0	0	0	0	0	0	0	0	0	0	0	0	0	0	0	0	0	0	0	0	0	0	0	0	0.0729166666666667	0	0	0	0	0.229166666666667	0	0	0	0	0	0.604166666666667	0	0	0	0	0.09375	0
0.0617283950617284	0	0.938271604938272	0	0	0	0	0	0	0	0	0	0	0	0	0	0	0	0	0	0	0	0	0	0	0	0	0	0	0	0	0	0	0	0	0	0	0	0	0	0	0	0	0	0	0	0	0	0	0	0
0	0.666666666666667	0	0	0	0	0	0	0	0	0	0	0	0	0	0	0	0	0	0	0	0	0	0	0	0	0	0	0	0	0	0	0	0	0	0	0	0	0	0	0	0	0	0	0	0	0.333333333333333	0	0	0	0
0	0.563218390804598	0	0	0	0	0	0	0	0	0	0	0	0	0	0	0	0	0	0	0	0	0	0	0	0	0	0	0	0	0	0	0	0	0	0	0	0	0	0	0	0	0	0	0	0	0.436781609195402	0	0	0	0
0	0	0	0	0	0	0	0	0	0	0	0	0	0	0	0	0	0	0	0	0	0	0	0	0	0	0	0	0	1	0	0	0	0	0	0	0	0	0	0	0	0	0	0	0	0	0	0	0	0	0
0	0	0	0	0	0	0	0	0	0	0	0	0	0	0	0	0	0	0	0	0	0	0	0	0	0	0	0	0	0.868686868686869	0	0	0	0	0	0	0	0.131313131313131	0	0	0	0	0	0	0	0	0	0	0	0	0
0	0	0.466666666666667	0	0	0	0	0	0.0777777777777778	0	0	0	0	0	0	0	0	0	0	0	0	0	0	0	0	0.277777777777778	0	0	0	0	0	0	0	0	0	0	0	0	0	0	0	0.177777777777778	0	0	0	0	0	0	0	0	0
0	0	0.738636363636364	0	0	0	0	0	0	0	0	0	0	0	0	0	0	0	0	0	0	0	0	0	0	0	0	0	0	0	0	0	0	0	0	0	0	0	0	0	0	0	0	0	0	0	0.261363636363636	0	0	0	0
0	0	0.227722772277228	0	0	0	0	0	0	0	0	0	0	0	0	0	0	0	0.207920792079208	0	0	0	0	0	0	0	0	0	0	0	0	0	0	0	0	0	0	0	0.178217821782178	0	0	0	0	0	0	0	0.386138613861386	0	0	0	0
0	0	0	0	0	0	0	0	0	0.193181818181818	0	0	0	0	0.181818181818182	0	0	0	0	0	0	0	0	0	0	0	0	0	0	0.625	0	0	0	0	0	0	0	0	0	0	0	0	0	0	0	0	0	0	0	0	0
0	0.318840579710145	0	0	0	0	0	0	0	0	0.0869565217391304	0	0	0	0.188405797101449	0	0	0	0	0	0	0	0	0	0	0	0	0	0	0	0	0	0	0	0	0	0	0	0	0	0	0	0	0	0	0	0.405797101449275	0	0	0	0
0	0.471264367816092	0	0	0	0	0	0	0	0	0	0	0	0	0	0	0	0	0	0	0	0	0	0	0	0	0	0	0	0.528735632183908	0	0	0	0	0	0	0	0	0	0	0	0	0	0	0	0	0	0	0	0	0
0	0	0.524390243902439	0	0	0	0	0	0	0	0	0	0	0	0	0	0	0	0	0	0	0	0	0	0	0	0	0	0	0	0	0	0	0	0	0	0	0	0	0	0	0	0	0	0	0	0.475609756097561	0	0	0	0
0	0	0	0	0	0	0	0	0	0	0	0	0	0	0	0	0	0	0	0	0	0	0	0	0	0	0	0	0	1	0	0	0	0	0	0	0	0	0	0	0	0	0	0	0	0	0	0	0	0	0
0	0	0.811111111111111	0	0	0	0	0	0	0	0	0	0	0	0	0.188888888888889	0	0	0	0	0	0	0	0	0	0	0	0	0	0	0	0	0	0	0	0	0	0	0	0	0	0	0	0	0	0	0	0	0	0	0
0	0	0	0	0	0	0	0	0	0	0	0	0	0	0	0	0	0	0	0	0	0	0	0.222222222222222	0	0	0	0	0	0	0	0	0	0	0	0	0	0	0	0	0	0	0	0	0.777777777777778	0	0	0	0	0	0
0	0	0	0	0	0	0	0	0	0	0.0740740740740741	0	0	0	0	0	0	0	0	0	0	0	0	0	0	0	0	0	0	0.925925925925926	0	0	0	0	0	0	0	0	0	0	0	0	0	0	0	0	0	0	0	0	0
0	0	0.635294117647059	0	0	0	0	0	0	0	0	0	0	0	0	0	0	0	0	0	0	0	0	0	0	0	0	0	0	0	0	0	0	0	0	0	0	0	0	0	0	0	0	0	0	0	0.364705882352941	0	0	0	0
0	0	0.806451612903226	0	0	0	0	0	0	0	0	0	0.193548387096774	0	0	0	0	0	0	0	0	0	0	0	0	0	0	0	0	0	0	0	0	0	0	0	0	0	0	0	0	0	0	0	0	0	0	0	0	0	0
0	0	0	0	0	0	0	0	0	0	0	0	0	0	0	0	0	0	0	0	0	0	0	0	0	0	0	0	0	1	0	0	0	0	0	0	0	0	0	0	0	0	0	0	0	0	0	0	0	0	0
0	0.488372093023256	0	0	0	0	0	0	0	0	0	0	0	0	0	0	0	0	0	0	0	0	0	0	0	0	0	0	0.511627906976744	0	0	0	0	0	0	0	0	0	0	0	0	0	0	0	0	0	0	0	0	0	0
0	0	0	0	0	0	0	0	0	0	0	0	0	0	0	0	0	0	0	0	0	0	0	0	0	0	0	0	0	0.933333333333333	0	0	0	0	0	0.0666666666666667	0	0	0	0	0	0	0	0	0	0	0	0	0	0	0
0	0	0.5	0	0	0	0	0	0	0	0	0	0	0	0	0	0	0	0	0	0	0	0	0	0	0	0	0	0	0	0	0	0	0	0	0	0	0	0	0	0	0	0	0	0	0	0.5	0	0	0	0
0	0	0	0	0	0	0	0	0	0.25	0	0	0	0	0	0	0	0	0	0	0	0	0	0	0	0	0	0	0	0	0	0	0	0	0	0	0.12	0	0	0	0	0	0	0	0	0	0.63	0	0	0	0
0	0	0	0	0	0	0	0	0	0	0	0	0	0	0	0	0	0	0	0	0	0	0	0	0	0	0.13953488372093	0	0	0	0	0	0	0	0	0	0	0	0	0	0	0	0	0	0.86046511627907	0	0	0	0	0	0
0	0	0	0	0	0	0	0	0	0	0	0	0	0	0	0	0	0	0	0	0	0	0	0	0	0	0	0.347826086956522	0	0	0	0	0	0	0	0	0	0	0	0	0	0	0	0	0.652173913043478	0	0	0	0	0	0
0	0	0	0	0	0	0	0	0	0	0	0	0	0	0	0	0	0	0	0	0	0	0	0	0	0	0	0	0	0.553191489361702	0	0	0	0	0	0	0	0	0	0	0	0	0	0	0.446808510638298	0	0	0	0	0	0
0	0	0	0	0	0	0	0	0	0	0	0	0	0	0	0	0	0	0	0	0	0	0	0	0	0	0	0	0	0.454545454545455	0	0	0	0	0	0	0	0	0	0.191919191919192	0	0	0	0	0	0	0.353535353535354	0	0	0	0
0	0	0	0	0	0	0	0	0	0	0	0	0	0	0	0	0	0	0	0	0	0	0	0	0	0	0	0	0	0.595744680851064	0	0	0	0	0	0	0	0	0	0	0	0	0	0	0	0	0.404255319148936	0	0	0	0
0	0	0.423076923076923	0	0	0	0	0.0641025641025641	0	0	0	0	0	0	0	0	0	0	0	0	0	0	0	0	0	0	0	0	0	0	0	0	0	0	0	0	0	0	0	0	0	0	0	0	0	0	0.512820512820513	0	0	0	0
0	0	0	0	0	0	0	0	0	0	0	0	0	0	0	0	0	0	0	0	0	0	0	0	0	0	0	0	0	0	0	0	0	0	0	0	0	0	0	0	0	0	0	0	0.478260869565217	0	0.521739130434783	0	0	0	0
0	0	0	0	0	0	0	0	0	0	0	0	0	0	0	0	0	0	0	0	0	0	0	0	0	0	0	0	0	1	0	0	0	0	0	0	0	0	0	0	0	0	0	0	0	0	0	0	0	0	0
0	0	0	0	0	0	0	0	0	0	0	0	0	0	0	0	0	0	0	0	0	0	0	0	0	0	0	0	0	0.670103092783505	0	0	0	0	0	0	0	0	0	0	0	0	0	0	0	0	0.329896907216495	0	0	0	0
0	0	0	0	0	0	0	0	0	0	0	0	0	0	0	0	0	0.194805194805195	0	0	0	0	0	0	0	0	0	0	0	0.805194805194805	0	0	0	0	0	0	0	0	0	0	0	0	0	0	0	0	0	0	0	0	0
0	0.905405405405405	0	0	0	0.0945945945945946	0	0	0	0	0	0	0	0	0	0	0	0	0	0	0	0	0	0	0	0	0	0	0	0	0	0	0	0	0	0	0	0	0	0	0	0	0	0	0	0	0	0	0	0	0
0	0.440366972477064	0.412844036697248	0	0	0	0	0	0	0	0	0	0	0	0	0.146788990825688	0	0	0	0	0	0	0	0	0	0	0	0	0	0	0	0	0	0	0	0	0	0	0	0	0	0	0	0	0	0	0	0	0	0	0
0	0	0	0	0	0	0	0	0	0	0	0	0	0	0	0	0	0	0	0	0	0	0	0	0	0	0	0	0	0.139240506329114	0	0	0	0	0	0	0	0	0	0	0.329113924050633	0	0	0.151898734177215	0	0	0.379746835443038	0	0	0	0
0	0	0.3125	0	0	0	0	0	0	0	0	0	0	0	0	0	0	0	0	0	0	0	0	0	0	0	0	0	0	0	0	0	0	0	0	0	0	0	0	0	0	0.1875	0	0	0	0	0	0.2875	0	0	0.2125
0	0	0	0	0	0	0	0	0	0	0	0	0	0	0	0	0	0	0	0	0	0	0	0	0	0	0	0	0	0.679611650485437	0	0	0	0	0	0	0	0	0	0	0	0	0	0	0	0	0.320388349514563	0	0	0	0
0	0	0	0	0	0	0	0	0	0	0	0	0	0	0	0	0	0	0	0	0	0	0	0	0	0	0	0	0	0.618556701030928	0	0	0	0	0	0	0	0	0	0	0	0	0	0	0	0	0.381443298969072	0	0	0	0
0	0	0	0	0.123595505617978	0	0	0	0	0	0	0	0	0	0	0	0	0	0	0	0	0	0	0	0	0	0	0	0	0.876404494382023	0	0	0	0	0	0	0	0	0	0	0	0	0	0	0	0	0	0	0	0	0
0	0.825581395348837	0	0	0.174418604651163	0	0	0	0	0	0	0	0	0	0	0	0	0	0	0	0	0	0	0	0	0	0	0	0	0	0	0	0	0	0	0	0	0	0	0	0	0	0	0	0	0	0	0	0	0	0
0	0.905660377358491	0	0	0	0.0943396226415094	0	0	0	0	0	0	0	0	0	0	0	0	0	0	0	0	0	0	0	0	0	0	0	0	0	0	0	0	0	0	0	0	0	0	0	0	0	0	0	0	0	0	0	0	0
0	0.878048780487805	0	0	0	0	0	0	0	0	0	0	0	0	0	0	0	0	0	0	0	0	0	0	0	0	0	0	0	0	0	0	0	0	0	0	0	0.121951219512195	0	0	0	0	0	0	0	0	0	0	0	0	0
0	0	0.645161290322581	0	0	0	0	0	0	0	0	0	0	0	0	0	0	0	0	0	0	0	0	0	0	0	0	0	0	0	0	0	0	0	0	0	0	0	0	0	0	0	0	0	0	0	0.354838709677419	0	0	0	0
0	0	0	0	0	0	0	0	0	0	0	0	0	0	0	0	0	0	0	0	0	0	0	0	0	0	0	0	0	0	0	0	0	0	0	0	0	0	0	0	0	0	0	0	0.645833333333333	0	0.354166666666667	0	0	0	0
0	0.692307692307692	0	0	0	0	0	0	0	0	0	0	0	0	0	0	0	0	0	0	0	0	0	0	0	0	0	0	0	0	0	0	0	0	0	0	0	0	0	0	0	0	0	0	0.307692307692308	0	0	0	0	0	0
0	0	0	0	0	0	0	0	0	0	0	0	0	0	0	0	0	0	0	0	0	0	0	0	0.0879120879120879	0	0	0	0	0.582417582417582	0	0	0	0	0	0	0	0	0	0	0	0	0	0	0	0	0.32967032967033	0	0	0	0
0	0	0.397727272727273	0	0	0	0	0	0	0	0	0	0	0	0	0	0	0	0	0	0	0	0	0	0	0	0	0	0	0	0	0	0	0	0	0	0	0	0	0.227272727272727	0	0	0	0	0	0	0.375	0	0	0	0
0	0	0	0	0	0	0	0	0	0	0	0	0	0.074468085106383	0	0	0	0	0	0	0	0	0	0	0	0	0	0	0	0	0	0	0	0	0	0	0	0	0	0	0	0	0	0	0.446808510638298	0	0.478723404255319	0	0	0	0
0	0	0	0	0	0	0	0	0	0	0	0	0	0	0	0	0	0	0	0	0	0	0	0.20253164556962	0	0	0	0	0	0.79746835443038	0	0	0	0	0	0	0	0	0	0	0	0	0	0	0	0	0	0	0	0	0
0	0	0	0	0	0	0	0	0	0	0	0	0	0	0	0	0	0	0	0	0	0	0	0	0	0	0	0	0	0.561643835616438	0	0	0	0	0	0	0	0	0	0	0	0	0	0	0	0	0.438356164383562	0	0	0	0
0	0.836734693877551	0	0	0	0	0	0	0	0	0	0	0	0	0	0	0	0	0	0	0	0	0	0	0	0	0	0	0	0	0	0	0	0	0	0	0	0	0	0	0	0	0	0.163265306122449	0	0	0	0	0	0	0
0	0	0.774774774774775	0	0	0	0	0	0	0	0	0	0	0	0	0	0	0	0	0	0	0	0	0	0	0	0	0	0	0	0.225225225225225	0	0	0	0	0	0	0	0	0	0	0	0	0	0	0	0	0	0	0	0
0	0	0	0	0	0	0	0	0	0	0	0	0	0	0	0	0	0	0	0	0	0	0	0	0	0.283950617283951	0	0	0	0	0	0	0	0	0	0	0	0	0	0	0	0	0	0	0.716049382716049	0	0	0	0	0	0
0	0.877777777777778	0	0	0	0	0	0	0	0	0	0	0	0	0	0	0.122222222222222	0	0	0	0	0	0	0	0	0	0	0	0	0	0	0	0	0	0	0	0	0	0	0	0	0	0	0	0	0	0	0	0	0	0
0	0.471264367816092	0.482758620689655	0	0	0	0	0	0	0	0	0	0	0	0	0	0	0	0	0	0	0	0	0	0	0	0	0	0	0	0	0	0.0459770114942529	0	0	0	0	0	0	0	0	0	0	0	0	0	0	0	0	0	0
0	0	0.89247311827957	0	0	0	0	0	0	0	0	0	0	0	0	0	0	0	0	0	0	0	0	0	0	0	0	0	0	0	0	0	0	0	0	0	0	0	0	0	0	0	0	0	0	0	0	0	0	0.10752688172043	0
0	0	0	0	0	0	0	0	0	0	0	0	0	0	0	0	0	0	0	0	0	0	0.207792207792208	0	0	0	0	0	0	0	0	0	0	0	0	0	0	0	0	0	0	0	0	0	0.428571428571429	0	0.363636363636364	0	0	0	0
0	0	0	0	0	0	0	0	0	0	0	0	0	0	0	0	0	0	0	0	0	0	0	0	0	0	0	0	0	0	0	0	0	0	0	0	0	0	0	0	0	0	0	0	0	0	0.701149425287356	0	0	0	0.298850574712644
0	0	0.666666666666667	0	0	0	0	0	0	0	0	0	0	0	0	0	0	0	0	0	0	0	0	0	0	0	0	0	0	0	0	0	0	0	0	0	0	0	0	0	0	0	0	0	0	0	0.333333333333333	0	0	0	0
0	0	0	0	0	0	0	0	0	0	0	0	0	0	0	0	0	0	0	0	0	0	0	0	0	0	0	0	0	0.895348837209302	0	0	0	0	0	0	0.104651162790698	0	0	0	0	0	0	0	0	0	0	0	0	0	0
0	0	0	0	0	0	0	0	0	0	0	0	0	0	0	0	0	0.221238938053097	0	0	0	0	0	0	0	0	0	0	0	0	0	0	0	0	0	0	0	0	0	0	0	0	0	0	0.778761061946903	0	0	0	0	0	0
0	0.288888888888889	0	0	0	0	0	0	0	0	0	0	0.144444444444444	0	0	0	0	0	0	0	0	0	0.211111111111111	0	0	0	0	0	0	0	0	0	0	0	0	0	0	0	0	0	0	0	0	0	0	0	0.355555555555556	0	0	0	0
0	0	0	0	0	0	0	0	0	0	0	0	0	0	0	0	0	0	0	0	0	0	0.208791208791209	0	0	0	0	0	0	0.461538461538462	0	0	0	0	0	0	0	0	0	0	0	0	0	0	0	0	0.32967032967033	0	0	0	0
0	0.247191011235955	0.438202247191011	0	0	0	0	0	0	0	0	0	0	0	0	0	0	0	0	0	0	0	0	0	0	0	0	0	0	0	0	0	0	0	0	0	0	0	0	0	0	0	0	0	0	0	0.314606741573034	0	0	0	0
0	0	0	0	0	0	0	0	0	0	0.0777777777777778	0	0	0	0	0	0	0.211111111111111	0	0	0	0	0	0	0	0	0	0	0	0.711111111111111	0	0	0	0	0	0	0	0	0	0	0	0	0	0	0	0	0	0	0	0	0
0	0.724137931034483	0	0	0	0.103448275862069	0	0	0	0.172413793103448	0	0	0	0	0	0	0	0	0	0	0	0	0	0	0	0	0	0	0	0	0	0	0	0	0	0	0	0	0	0	0	0	0	0	0	0	0	0	0	0	0
0	0	1	0	0	0	0	0	0	0	0	0	0	0	0	0	0	0	0	0	0	0	0	0	0	0	0	0	0	0	0	0	0	0	0	0	0	0	0	0	0	0	0	0	0	0	0	0	0	0	0
0	0	0	0.120481927710843	0	0.168674698795181	0	0	0	0	0	0	0	0	0	0	0	0	0	0	0	0	0	0	0	0	0	0	0	0	0	0	0	0	0	0	0	0	0	0	0	0	0	0	0.710843373493976	0	0	0	0	0	0
0	0	0	0	0	0	0.295918367346939	0	0	0	0	0	0.13265306122449	0	0	0	0	0	0	0	0	0	0	0	0	0	0	0	0	0.571428571428571	0	0	0	0	0	0	0	0	0	0	0	0	0	0	0	0	0	0	0	0	0
0	0	0	0	0	0	0	0	0	0	0	0	0	0	0	0	0	0	0	0	0	0	0	0	0	0	0	0	0	0.793814432989691	0	0	0	0	0	0	0	0	0	0.206185567010309	0	0	0	0	0	0	0	0	0	0	0
0	0.531645569620253	0	0	0	0	0	0	0	0	0	0	0.177215189873418	0	0	0	0	0	0	0	0	0	0	0	0	0	0	0	0	0	0	0	0	0	0.177215189873418	0	0.113924050632911	0	0	0	0	0	0	0	0	0	0	0	0	0	0
0	0	0	0	0	0	0	0	0	0	0	0	0	0	0	0	0	0	0	0	0	0	0	0	0	0	0	0	0	0	0	0	0	0	0	0	0	0	0	0	0	0	0	0	1	0	0	0	0	0	0
0	0	0.821917808219178	0	0	0	0	0	0	0	0	0	0	0	0	0	0	0	0	0	0	0	0	0	0.0958904109589041	0	0	0	0	0	0	0	0	0	0	0.0821917808219178	0	0	0	0	0	0	0	0	0	0	0	0	0	0	0
0	0	0.714285714285714	0	0	0	0	0	0	0	0	0	0	0	0	0	0	0	0	0	0	0	0	0	0	0	0	0	0	0	0	0	0	0	0	0	0	0	0	0	0	0	0	0	0	0	0.285714285714286	0	0	0	0
0	0	0	0	0	0	0	0	0	0	0	0.162790697674419	0	0	0	0	0	0	0	0	0	0	0	0	0	0	0	0	0	0	0	0	0	0	0	0	0	0	0	0	0	0	0	0	0.837209302325581	0	0	0	0	0	0
0	0	0.409090909090909	0	0	0	0	0	0	0	0	0	0	0	0	0	0	0	0	0	0	0	0	0	0	0	0	0	0	0	0	0	0	0	0	0	0	0	0	0	0	0	0	0	0	0	0.590909090909091	0	0	0	0
0	0	0.469135802469136	0	0	0	0	0	0	0	0	0	0.148148148148148	0	0	0	0	0	0	0	0	0	0	0	0	0	0	0	0	0	0.296296296296296	0	0	0	0	0.0864197530864197	0	0	0	0	0	0	0	0	0	0	0	0	0	0	0
